10 1.716848e-02, 4.857226e-17; 6.493227e-02, -1.370432e-16 
30 3.131889e-02, -1.526557e-16; 6.645442e-02, -2.540828e-16 
50 3.131889e-02, -1.526557e-16; 6.645442e-02, -2.540828e-16 
70 4.361240e-02, 0; 5.570522e-02, -1.418136e-16 
90 3.599891e-02, 6.938894e-17; 5.279232e-02, 1.452831e-17 
110 3.599891e-02, 6.938894e-17; 5.279232e-02, 1.452831e-17 
130 4.009355e-02, -2.775558e-16; 5.294647e-02, -3.180236e-16 
150 4.009355e-02, -2.775558e-16; 5.294647e-02, -3.180236e-16 
170 4.386865e-02, -4.302114e-16; 5.252071e-02, -1.398079e-16 
190 4.386865e-02, -4.302114e-16; 5.252071e-02, -1.398079e-16 
210 4.280044e-02, -1.387779e-16; 5.192995e-02, -9.717399e-16 
230 4.280044e-02, -1.387779e-16; 5.192995e-02, -9.717399e-16 
250 4.280044e-02, -1.387779e-16; 5.192995e-02, -9.717399e-16 
1000 4.883769e-02 -2.955969e-15 5.058801e-02 -7.398460e-16 
2000 4.869517e-02 -4.284767e-15 5.037342e-02 -1.959370e-15 
5000 4.942107e-02 -1.353084e-15 5.026178e-02 -2.154674e-15 
10000 4.974780e-02 1.432491e-14 5.021943e-02 3.550613e-15 
