#square and square, nu_xymn_2
#MM NN: 3 1
#quadrature order: 16
#numpanels            c*(gradu.n)^2                      BEM        0.5*(gradu)^2 ex.       Boundary Formula 1       Boundary Formula 2
        18                        0        0.352344732253711                        0        0.362682919841361        0.362682919841361                        0
        27                        0        0.367322272018876                        0        0.406395381581485        0.406395381581485                        0
        36                        0        0.359697979380356                        0        0.371960349944226        0.371960349944226                        0
        45                        0         0.36687555363005                        0        0.434947504035508        0.434947504035508                        0
        54                        0        0.359761942388023                        0        0.357134017432953        0.357134017432953                        0
        63                        0        0.347576952319588                        0        0.361064162702764        0.361064162702764                        0
        72                        0        0.355351694171454                        0        0.398656744298631        0.398656744298631                        0
        81                        0        0.346759546993961                        0        0.340423247421634        0.340423247421634                        0
        90                        0         0.34651778434648                        0        0.362535344513688        0.362535344513688                        0
        99                        0        0.349534242479249                        0        0.367117018828974        0.367117018828974                        0
       108                        0        0.344626669818737                        0        0.339624294537066        0.339624294537066                        0
       117                        0        0.346105489454984                        0        0.361544209983527        0.361544209983527                        0
       126                        0        0.346541023915829                        0        0.350846638089788        0.350846638089788                        0
       135                        0         0.34436503066419                        0        0.343042109347247        0.343042109347247                        0
       144                        0        0.345753668802165                        0        0.358469969508529        0.358469969508529                        0
       153                        0        0.345041691961799                        0        0.343771805341064        0.343771805341064                        0
       162                        0        0.344442040952716                        0        0.346435019771294        0.346435019771294                        0
       171                        0        0.345355679146164                        0        0.353868447050763        0.353868447050763                        0
       180                        0        0.344429567441137                        0        0.341926480114077        0.341926480114077                        0
       189                        0        0.344526774800367                        0        0.348665818307417        0.348665818307417                        0
       198                        0         0.34494150840538                        0        0.349215847202103        0.349215847202103                        0
       207                        0        0.344245249158708                        0         0.34248998544118         0.34248998544118                        0
       216                        0        0.344556315227667                        0        0.349412322668114        0.349412322668114                        0
       225                        0        0.344591115969883                        0        0.345785087487865        0.345785087487865                        0
       234                        0        0.344229015145497                        0         0.34389590069518         0.34389590069518                        0
       243                        0        0.344529008494922                        0        0.348843006256231        0.348843006256231                        0
       252                        0        0.344362206476039                        0         0.34398088122048         0.34398088122048                        0
       261                        0        0.344258107890809                        0        0.345269144075471        0.345269144075471                        0
       270                        0        0.344458927010989                        0        0.347483516717047        0.347483516717047                        0
       279                        0        0.344247625899655                        0        0.343483391334118        0.343483391334118                        0
       288                        0         0.34428464858137                        0        0.346157580980991        0.346157580980991                        0
       297                        0        0.344370280619647                        0        0.345985638172085        0.345985638172085                        0
       306                        0        0.344207301247975                        0        0.343762829056779        0.343762829056779                        0
       315                        0        0.344294263332458                        0        0.346419116427223        0.346419116427223                        0
       324                        0        0.344289811746958                        0        0.344837724038749        0.344837724038749                        0
       333                        0        0.344203010496158                        0        0.344345166242266        0.344345166242266                        0
       342                        0        0.344285771224829                        0        0.346149683204082        0.346149683204082                        0
       351                        0        0.344233559923361                        0        0.344219217458751        0.344219217458751                        0
       360                        0        0.344210315133134                        0        0.344893244973222        0.344893244973222                        0
       369                        0        0.344264092720672                        0        0.345588422272752        0.345588422272752                        0
       378                        0        0.344202916589145                        0         0.34406549172459         0.34406549172459                        0
       387                        0        0.344216992924952                        0        0.345221038552509        0.345221038552509                        0
       396                        0        0.344237286738116                        0        0.344995362445966        0.344995362445966                        0
       405                        0        0.344190760764679                        0        0.344202518209243        0.344202518209243                        0
       414                        0        0.344218372774556                        0        0.345280850712969        0.345280850712969                        0
       423                        0        0.344213027738679                        0        0.344549863553515        0.344549863553515                        0
       432                        0        0.344188551391445                        0        0.344447760545259        0.344447760545259                        0
       441                        0        0.344213958101541                        0         0.34512871556566         0.34512871556566                        0
       450                        0        0.344195622109676                        0        0.344315831223599        0.344315831223599                        0
       459                        0        0.344189863995803                        0        0.344663524201564        0.344663524201564                        0
       468                        0        0.344205553222987                        0        0.344872389725864        0.344872389725864                        0
       477                        0        0.344185565461587                        0        0.344266435142378        0.344266435142378                        0
       486                        0         0.34419098945922                        0        0.344776468515765        0.344776468515765                        0
       495                        0        0.344195868531268                        0        0.344617614600211        0.344617614600211                        0
       504                        0        0.344181046096473                        0        0.344330234856476        0.344330234856476                        0
       513                        0        0.344190365024257                        0        0.344774393135463        0.344774393135463                        0
       522                        0        0.344187257216985                        0        0.344432437556134        0.344432437556134                        0
       531                        0        0.344179664813647                        0        0.344430978423201        0.344430978423201                        0
       540                        0        0.344187861696649                        0        0.344687909817351        0.344687909817351                        0
       549                        0        0.344180964805951                        0        0.344338161318349        0.344338161318349                        0
       558                        0        0.344179450214319                        0        0.344511935106755        0.344511935106755                        0
       567                        0        0.344184160640739                        0        0.344565372319409        0.344565372319409                        0
       576                        0        0.344177108442373                        0        0.344320291990233        0.344320291990233                        0
       585                        0        0.344179180385927                        0        0.344545195354115        0.344545195354115                        0
       594                        0        0.344180197679236                        0        0.344450481367809        0.344450481367809                        0
       603                        0        0.344175113530398                        0        0.344346976212244        0.344346976212244                        0
       612                        0         0.34417833021932                        0        0.344529384461739        0.344529384461739                        0
       621                        0        0.344176733384576                        0        0.344369376922364        0.344369376922364                        0
       630                        0        0.344174201410946                        0         0.34438548612998         0.34438548612998                        0
       639                        0         0.34417688003468                        0        0.344480321500229        0.344480321500229                        0
       648                        0         0.34417414610026                        0        0.344328483491303        0.344328483491303                        0
       657                        0        0.344173707458632                        0         0.34441252460865         0.34441252460865                        0
       666                        0        0.344175089326963                        0        0.344419603155371        0.344419603155371                        0
       675                        0         0.34417244914584                        0        0.344319762127826        0.344319762127826                        0
       684                        0        0.344173209558369                        0        0.344417818069221        0.344417818069221                        0
       693                        0        0.344173288085504                        0         0.34436538653895         0.34436538653895                        0
       702                        0        0.344171432772676                        0        0.344328637757936        0.344328637757936                        0
       711                        0        0.344172529634992                        0        0.344402451814064        0.344402451814064                        0
