#square and square, nu_xymn_2
#MM NN: 1 4
#quadrature order: 16
#numpanels            c*(gradu.n)^2                      BEM        0.5*(gradu)^2 ex.       Boundary Formula 1       Boundary Formula 2
        18                        0       -0.163984586304997                        0       -0.169622092032127       -0.169622092032127                        0
        27                        0       -0.168119484913424                        0       -0.177195280875737       -0.177195280875737                        0
        36                        0       -0.170289071725884                        0       -0.186422087764943       -0.186422087764943                        0
        45                        0       -0.171696318897583                        0       -0.212396280426522       -0.212396280426522                        0
        54                        0       -0.174590828934165                        0       -0.186390004874974       -0.186390004874974                        0
        63                        0       -0.169342267524647                        0       -0.188443708403528       -0.188443708403528                        0
        72                        0       -0.172993322784208                        0       -0.198717315776637       -0.198717315776637                        0
        81                        0       -0.170540149122215                        0       -0.178014159682165       -0.178014159682165                        0
        90                        0       -0.170283088421298                        0        -0.18490645800227        -0.18490645800227                        0
        99                        0       -0.171701401436582                        0       -0.183505426578211       -0.183505426578211                        0
       108                        0       -0.170092104075438                        0       -0.174450035018566       -0.174450035018566                        0
       117                        0       -0.170581396703199                        0       -0.181362725635807       -0.181362725635807                        0
       126                        0       -0.170887514916097                        0       -0.175849822321153       -0.175849822321153                        0
       135                        0       -0.170138860292522                        0       -0.173568454363214       -0.173568454363214                        0
       144                        0       -0.170640924055261                        0       -0.178108654830733       -0.178108654830733                        0
       153                        0       -0.170451170284031                        0       -0.172305653838786       -0.172305653838786                        0
       162                        0       -0.170226476764286                        0       -0.173500570569422       -0.173500570569422                        0
       171                        0       -0.170578638369661                        0       -0.175149715160953       -0.175149715160953                        0
       180                        0       -0.170269230594314                        0       -0.171029808677148       -0.171029808677148                        0
       189                        0       -0.170289604795376                        0       -0.173465094285464       -0.173465094285464                        0
       198                        0       -0.170460005116896                        0        -0.17286223631077        -0.17286223631077                        0
       207                        0       -0.170215961823118                        0       -0.170840975660105       -0.170840975660105                        0
       216                        0       -0.170322229071381                        0       -0.173136715013798       -0.173136715013798                        0
       225                        0       -0.170345985449637                        0       -0.171405354570952       -0.171405354570952                        0
       234                        0       -0.170215218084393                        0       -0.171070939534905       -0.171070939534905                        0
       243                        0       -0.170325968250406                        0       -0.172508103746545       -0.172508103746545                        0
       252                        0       -0.170269289527498                        0       -0.170679241943023       -0.170679241943023                        0
       261                        0       -0.170229355229646                        0       -0.171341700465432       -0.171341700465432                        0
       270                        0       -0.170306876520987                        0       -0.171765608539237       -0.171765608539237                        0
       279                        0       -0.170230672977053                        0       -0.170459466969927       -0.170459466969927                        0
       288                        0       -0.170242678065132                        0       -0.171462896075799       -0.171462896075799                        0
       297                        0        -0.17027697024201                        0       -0.171117486612072       -0.171117486612072                        0
       306                        0       -0.170217376044262                        0       -0.170516875631502       -0.170516875631502                        0
       315                        0       -0.170249397718264                        0       -0.171385425753669       -0.171385425753669                        0
       324                        0       -0.170248723255296                        0       -0.170679267603094       -0.170679267603094                        0
       333                        0       -0.170216722252109                        0       -0.170668897348143       -0.170668897348143                        0
       342                        0       -0.170248306553647                        0       -0.171160622414611       -0.171160622414611                        0
       351                        0       -0.170228950337811                        0        -0.17046150734338        -0.17046150734338                        0
       360                        0       -0.170220358126415                        0       -0.170794671225404       -0.170794671225404                        0
       369                        0       -0.170241239120291                        0       -0.170884296887559       -0.170884296887559                        0
       378                        0       -0.170218327150639                        0       -0.170410398507906       -0.170410398507906                        0
       387                        0       -0.170223796314843                        0       -0.170836123241465       -0.170836123241465                        0
       396                        0       -0.170231715259493                        0        -0.17064179598973        -0.17064179598973                        0
       405                        0       -0.170214343161256                        0       -0.170451028873386       -0.170451028873386                        0
       414                        0       -0.170225078074797                        0        -0.17078910566922        -0.17078910566922                        0
       423                        0       -0.170222993581321                        0       -0.170478647537039       -0.170478647537039                        0
       432                        0       -0.170213969944334                        0       -0.170516107464928       -0.170516107464928                        0
       441                        0       -0.170223890760258                        0       -0.170684439397082       -0.170684439397082                        0
       450                        0       -0.170216802680414                        0       -0.170399860873516       -0.170399860873516                        0
       459                        0        -0.17021487601423                        0       -0.170560569597104       -0.170560569597104                        0
       468                        0       -0.170220973676539                        0       -0.170564079439475       -0.170564079439475                        0
       477                        0       -0.170213331510455                        0        -0.17038441097393        -0.17038441097393                        0
       486                        0       -0.170215649451751                        0       -0.170565434054093       -0.170565434054093                        0
       495                        0       -0.170217477184876                        0       -0.170461775344266       -0.170461775344266                        0
       504                        0       -0.170211900914808                        0        -0.17040191671881        -0.17040191671881                        0
       513                        0         -0.1702156630538                        0       -0.170533547068569       -0.170533547068569                        0
       522                        0        -0.17021437078966                        0       -0.170394197979786       -0.170394197979786                        0
       531                        0       -0.170211616215274                        0       -0.170425151473077       -0.170425151473077                        0
       540                        0        -0.17021486819693                        0       -0.170480352113283       -0.170480352113283                        0
       549                        0       -0.170212145298326                        0       -0.170361757717294       -0.170361757717294                        0
       558                        0        -0.17021173304437                        0       -0.170436771077444       -0.170436771077444                        0
       567                        0       -0.170213559368346                        0       -0.170423848416279       -0.170423848416279                        0
       576                        0       -0.170210838790166                        0       -0.170354616585132       -0.170354616585132                        0
       585                        0       -0.170211781891953                        0       -0.170430739057937       -0.170430739057937                        0
       594                        0       -0.170212131047216                        0       -0.170377398107922       -0.170377398107922                        0
       603                        0       -0.170210224906976                        0       -0.170359588759407       -0.170359588759407                        0
       612                        0       -0.170211562852667                        0       -0.170409880924645       -0.170409880924645                        0
       621                        0       -0.170210893150448                        0       -0.170346881906225       -0.170346881906225                        0
       630                        0       -0.170210002099033                        0         -0.1703653954492         -0.1703653954492                        0
       639                        0       -0.170211079688771                        0       -0.170381555450027       -0.170381555450027                        0
       648                        0       -0.170209992957826                        0       -0.170331496804572       -0.170331496804572                        0
       657                        0       -0.170209913749153                        0       -0.170365365678841       -0.170365365678841                        0
       666                        0       -0.170210448129784                        0        -0.17035344625682        -0.17035344625682                        0
       675                        0       -0.170209430883343                        0       -0.170326453191847       -0.170326453191847                        0
       684                        0       -0.170209798429322                        0       -0.170357738654114       -0.170357738654114                        0
       693                        0       -0.170209807515402                        0       -0.170330823574104       -0.170330823574104                        0
       702                        0       -0.170209121211122                        0       -0.170325925044768       -0.170325925044768                        0
       711                        0        -0.17020959208289                        0       -0.170344330777742       -0.170344330777742                        0
       720                        0        -0.17020926088377                        0       -0.170315649556086       -0.170315649556086                        0
