#square and square, nu_xymn_2
#MM NN: 1 2
#quadrature order: 16
#numpanels            c*(gradu.n)^2                      BEM        0.5*(gradu)^2 ex.       Boundary Formula 1       Boundary Formula 2
        18                        0        0.177213385493308                        0        0.194425140984016        0.194425140984016                        0
        27                        0        0.185196975521482                        0        0.216241151319639        0.216241151319639                        0
        36                        0          0.1836517164684                        0        0.203364464685425        0.203364464685425                        0
        45                        0        0.186030836516526                        0         0.22862586829474         0.22862586829474                        0
        54                        0        0.187110893395088                        0        0.199457596329089        0.199457596329089                        0
        63                        0        0.182898229859583                        0        0.199508196335102        0.199508196335102                        0
        72                        0        0.185999578715004                        0        0.211299848087166        0.211299848087166                        0
        81                        0        0.183708413951974                        0        0.188969219940079        0.188969219940079                        0
        90                        0        0.183503732360145                        0        0.195680025769285        0.195680025769285                        0
        99                        0        0.184823001580108                        0        0.196091195085486        0.196091195085486                        0
       108                        0        0.183252297397412                        0        0.185487972436985        0.185487972436985                        0
       117                        0        0.183701009544267                        0        0.192708653836717        0.192708653836717                        0
       126                        0         0.18403098428915                        0        0.188187502713211        0.188187502713211                        0
       135                        0         0.18325145371253                        0        0.184986723593179        0.184986723593179                        0
       144                        0        0.183729469003282                        0        0.190191574795395        0.190191574795395                        0
       153                        0        0.183570095764484                        0        0.184559926796013        0.184559926796013                        0
       162                        0        0.183316373069832                        0        0.185318201305113        0.185318201305113                        0
       171                        0        0.183662332956027                        0        0.187770886670916        0.187770886670916                        0
       180                        0        0.183366664703552                        0        0.183319608702797        0.183319608702797                        0
       189                        0        0.183369351343978                        0        0.185652914989779        0.185652914989779                        0
       198                        0        0.183547886390567                        0        0.185695008206345        0.185695008206345                        0
       207                        0        0.183301222125347                        0        0.183213552413899        0.183213552413899                        0
       216                        0        0.183397369755349                        0        0.185655952618002        0.185655952618002                        0
       225                        0        0.183434384065469                        0        0.184250320035651        0.184250320035651                        0
       234                        0        0.183294401122424                        0        0.183550038130435        0.183550038130435                        0
       243                        0        0.183400620786869                        0        0.185287676605661        0.185287676605661                        0
       252                        0        0.183354366721186                        0        0.183485054760244        0.183485054760244                        0
       261                        0        0.183305554814437                        0        0.183944955716146        0.183944955716146                        0
       270                        0         0.18338369384738                        0        0.184696776281968        0.184696776281968                        0
       279                        0        0.183311897166904                        0        0.183238057957362        0.183238057957362                        0
       288                        0        0.183317481204193                        0        0.184199259653654        0.184199259653654                        0
       297                        0         0.18335587872241                        0        0.184097087041781        0.184097087041781                        0
       306                        0        0.183295738392899                        0          0.1832964302355          0.1832964302355                        0
       315                        0        0.183323973074964                        0         0.18424526013277         0.18424526013277                        0
       324                        0        0.183328169408361                        0        0.183648343342045        0.183648343342045                        0
       333                        0        0.183293318451271                        0        0.183477318235161        0.183477318235161                        0
       342                        0        0.183323576982094                        0        0.184112136317575        0.184112136317575                        0
       351                        0        0.183307722163374                        0        0.183403923222482        0.183403923222482                        0
       360                        0        0.183296000846618                        0        0.183652391748066        0.183652391748066                        0
       369                        0        0.183317530918075                        0        0.183884546638523        0.183884546638523                        0
       378                        0        0.183296039258897                        0        0.183334051813895        0.183334051813895                        0
       387                        0        0.183299084718809                        0        0.183751431969599        0.183751431969599                        0
       396                        0        0.183308720682168                        0        0.183654279702838        0.183654279702838                        0
       405                        0        0.183291119394251                        0         0.18337242724245         0.18337242724245                        0
       414                        0        0.183300468827708                        0        0.183756624777474        0.183756624777474                        0
       423                        0        0.183300176783897                        0        0.183483230562026        0.183483230562026                        0
       432                        0        0.183290100644129                        0        0.183451275294432        0.183451275294432                        0
       441                        0        0.183299647283092                        0        0.183688647005211        0.183688647005211                        0
       450                        0        0.183293770827714                        0        0.183391890474172        0.183391890474172                        0
       459                        0        0.183290657498104                        0        0.183520087031786        0.183520087031786                        0
       468                        0        0.183297118931779                        0        0.183586603830559        0.183586603830559                        0
       477                        0         0.18328993270988                        0        0.183368782464292        0.183368782464292                        0
       486                        0        0.183291332139316                        0        0.183552391721963        0.183552391721963                        0
       495                        0         0.18329386085015                        0        0.183488164999231        0.183488164999231                        0
       504                        0        0.183288155155146                        0         0.18338707085833         0.18338707085833                        0
       513                        0        0.183291422308973                        0        0.183544214806192        0.183544214806192                        0
       522                        0        0.183290801840901                        0        0.183416958563701        0.183416958563701                        0
       531                        0        0.183287623330614                        0        0.183418765659895        0.183418765659895                        0
       540                        0        0.183290782322565                        0        0.183507009435154        0.183507009435154                        0
       549                        0        0.183288487932607                        0        0.183379735427302        0.183379735427302                        0
       558                        0        0.183287611180181                        0        0.183443355489538        0.183443355489538                        0
       567                        0        0.183289616319053                        0        0.183458316762059        0.183458316762059                        0
       576                        0        0.183287037861048                        0        0.183370568697616        0.183370568697616                        0
       585                        0        0.183287632524361                        0        0.183450990747864        0.183450990747864                        0
       594                        0        0.183288266662045                        0        0.183413667536003        0.183413667536003                        0
       603                        0         0.18328628748499                        0        0.183377570275301        0.183377570275301                        0
       612                        0        0.183287451275748                        0        0.183441457726179        0.183441457726179                        0
       621                        0        0.183287036474057                        0         0.18338208428804         0.18338208428804                        0
       630                        0        0.183285968102612                        0         0.18338880515048         0.18338880515048                        0
       639                        0         0.18328702932948                        0        0.183420642639421        0.183420642639421                        0
       648                        0        0.183286095195674                        0        0.183365479774965        0.183365479774965                        0
       657                        0        0.183285831447641                        0        0.183395928768077        0.183395928768077                        0
       666                        0        0.183286448951991                        0        0.183396344424809        0.183396344424809                        0
       675                        0        0.183285472928884                        0        0.183360659038249        0.183360659038249                        0
       684                        0        0.183285708125863                        0        0.183395380876296        0.183395380876296                        0
       693                        0         0.18328583287261                        0        0.183374979495774        0.183374979495774                        0
       702                        0        0.183285107451772                        0        0.183362212097615        0.183362212097615                        0
       711                        0        0.183285517815059                        0        0.183387689235579        0.183387689235579                        0
       720                        0         0.18328528376551                        0        0.183359954462773        0.183359954462773                        0
