#square and square, nu_xymn_1
#MM NN: 1 1
#quadrature order: 16
#numpanels            c*(gradu.n)^2                      BEM        0.5*(gradu)^2 ex.       Boundary Formula 1       Boundary Formula 2
        18                        0        0.321469809046805                        0         0.22538810341575         0.22538810341575                        0
        27                        0        0.327656920329743                        0        0.257814316038205        0.257814316038205                        0
        36                        0        0.327886708684641                        0        0.253157984711973        0.253157984711973                        0
        45                        0        0.335608515536927                        0        0.272975449938425        0.272975449938425                        0
        54                        0        0.331372879148462                        0        0.279788037904747        0.279788037904747                        0
        63                        0        0.338819414119992                        0         0.30358013417588         0.30358013417588                        0
        72                        0        0.337808783865166                        0        0.319052195080879        0.319052195080879                        0
        81                        0        0.338489335085553                        0        0.317724752234501        0.317724752234501                        0
        90                        0         0.34077631575451                        0        0.325685056174834        0.325685056174834                        0
        99                        0         0.33940517934841                        0        0.331153441623593        0.331153441623593                        0
       108                        0        0.340418211685471                        0        0.330871576362077        0.330871576362077                        0
       117                        0        0.341136565896828                        0        0.335387442307934        0.335387442307934                        0
       126                        0        0.340332556841643                        0        0.337715292213434        0.337715292213434                        0
       135                        0        0.341165143226436                        0        0.336740289674161        0.336740289674161                        0
       144                        0        0.341157091764785                        0        0.339944733412808        0.339944733412808                        0
       153                        0        0.340910487120244                        0        0.340059019721837        0.340059019721837                        0
       162                        0        0.341456053389713                        0        0.339500331691578        0.339500331691578                        0
       171                        0        0.341183091096846                        0        0.341997812231062        0.341997812231062                        0
       180                        0         0.34124617648849                        0        0.340912714554347        0.340912714554347                        0
       189                        0        0.341537066092506                        0        0.340979884472795        0.340979884472795                        0
       198                        0        0.341266459763344                        0        0.342674946155727        0.342674946155727                        0
       207                        0        0.341439838709308                        0        0.341198172495919        0.341198172495919                        0
       216                        0        0.341532094020376                        0        0.341872432980502        0.341872432980502                        0
       225                        0        0.341370791103482                        0        0.342613118695608        0.342613118695608                        0
       234                        0        0.341544024153837                        0        0.341354287616312        0.341354287616312                        0
       243                        0        0.341513189576155                        0        0.342387759476276        0.342387759476276                        0
       252                        0        0.341462657697027                        0        0.342278070553974        0.342278070553974                        0
       261                        0        0.341589030853916                        0        0.341540281605059        0.341540281605059                        0
       270                        0        0.341511226941601                        0        0.342577619130998        0.342577619130998                        0
       279                        0        0.341531395767858                        0         0.34193945542409         0.34193945542409                        0
       288                        0         0.34159888897267                        0        0.341769252447167        0.341769252447167                        0
       297                        0        0.341527716209662                        0        0.342505218137055        0.342505218137055                        0
       306                        0        0.341577145307079                        0        0.341716497811887        0.341716497811887                        0
       315                        0        0.341594222773228                        0        0.341984885481472        0.341984885481472                        0
       324                        0        0.341552833854221                        0        0.342282800803342        0.342282800803342                        0
       333                        0        0.341603155161458                        0        0.341634384859557        0.341634384859557                        0
       342                        0        0.341589164302152                        0        0.342121720091093        0.342121720091093                        0
       351                        0        0.341577855333837                        0        0.342027597845598        0.342027597845598                        0
       360                        0        0.341614325940027                        0        0.341664378517257        0.341664378517257                        0
       369                        0         0.34158963545302                        0        0.342147806513406        0.342147806513406                        0
       378                        0        0.341598198876951                        0        0.341820642418154        0.341820642418154                        0
       387                        0        0.341616606454267                        0        0.341752147091104        0.341752147091104                        0
       396                        0        0.341595434234317                        0        0.342077460747664        0.342077460747664                        0
       405                        0        0.341612308538084                        0        0.341697174153389        0.341697174153389                        0
       414                        0        0.341615529863244                        0        0.341841520570507        0.341841520570507                        0
       423                        0        0.341603914202982                        0        0.341954935518568        0.341954935518568                        0
       432                        0        0.341620467614691                        0        0.341655653990784        0.341655653990784                        0
       441                        0        0.341614780320174                        0        0.341893240781248        0.341893240781248                        0
       450                        0        0.341612524531531                        0        0.341828121399474        0.341828121399474                        0
       459                        0        0.341624099299033                        0        0.341672041889723        0.341672041889723                        0
       468                        0        0.341615804593509                        0        0.341893936498335        0.341893936498335                        0
       477                        0        0.341619670622773                        0        0.341730415732727        0.341730415732727                        0
       486                        0        0.341625108177884                        0        0.341714098762172        0.341714098762172                        0
       495                        0        0.341618446762526                        0         0.34185308593296         0.34185308593296                        0
       504                        0        0.341624707294228                        0        0.341675251155873        0.341675251155873                        0
       513                        0        0.341625208356743                        0        0.341753377373232        0.341753377373232                        0
       522                        0          0.3416218836046                        0        0.341792019196754        0.341792019196754                        0
       531                        0        0.341627708416942                        0        0.341659230033772        0.341659230033772                        0
       540                        0        0.341625486733555                        0        0.341772764520492        0.341772764520492                        0
       549                        0        0.341625287173973                        0        0.341732220430637        0.341732220430637                        0
       558                        0        0.341629190479192                        0        0.341668995700813        0.341668995700813                        0
       567                        0        0.341626341940875                        0        0.341768269990529        0.341768269990529                        0
       576                        0         0.34162811106723                        0        0.341687956660563        0.341687956660563                        0
       585                        0        0.341629819975274                        0        0.341688547367588        0.341688547367588                        0
       594                        0        0.341627694303349                        0        0.341745838648102        0.341745838648102                        0
       603                        0        0.341630137747204                        0        0.341664185923269        0.341664185923269                        0
       612                        0        0.341630168073173                        0        0.341704942170917        0.341704942170917                        0
       621                        0        0.341629260615408                        0        0.341715802752291        0.341715802752291                        0
       630                        0        0.341631414727608                        0        0.341658242379193        0.341658242379193                        0
       639                        0        0.341630580989654                        0        0.341711250664662        0.341711250664662                        0
       648                        0         0.34163075638994                        0        0.341687804911157        0.341687804911157                        0
       657                        0        0.341632145255278                        0        0.341663270558301        0.341663270558301                        0
       666                        0        0.341631176149067                        0        0.341706649065596        0.341706649065596                        0
       675                        0        0.341631995360254                        0        0.341667824933369        0.341667824933369                        0
       684                        0        0.341632573931536                        0        0.341671746677992        0.341671746677992                        0
       693                        0        0.341631915889633                        0        0.341694493038507        0.341694493038507                        0
       702                        0        0.341632911195263                        0        0.341657512154702        0.341657512154702                        0
       711                        0        0.341632900856215                        0         0.34167801290565         0.34167801290565                        0
       720                        0        0.341632697420846                        0        0.341679688693772        0.341679688693772                        0
