#square and square, nu_xymn_1
#MM NN: 1 5
#quadrature order: 16
#numpanels            c*(gradu.n)^2                      BEM        0.5*(gradu)^2 ex.       Boundary Formula 1       Boundary Formula 2
        18                        0        0.241320307408593                        0        0.129475431818614        0.129475431818614                        0
        27                        0        0.256368915564045                        0        0.139871163921343        0.139871163921343                        0
        36                        0        0.258628461426493                        0        0.153001470123084        0.153001470123084                        0
        45                        0        0.264797503281033                        0        0.165973733021326        0.165973733021326                        0
        54                        0        0.272510108052222                        0        0.182323897243789        0.182323897243789                        0
        63                        0        0.278476234544454                        0        0.224077552003478        0.224077552003478                        0
        72                        0        0.277512129161274                        0        0.232013355091113        0.232013355091113                        0
        81                        0        0.282435641767809                        0         0.24367138817698         0.24367138817698                        0
        90                        0        0.281127578657412                        0        0.255324564633383        0.255324564633383                        0
        99                        0        0.282031356990019                        0        0.256406350652745        0.256406350652745                        0
       108                        0        0.283375761995029                        0        0.265441497710863        0.265441497710863                        0
       117                        0        0.282224055920576                        0        0.269529533959367        0.269529533959367                        0
       126                        0        0.283441767992825                        0        0.270108975761434        0.270108975761434                        0
       135                        0        0.283312077074321                        0        0.275162015244278        0.275162015244278                        0
       144                        0        0.282868303863457                        0        0.276176220218115        0.276176220218115                        0
       153                        0        0.283681223735281                        0        0.276778752344718        0.276778752344718                        0
       162                        0        0.283240176426262                        0        0.279622272575519        0.279622272575519                        0
       171                        0         0.28326527960427                        0        0.279324460679028        0.279324460679028                        0
       180                        0        0.283625167374327                        0        0.280223118581713        0.280223118581713                        0
       189                        0        0.283245423975674                        0        0.281677134494142        0.281677134494142                        0
       198                        0        0.283469889958644                        0        0.280948708121067        0.280948708121067                        0
       207                        0        0.283524859215686                        0        0.282015515503192        0.282015515503192                        0
       216                        0        0.283303457901535                        0        0.282568969507721        0.282568969507721                        0
       225                        0        0.283537426908431                        0        0.281935678740455        0.281935678740455                        0
       234                        0         0.28344937591389                        0        0.282940065482116        0.282940065482116                        0
       243                        0        0.283377353415114                        0        0.282903818114678        0.282903818114678                        0
       252                        0        0.283533072592617                        0        0.282610852086547        0.282610852086547                        0
       261                        0         0.28341176564072                        0        0.283382470118585        0.283382470118585                        0
       270                        0        0.283437496663865                        0        0.283017525403587        0.283017525403587                        0
       279                        0        0.283503044642628                        0        0.283079441687245        0.283079441687245                        0
       288                        0        0.283405628236575                        0        0.283546794983496        0.283546794983496                        0
       297                        0        0.283471053481917                        0         0.28309427992329         0.28309427992329                        0
       306                        0        0.283471801386816                        0        0.283387763033157        0.283387763033157                        0
       315                        0         0.28341809418522                        0        0.283556970177148        0.283556970177148                        0
       324                        0        0.283480887441539                        0        0.283200140046682        0.283200140046682                        0
       333                        0        0.283449750582001                        0         0.28356634364857         0.28356634364857                        0
       342                        0        0.283436271099362                        0        0.283501995540245        0.283501995540245                        0
       351                        0        0.283476416343507                        0        0.283328557598131        0.283328557598131                        0
       360                        0        0.283439191365588                        0        0.283642565669476        0.283642565669476                        0
       369                        0        0.283451218059335                        0        0.283446327253434        0.283446327253434                        0
       378                        0        0.283466410609962                        0        0.283451317685639        0.283451317685639                        0
       387                        0        0.283437975057953                        0        0.283645604238581        0.283645604238581                        0
       396                        0        0.283459368812606                        0        0.283424256952116        0.283424256952116                        0
       405                        0         0.28345664128345                        0        0.283545425390306        0.283545425390306                        0
       414                        0        0.283442090341181                        0        0.283607078910429        0.283607078910429                        0
       423                        0        0.283461270980126                        0        0.283439899272653        0.283439899272653                        0
       432                        0         0.28344994609129                        0        0.283600293330036        0.283600293330036                        0
       441                        0        0.283447634324009                        0        0.283557236265078        0.283557236265078                        0
       450                        0        0.283459267120698                        0        0.283479005660943        0.283479005660943                        0
       459                        0        0.283446941191764                        0        0.283616985683124        0.283616985683124                        0
       468                        0        0.283452027432958                        0        0.283518459167589        0.283518459167589                        0
       477                        0        0.283455776257342                        0        0.283522985579547        0.283522985579547                        0
       486                        0        0.283446858014897                        0        0.283605024307087        0.283605024307087                        0
       495                        0        0.283454293048055                        0        0.283500798533328        0.283500798533328                        0
       504                        0        0.283452523303581                        0        0.283557552155776        0.283557552155776                        0
       513                        0         0.28344836072935                        0        0.283578138826961        0.283578138826961                        0
       522                        0        0.283454628952156                        0         0.28350285864988         0.28350285864988                        0
       531                        0        0.283450378560767                        0        0.283575695475344        0.283575695475344                        0
       540                        0        0.283450202941003                        0         0.28354961279368         0.28354961279368                        0
       549                        0        0.283453768768454                        0        0.283516698718393        0.283516698718393                        0
       558                        0         0.28344949468884                        0        0.283577239031138        0.283577239031138                        0
       567                        0          0.2834515933363                        0        0.283528525642997        0.283528525642997                        0
       576                        0        0.283452489642468                        0        0.283533169846976        0.283533169846976                        0
       585                        0        0.283449571136254                        0        0.283566729573744        0.283566729573744                        0
       594                        0        0.283452252226097                        0        0.283518235966691        0.283518235966691                        0
       603                        0        0.283451354448729                        0        0.283545416781472        0.283545416781472                        0
       612                        0         0.28345013803548                        0        0.283550698897539        0.283550698897539                        0
       621                        0         0.28345226800757                        0        0.283517287965671        0.283517287965671                        0
       630                        0        0.283450638897004                        0        0.283550207878311        0.283550207878311                        0
       639                        0        0.283450776669491                        0         0.28353511450985         0.28353511450985                        0
       648                        0        0.283451898664205                        0        0.283521669145882        0.283521669145882                        0
       657                        0        0.283450372406483                        0        0.283547666722923        0.283547666722923                        0
       666                        0        0.283451231904193                        0        0.283523723716906        0.283523723716906                        0
       675                        0        0.283451413184122                        0        0.283527082329633        0.283527082329633                        0
       684                        0        0.283450433092257                        0        0.283540113815378        0.283540113815378                        0
       693                        0        0.283451422469946                        0        0.283517621465655        0.283517621465655                        0
       702                        0        0.283451003078328                        0        0.283530436067067        0.283530436067067                        0
       711                        0         0.28345064933942                        0        0.283530636716405        0.283530636716405                        0
       720                        0        0.283451389771439                        0         0.28351583712986         0.28351583712986                        0
