#square and square, nu_xymn_2
#MM NN: 5 3
#quadrature order: 16
#numpanels            c*(gradu.n)^2                      BEM        0.5*(gradu)^2 ex.       Boundary Formula 1       Boundary Formula 2
        18                        0       0.0112399578864509                        0       0.0150304745473476       0.0150304745473476                        0
        27                        0       0.0120197089915643                        0       0.0168108068360627       0.0168108068360627                        0
        36                        0       0.0122325923633349                        0       0.0162801965193388       0.0162801965193388                        0
        45                        0       0.0121807573841433                        0       0.0164693093557803       0.0164693093557803                        0
        54                        0       0.0134922624631638                        0       0.0174676352912222       0.0174676352912222                        0
        63                        0       0.0142809637069943                        0       0.0180469708694419       0.0180469708694419                        0
        72                        0       0.0146003809487421                        0       0.0176616363401914       0.0176616363401914                        0
        81                        0       0.0149168839787226                        0       0.0176062425994457       0.0176062425994457                        0
        90                        0       0.0150670887097668                        0       0.0173562919819093       0.0173562919819093                        0
        99                        0       0.0151849781535316                        0       0.0170363300384992       0.0170363300384992                        0
       108                        0       0.0152909906616346                        0       0.0168460102138879       0.0168460102138879                        0
       117                        0        0.015336384179256                        0       0.0166024744031559       0.0166024744031559                        0
       126                        0        0.015392173124583                        0       0.0164207007219705       0.0164207007219705                        0
       135                        0       0.0154242872175919                        0       0.0162818138662457       0.0162818138662457                        0
       144                        0       0.0154421493297333                        0       0.0161386188660444       0.0161386188660444                        0
       153                        0       0.0154695983029985                        0       0.0160439742126821       0.0160439742126821                        0
       162                        0       0.0154782108055812                        0       0.0159573680407617       0.0159573680407617                        0
       171                        0        0.015488849198426                        0       0.0158813894904889       0.0158813894904889                        0
       180                        0       0.0155012273741875                        0       0.0158312603337791       0.0158312603337791                        0
       189                        0       0.0155031950694065                        0       0.0157804765187411       0.0157804765187411                        0
       198                        0       0.0155109827765884                        0        0.015742215292091        0.015742215292091                        0
       207                        0       0.0155154531416967                        0       0.0157138273073685       0.0157138273073685                        0
       216                        0       0.0155163523515077                        0       0.0156848713377803       0.0156848713377803                        0
       225                        0       0.0155218096784204                        0       0.0156657653024646       0.0156657653024646                        0
       234                        0       0.0155226934937821                        0       0.0156484687319067       0.0156484687319067                        0
       243                        0       0.0155239781770725                        0       0.0156324093817453       0.0156324093817453                        0
       252                        0        0.015527232755404                        0        0.015622309112596        0.015622309112596                        0
       261                        0       0.0155269480992623                        0       0.0156112726479038       0.0156112726479038                        0
       270                        0       0.0155285944664931                        0       0.0156026025775143       0.0156026025775143                        0
       279                        0       0.0155301023366392                        0        0.015596533926048        0.015596533926048                        0
       288                        0       0.0155297863283199                        0       0.0155894191260708       0.0155894191260708                        0
       297                        0       0.0155313844616122                        0       0.0155847528157681       0.0155847528157681                        0
       306                        0        0.015531793676775                        0       0.0155805572115163       0.0155805572115163                        0
       315                        0       0.0155318214360596                        0       0.0155760496735691       0.0155760496735691                        0
       324                        0       0.0155330423747489                        0       0.0155733733430592       0.0155733733430592                        0
       333                        0       0.0155329453869045                        0       0.0155702311145277       0.0155702311145277                        0
       342                        0       0.0155332991025685                        0       0.0155674541711424       0.0155674541711424                        0
       351                        0       0.0155340332256926                        0       0.0155656725423182       0.0155656725423182                        0
       360                        0       0.0155338329533649                        0       0.0155632950142362       0.0155632950142362                        0
       369                        0        0.015534343674852                        0       0.0155616035930885       0.0155616035930885                        0
       378                        0       0.0155346620729413                        0       0.0155602077005982       0.0155602077005982                        0
       387                        0       0.0155345591757925                        0       0.0155584615333829       0.0155584615333829                        0
       396                        0       0.0155350536131916                        0       0.0155573865962216       0.0155573865962216                        0
       405                        0       0.0155351099887059                        0       0.0155561962608436       0.0155561962608436                        0
       414                        0       0.0155351532811863                        0       0.0155549646496505       0.0155549646496505                        0
       423                        0       0.0155355242064918                        0       0.0155541976181056       0.0155541976181056                        0
       432                        0       0.0155354704050603                        0        0.015553180263293        0.015553180263293                        0
       441                        0       0.0155356226253319                        0       0.0155523343977602       0.0155523343977602                        0
       450                        0       0.0155358407772583                        0       0.0155517043152845       0.0155517043152845                        0
       459                        0       0.0155357821500154                        0       0.0155508679641513       0.0155508679641513                        0
       468                        0        0.015535976765504                        0       0.0155502801471768       0.0155502801471768                        0
       477                        0       0.0155360685784202                        0       0.0155497158093363       0.0155497158093363                        0
       486                        0       0.0155360550760582                        0       0.0155490602139606       0.0155490602139606                        0
       495                        0       0.0155362341110702                        0       0.0155486241715413       0.0155486241715413                        0
       504                        0       0.0155362496076012                        0       0.0155481117729047       0.0155481117729047                        0
       513                        0         0.01553628775081                        0       0.0155476161356992       0.0155476161356992                        0
       522                        0       0.0155364188928847                        0       0.0155472590378774       0.0155472590378774                        0
       531                        0        0.015536405910173                        0       0.0155468072674585       0.0155468072674585                        0
       540                        0       0.0155364779992914                        0        0.015546436063882        0.015546436063882                        0
       549                        0       0.0155365551389387                        0       0.0155461186776284       0.0155461186776284                        0
       558                        0       0.0155365458247813                        0       0.0155457369418559       0.0155457369418559                        0
       567                        0       0.0155366275111882                        0       0.0155454511973387       0.0155454511973387                        0
       576                        0       0.0155366620384231                        0       0.0155451595370959       0.0155451595370959                        0
       585                        0       0.0155366703359097                        0       0.0155448487116222       0.0155448487116222                        0
       594                        0        0.015536742190248                        0       0.0155446154718063       0.0155446154718063                        0
       603                        0       0.0155367521659068                        0       0.0155443495630374       0.0155443495630374                        0
       612                        0       0.0155367780164069                        0       0.0155441014198565       0.0155441014198565                        0
       621                        0       0.0155368302584397                        0       0.0155438984443382       0.0155438984443382                        0
       630                        0       0.0155368320691679                        0       0.0155436626980568       0.0155436626980568                        0
       639                        0       0.0155368680177406                        0       0.0155434636314767       0.0155434636314767                        0
       648                        0        0.015536899931021                        0       0.0155432794111086       0.0155432794111086                        0
       657                        0       0.0155369040774896                        0       0.0155430767064073       0.0155430767064073                        0
       666                        0       0.0155369412202841                        0       0.0155429123074893       0.0155429123074893                        0
       675                        0       0.0155369577795661                        0       0.0155427431573632       0.0155427431573632                        0
       684                        0       0.0155369683244214                        0       0.0155425726472846       0.0155425726472846                        0
       693                        0       0.0155370000695003                        0       0.0155424310782905       0.0155424310782905                        0
       702                        0        0.015537008112195                        0       0.0155422773697398       0.0155422773697398                        0
       711                        0       0.0155370243595206                        0       0.0155421348909222       0.0155421348909222                        0
