#square and square, nu_xymn_2
#MM NN: 4 4
#quadrature order: 16
#numpanels            c*(gradu.n)^2                      BEM        0.5*(gradu)^2 ex.       Boundary Formula 1       Boundary Formula 2
        18                        0       0.0134921987043702                        0       0.0173636127402169       0.0173636127402169                        0
        27                        0       0.0144451773574433                        0       0.0193631103407743       0.0193631103407743                        0
        36                        0       0.0145683434773157                        0       0.0188132040765116       0.0188132040765116                        0
        45                        0       0.0144915565953321                        0       0.0193177592198513       0.0193177592198513                        0
        54                        0       0.0157838361819739                        0       0.0198340010107311       0.0198340010107311                        0
        63                        0       0.0162052869209053                        0       0.0197773654179959       0.0197773654179959                        0
        72                        0       0.0163426390249187                        0        0.019179503010241        0.019179503010241                        0
        81                        0       0.0166448994298195                        0       0.0190572329190607       0.0190572329190607                        0
        90                        0        0.016701018462332                        0       0.0186985669052177       0.0186985669052177                        0
        99                        0       0.0167703159828264                        0       0.0183563025685261       0.0183563025685261                        0
       108                        0        0.016859485235503                        0       0.0181860307253971       0.0181860307253971                        0
       117                        0       0.0168647795806954                        0        0.017929131152043        0.017929131152043                        0
       126                        0       0.0169100608416909                        0       0.0177693947073813       0.0177693947073813                        0
       135                        0       0.0169305359289691                        0       0.0176487889464528       0.0176487889464528                        0
       144                        0       0.0169319898009911                        0       0.0175091765946603       0.0175091765946603                        0
       153                        0       0.0169583971910936                        0       0.0174362010691963       0.0174362010691963                        0
       162                        0       0.0169588671743345                        0       0.0173587027097715       0.0173587027097715                        0
       171                        0       0.0169637043383215                        0       0.0172892715814755       0.0172892715814755                        0
       180                        0       0.0169760444477943                        0       0.0172527628554131       0.0172527628554131                        0
       189                        0       0.0169727375303391                        0       0.0172053812793631       0.0172053812793631                        0
       198                        0       0.0169792878765464                        0       0.0171732419592027       0.0171732419592027                        0
       207                        0       0.0169830187560476                        0       0.0171516848349836       0.0171516848349836                        0
       216                        0       0.0169809141057431                        0        0.017123932208891        0.017123932208891                        0
       225                        0       0.0169866526642746                        0         0.01710958280189         0.01710958280189                        0
       234                        0       0.0169863205962853                        0        0.017094978176874        0.017094978176874                        0
       243                        0       0.0169862291858796                        0       0.0170796642086981       0.0170796642086981                        0
       252                        0       0.0169898955568092                        0       0.0170727393825945       0.0170727393825945                        0
       261                        0        0.016988401190666                        0       0.0170623718787127       0.0170623718787127                        0
       270                        0       0.0169896659139951                        0       0.0170545337498106       0.0170545337498106                        0
       279                        0       0.0169912736490136                        0       0.0170502438891916       0.0170502438891916                        0
       288                        0       0.0169900454480638                        0       0.0170430692340476       0.0170430692340476                        0
       297                        0       0.0169917254583385                        0        0.017039298357693        0.017039298357693                        0
       306                        0       0.0169919356509338                        0       0.0170358723370409       0.0170358723370409                        0
       315                        0        0.016991425838701                        0       0.0170312195249822       0.0170312195249822                        0
       324                        0       0.0169928326873231                        0       0.0170293276896461       0.0170293276896461                        0
       333                        0       0.0169923960627333                        0       0.0170263620904954       0.0170263620904954                        0
       342                        0       0.0169925263629208                        0       0.0170235814052374       0.0170235814052374                        0
       351                        0       0.0169933714708527                        0       0.0170223507770065       0.0170223507770065                        0
       360                        0       0.0169928372281545                        0       0.0170198907864427       0.0170198907864427                        0
       369                        0       0.0169933208198053                        0       0.0170183419863051       0.0170183419863051                        0
       378                        0       0.0169936331066664                        0       0.0170172437894276       0.0170172437894276                        0
       387                        0       0.0169932839235167                        0       0.0170153682152479       0.0170153682152479                        0
       396                        0       0.0169938322693234                        0       0.0170145028283086       0.0170145028283086                        0
       405                        0        0.016993797202495                        0       0.0170134123143509       0.0170134123143509                        0
       414                        0       0.0169937017658926                        0       0.0170121046895475       0.0170121046895475                        0
       423                        0       0.0169941279876489                        0       0.0170115332920903       0.0170115332920903                        0
       432                        0       0.0169939503173721                        0         0.01701050102256         0.01701050102256                        0
       441                        0       0.0169940511484005                        0        0.017009653582824        0.017009653582824                        0
       450                        0       0.0169942893047243                        0       0.0170091588362469       0.0170091588362469                        0
       459                        0       0.0169941174918664                        0       0.0170082670331551       0.0170082670331551                        0
       468                        0       0.0169943119434602                        0       0.0170077305797434       0.0170077305797434                        0
       477                        0       0.0169943851051349                        0       0.0170072325561298       0.0170072325561298                        0
       486                        0       0.0169942914667726                        0       0.0170065288812952       0.0170065288812952                        0
       495                        0       0.0169944877379859                        0       0.0170061633175364       0.0170061633175364                        0
       504                        0        0.016994460096638                        0       0.0170056641770887       0.0170056641770887                        0
       513                        0       0.0169944544560406                        0       0.0170051479162499       0.0170051479162499                        0
       522                        0       0.0169945981157608                        0       0.0170048530416802       0.0170048530416802                        0
       531                        0       0.0169945354371837                        0        0.017004386174785        0.017004386174785                        0
       540                        0       0.0169945915250683                        0       0.0170040214439611       0.0170040214439611                        0
       549                        0       0.0169946675692025                        0       0.0170037443384826       0.0170037443384826                        0
       558                        0       0.0169946154682321                        0       0.0170033408803439       0.0170033408803439                        0
       567                        0       0.0169946962765419                        0       0.0170030780070269       0.0170030780070269                        0
       576                        0       0.0169947170173028                        0       0.0170028036105317       0.0170028036105317                        0
       585                        0       0.0169946956997608                        0       0.0170024777147821       0.0170024777147821                        0
       594                        0       0.0169947707347146                        0        0.017002271339944        0.017002271339944                        0
       603                        0       0.0169947599571065                        0       0.0170020061939048       0.0170020061939048                        0
       612                        0       0.0169947693683287                        0        0.017001754115713        0.017001754115713                        0
       621                        0       0.0169948220986835                        0       0.0170015730716917       0.0170015730716917                        0
       630                        0       0.0169948024630183                        0       0.0170013303073671       0.0170013303073671                        0
       639                        0       0.0169948314833927                        0       0.0170011367149815       0.0170011367149815                        0
       648                        0        0.016994858920685                        0       0.0170009656835123       0.0170009656835123                        0
       657                        0       0.0169948452880354                        0        0.017000755347464        0.017000755347464                        0
       666                        0       0.0169948803444416                        0       0.0170006013100691       0.0170006013100691                        0
       675                        0       0.0169948883343519                        0       0.0170004370726883       0.0170004370726883                        0
       684                        0       0.0169948865095928                        0       0.0170002623165381       0.0170002623165381                        0
       693                        0       0.0169949171925639                        0       0.0170001314848187       0.0170001314848187                        0
       702                        0        0.016994914835346                        0       0.0169999772244998       0.0169999772244998                        0
       711                        0       0.0169949237246937                        0       0.0169998348196985       0.0169998348196985                        0
