#square and square, nu_xymn_1
#MM NN: 2 1
#quadrature order: 16
#numpanels            c*(gradu.n)^2                      BEM        0.5*(gradu)^2 ex.       Boundary Formula 1       Boundary Formula 2
        18                        0        0.403518073453594                        0        0.285685800399789        0.285685800399789                        0
        27                        0        0.407266870770425                        0        0.332481312028875        0.332481312028875                        0
        36                        0        0.407519065446513                        0        0.323886577252068        0.323886577252068                        0
        45                        0         0.41894081507992                        0        0.357892503972455        0.357892503972455                        0
        54                        0        0.407461059481526                        0        0.355372069882987        0.355372069882987                        0
        63                        0         0.42030449349815                        0         0.38408621823843         0.38408621823843                        0
        72                        0        0.417233327675333                        0        0.405162837750067        0.405162837750067                        0
        81                        0        0.418083543295181                        0        0.397100088535065        0.397100088535065                        0
        90                        0        0.422116630525929                        0        0.408356979065438        0.408356979065438                        0
        99                        0         0.41918760118045                        0        0.414991165012261        0.414991165012261                        0
       108                        0        0.421022066811959                        0        0.411785278116004        0.411785278116004                        0
       117                        0        0.422230531968832                        0         0.41838622025378         0.41838622025378                        0
       126                        0        0.420610381746387                        0        0.420804844005966        0.420804844005966                        0
       135                        0        0.422166209050185                        0        0.418015205817269        0.418015205817269                        0
       144                        0        0.422071646826292                        0        0.423030959287105        0.423030959287105                        0
       153                        0        0.421583952523636                        0        0.422309957682306        0.422309957682306                        0
       162                        0        0.422599887855063                        0        0.420914783242774        0.420914783242774                        0
       171                        0        0.422045384339578                        0         0.42497324257758         0.42497324257758                        0
       180                        0        0.422166899589718                        0         0.42257539734029         0.42257539734029                        0
       189                        0        0.422698380469158                        0        0.422560925207525        0.422560925207525                        0
       198                        0        0.422172198151359                        0        0.425329582622317        0.425329582622317                        0
       207                        0        0.422505297525512                        0        0.422490351747596        0.422490351747596                        0
       216                        0        0.422662863055962                        0        0.423655061666906        0.423655061666906                        0
       225                        0        0.422355643808198                        0        0.424800964707556        0.424800964707556                        0
       234                        0        0.422684859834317                        0        0.422487929137297        0.422487929137297                        0
       243                        0        0.422614870262594                        0        0.424316773546361        0.424316773546361                        0
       252                        0        0.422522088815719                        0        0.424004748480932        0.424004748480932                        0
       261                        0        0.422758612735565                        0        0.422687244324112        0.422687244324112                        0
       270                        0        0.422605463284242                        0        0.424518441178225        0.424518441178225                        0
       279                        0        0.422647133974387                        0        0.423312592986639        0.423312592986639                        0
       288                        0        0.422770232660855                        0        0.423032568028267        0.423032568028267                        0
       297                        0        0.422633853584478                        0        0.424316831057217        0.424316831057217                        0
       306                        0        0.422729573449889                        0        0.422881010838833        0.422881010838833                        0
       315                        0        0.422757424856618                        0        0.423385555668724        0.423385555668724                        0
       324                        0        0.422679740593747                        0        0.423884908944346        0.423884908944346                        0
       333                        0        0.422775340687095                        0        0.422726010094933        0.422726010094933                        0
       342                        0        0.422745772877086                        0        0.423612183325333        0.423612183325333                        0
       351                        0        0.422725814672194                        0        0.423416677323351        0.423416677323351                        0
       360                        0        0.422793835263595                        0        0.422781389565498        0.422781389565498                        0
       369                        0        0.422745601857259                        0        0.423648659031586        0.423648659031586                        0
       378                        0        0.422763080307903                        0         0.42304723526473         0.42304723526473                        0
       387                        0        0.422796345461514                        0         0.42294271131793         0.42294271131793                        0
       396                        0        0.422755972559011                        0        0.423518381074212        0.423518381074212                        0
       405                        0        0.422788562396069                        0        0.422833241354463        0.422833241354463                        0
       414                        0        0.422793202150697                        0        0.423106485478771        0.423106485478771                        0
       423                        0        0.422771569416311                        0        0.423299491533798        0.423299491533798                        0
       432                        0        0.422802900848873                        0         0.42276789283905         0.42276789283905                        0
       441                        0        0.422791154593189                        0        0.423201894326069        0.423201894326069                        0
       450                        0        0.422787419073494                        0        0.423076555965417        0.423076555965417                        0
       459                        0        0.422808890004652                        0        0.422805801503355        0.422805801503355                        0
       468                        0        0.422792732734892                        0        0.423205587006702        0.423205587006702                        0
       477                        0        0.422800465590374                        0        0.422907988943479        0.422907988943479                        0
       486                        0        0.422810166886058                        0        0.422888162255543        0.422888162255543                        0
       495                        0        0.422797492514774                        0        0.423135308200239        0.423135308200239                        0
       504                        0        0.422809515433337                        0        0.422816499877563        0.422816499877563                        0
       513                        0         0.42280994258102                        0        0.422963876199588        0.422963876199588                        0
       522                        0        0.422803788162321                        0        0.423029688282572        0.423029688282572                        0
       531                        0        0.422814757414977                        0        0.422794934270713        0.422794934270713                        0
       540                        0        0.422810209590642                        0        0.423002700615872        0.423002700615872                        0
       549                        0        0.422810014096249                        0        0.422927183997818        0.422927183997818                        0
       558                        0        0.422817205409101                        0        0.422818701009848        0.422818701009848                        0
       567                        0        0.422811657551719                        0        0.422998092615309        0.422998092615309                        0
       576                        0         0.42281513225885                        0        0.422853011145902        0.422853011145902                        0
       585                        0         0.42281813102234                        0        0.422858886594329        0.422858886594329                        0
       594                        0        0.422814086762762                        0        0.422961214836178        0.422961214836178                        0
       603                        0        0.422818745744937                        0        0.422815600350757        0.422815600350757                        0
       612                        0        0.422818603378115                        0        0.422892388983985        0.422892388983985                        0
       621                        0        0.422816932117361                        0        0.422910855432693        0.422910855432693                        0
       630                        0        0.422820962911386                        0        0.422809782908639        0.422809782908639                        0
       639                        0        0.422819255214318                        0         0.42290707227055         0.42290707227055                        0
       648                        0        0.422819643440379                        0        0.422864328581812        0.422864328581812                        0
       657                        0        0.422822180431603                        0        0.422823037941928        0.422823037941928                        0
       666                        0        0.422820285849074                        0        0.422901782290065        0.422901782290065                        0
       675                        0        0.422821868500314                        0        0.422832226702353        0.422832226702353                        0
       684                        0        0.422822863659657                        0        0.422841822302141        0.422841822302141                        0
       693                        0        0.422821606490895                        0        0.422882784267625        0.422882784267625                        0
       702                        0        0.422823487863161                        0        0.422817324987409        0.422817324987409                        0
       711                        0        0.422823386151778                        0        0.422856075484813        0.422856075484813                        0
       720                        0        0.422823012292358                        0        0.422859003189586        0.422859003189586                        0
