#square and square, nu_xymn_2
#MM NN: 4 2
#quadrature order: 16
#numpanels            c*(gradu.n)^2                      BEM        0.5*(gradu)^2 ex.       Boundary Formula 1       Boundary Formula 2
        18                        0       0.0236820445921381                        0       0.0315478529846424       0.0315478529846424                        0
        27                        0       0.0252816967792791                        0       0.0354241647967432       0.0354241647967432                        0
        36                        0       0.0256977927853987                        0       0.0339640601877585       0.0339640601877585                        0
        45                        0       0.0255848559381821                        0       0.0345013507892304       0.0345013507892304                        0
        54                        0       0.0280109182275242                        0       0.0357450224580525       0.0357450224580525                        0
        63                        0       0.0291044440894186                        0       0.0361137339799912       0.0361137339799912                        0
        72                        0       0.0295143966904697                        0       0.0351432153886269       0.0351432153886269                        0
        81                        0       0.0300983872021434                        0       0.0349179030754107       0.0349179030754107                        0
        90                        0       0.0302797442887663                        0       0.0343019419826973       0.0343019419826973                        0
        99                        0       0.0304485396164837                        0       0.0336604654397424       0.0336604654397424                        0
       108                        0       0.0306345265029295                        0       0.0333118187272489       0.0333118187272489                        0
       117                        0       0.0306762436185522                        0       0.0328306721611273       0.0328306721611273                        0
       126                        0       0.0307699146187778                        0        0.032507720488497        0.032507720488497                        0
       135                        0       0.0308197488506257                        0       0.0322634330450645       0.0322634330450645                        0
       144                        0       0.0308344803295898                        0       0.0319955525275168       0.0319955525275168                        0
       153                        0       0.0308857195335966                        0       0.0318408564396673       0.0318408564396673                        0
       162                        0        0.030893689726782                        0       0.0316878502100541       0.0316878502100541                        0
       171                        0       0.0309064265873269                        0       0.0315519225866628       0.0315519225866628                        0
       180                        0       0.0309305244954341                        0       0.0314738279944573       0.0314738279944573                        0
       189                        0       0.0309284405059089                        0       0.0313827200682525       0.0313827200682525                        0
       198                        0       0.0309412261457592                        0       0.0313181704208159       0.0313181704208159                        0
       207                        0       0.0309494564367861                        0       0.0312737263332205       0.0312737263332205                        0
       216                        0         0.03094756003398                        0       0.0312213076958358       0.0312213076958358                        0
       225                        0       0.0309580348419383                        0       0.0311915944834098       0.0311915944834098                        0
       234                        0       0.0309587008058714                        0       0.0311631804578023       0.0311631804578023                        0
       243                        0       0.0309592642794587                        0       0.0311344084903176       0.0311344084903176                        0
       252                        0       0.0309659726895233                        0       0.0311198998709464       0.0311198998709464                        0
       261                        0       0.0309642124565599                        0       0.0311006895482001       0.0311006895482001                        0
       270                        0        0.030966636406015                        0       0.0310858300744517       0.0310858300744517                        0
       279                        0       0.0309697789979415                        0       0.0310772181259559       0.0310772181259559                        0
       288                        0       0.0309681403911538                        0       0.0310643101122833       0.0310643101122833                        0
       297                        0       0.0309711164919026                        0       0.0310570078561611       0.0310570078561611                        0
       306                        0       0.0309718246972913                        0       0.0310506068664253       0.0310506068664253                        0
       315                        0       0.0309711808868939                        0       0.0310423344898707       0.0310423344898707                        0
       324                        0       0.0309736721117109                        0       0.0310386139341041       0.0310386139341041                        0
       333                        0       0.0309732007848068                        0       0.0310333539072888       0.0310333539072888                        0
       342                        0       0.0309735146950735                        0       0.0310283992886099       0.0310283992886099                        0
       351                        0        0.030975067058079                        0       0.0310260488322797       0.0310260488322797                        0
       360                        0       0.0309743421785154                        0       0.0310217969834089       0.0310217969834089                        0
       369                        0       0.0309752015548767                        0       0.0310190032689922       0.0310190032689922                        0
       378                        0       0.0309758559456794                        0       0.0310170284943792       0.0310170284943792                        0
       387                        0       0.0309753690610115                        0       0.0310138151180213       0.0310138151180213                        0
       396                        0       0.0309763292894547                        0       0.0310122344560067       0.0310122344560067                        0
       405                        0       0.0309763820434154                        0       0.0310103545400953       0.0310103545400953                        0
       414                        0       0.0309762725580018                        0       0.0310081106482294       0.0310081106482294                        0
       423                        0       0.0309770344080924                        0       0.0310070759292213       0.0310070759292213                        0
       432                        0       0.0309768201600654                        0       0.0310053300845279       0.0310053300845279                        0
       441                        0       0.0309770150970518                        0       0.0310038645443829       0.0310038645443829                        0
       450                        0       0.0309774668393411                        0       0.0310029977899046       0.0310029977899046                        0
       459                        0       0.0309772341818758                        0       0.0310014981497929       0.0310014981497929                        0
       468                        0       0.0309775784550763                        0       0.0310005623609644       0.0310005623609644                        0
       477                        0       0.0309777519685338                        0       0.0309997154308107       0.0309997154308107                        0
       486                        0       0.0309776278806858                        0       0.0309985305085006       0.0309985305085006                        0
       495                        0       0.0309779763781367                        0       0.0309978926298896       0.0309978926298896                        0
       504                        0       0.0309779731228924                        0       0.0309970567223578       0.0309970567223578                        0
       513                        0       0.0309779822903482                        0       0.0309961829421351       0.0309961829421351                        0
       522                        0       0.0309782457752753                        0       0.0309956754491229       0.0309956754491229                        0
       531                        0       0.0309781730707737                        0       0.0309948976568157       0.0309948976568157                        0
       540                        0        0.030978279030447                        0       0.0309942767846606       0.0309942767846606                        0
       549                        0       0.0309784305344219                        0       0.0309938086776412       0.0309938086776412                        0
       558                        0       0.0309783651865675                        0       0.0309931363070873       0.0309931363070873                        0
       567                        0       0.0309785110231341                        0       0.0309926878420783       0.0309926878420783                        0
       576                        0       0.0309785683206637                        0       0.0309922302557182       0.0309922302557182                        0
       585                        0       0.0309785466375363                        0       0.0309916854695885       0.0309916854695885                        0
       594                        0       0.0309786835489868                        0       0.0309913351310456       0.0309913351310456                        0
       603                        0       0.0309786843462569                        0       0.0309908955485736       0.0309908955485736                        0
       612                        0        0.030978709341804                        0       0.0309904725825035       0.0309904725825035                        0
       621                        0       0.0309788097912898                        0       0.0309901683986615       0.0309901683986615                        0
       630                        0       0.0309787912488816                        0       0.0309897663789023       0.0309897663789023                        0
       639                        0       0.0309788469486334                        0       0.0309894408457061       0.0309894408457061                        0
       648                        0       0.0309789050096602                        0       0.0309891563059448       0.0309891563059448                        0
       657                        0         0.03097889241522                        0       0.0309888075025419       0.0309888075025419                        0
       666                        0       0.0309789577405461                        0       0.0309885488557201       0.0309885488557201                        0
       675                        0       0.0309789821215766                        0       0.0309882772789772       0.0309882772789772                        0
       684                        0       0.0309789862758925                        0       0.0309879868214268       0.0309879868214268                        0
       693                        0       0.0309790444329172                        0       0.0309877682748736       0.0309877682748736                        0
       702                        0       0.0309790496683928                        0       0.0309875138157262       0.0309875138157262                        0
       711                        0       0.0309790699565326                        0       0.0309872767289086       0.0309872767289086                        0
       720                        0       0.0309791123419322                        0       0.0309870803006082       0.0309870803006082                        0
