#square and square, nu_xymn_2
#MM NN: 4 4
#quadrature order: 16
#numpanels            c*(gradu.n)^2                      BEM        0.5*(gradu)^2 ex.       Boundary Formula 1       Boundary Formula 2
        18                        0       -0.366139486715532                        0       -0.359535205051958       -0.359535205051958                        0
        27                        0       -0.363189642167082                        0       -0.380041538682064       -0.380041538682064                        0
        36                        0       -0.371152055002015                        0       -0.375206770642715       -0.375206770642715                        0
        45                        0       -0.375260365287126                        0        -0.44345052099674        -0.44345052099674                        0
        54                        0       -0.361753195320152                        0       -0.336290004872978       -0.336290004872978                        0
        63                        0       -0.341609330641934                        0       -0.351698381271097       -0.351698381271097                        0
        72                        0       -0.352925525308206                        0       -0.398654120399928       -0.398654120399928                        0
        81                        0       -0.338185281470534                        0       -0.320946241693637       -0.320946241693637                        0
        90                        0       -0.338042473508696                        0       -0.356357706413137       -0.356357706413137                        0
        99                        0       -0.341451304754368                        0       -0.355105732056209       -0.355105732056209                        0
       108                        0       -0.334108183138153                        0       -0.323562908919756       -0.323562908919756                        0
       117                        0       -0.336567756047576                        0       -0.356285194669167       -0.356285194669167                        0
       126                        0       -0.336353123627783                        0       -0.336608633714623       -0.336608633714623                        0
       135                        0       -0.333534501578137                        0        -0.33081844710882        -0.33081844710882                        0
       144                        0       -0.335570344976315                        0       -0.351543856286543       -0.351543856286543                        0
       153                        0        -0.33410629859461                        0       -0.329744779753333       -0.329744779753333                        0
       162                        0       -0.333544449735725                        0       -0.336668656565441       -0.336668656565441                        0
       171                        0       -0.334715964056162                        0       -0.344416700029435       -0.344416700029435                        0
       180                        0       -0.333266021533394                        0       -0.328929997660376       -0.328929997660376                        0
       189                        0        -0.33358076738321                        0       -0.339940418026029       -0.339940418026029                        0
       198                        0       -0.333982598902719                        0       -0.338025400447466       -0.338025400447466                        0
       207                        0       -0.333037748753774                        0       -0.330691696724131       -0.330691696724131                        0
       216                        0       -0.333548723832861                        0       -0.340553333531242       -0.340553333531242                        0
       225                        0       -0.333443675405569                        0       -0.333885702629918       -0.333885702629918                        0
       234                        0        -0.33302687988646                        0       -0.333104382617801       -0.333104382617801                        0
       243                        0        -0.33344800134949                        0       -0.339171966948377       -0.339171966948377                        0
       252                        0        -0.33312736955616                        0       -0.332054800512887       -0.332054800512887                        0
       261                        0       -0.333062693677612                        0       -0.335087479783935       -0.335087479783935                        0
       270                        0       -0.333303096980824                        0       -0.336915846423732       -0.336915846423732                        0
       279                        0       -0.332984396647807                        0       -0.331879012530527       -0.331879012530527                        0
       288                        0        -0.33308552105024                        0       -0.336129791790106       -0.336129791790106                        0
       297                        0       -0.333153033003125                        0        -0.33480838473648        -0.33480838473648                        0
       306                        0        -0.33294132689483                        0       -0.332578773489986       -0.332578773489986                        0
       315                        0        -0.33308129105435                        0       -0.336181698406365       -0.336181698406365                        0
       324                        0       -0.333033052412518                        0       -0.333404535255204       -0.333404535255204                        0
       333                        0       -0.332940769384295                        0       -0.333505925884034       -0.333505925884034                        0
       342                        0       -0.333052635434011                        0       -0.335533705585898       -0.335533705585898                        0
       351                        0       -0.332957332067678                        0       -0.332792625417271       -0.332792625417271                        0
       360                        0       -0.332950044591353                        0       -0.334229613025378       -0.334229613025378                        0
       369                        0       -0.333009778679103                        0       -0.334616047662526       -0.334616047662526                        0
       378                        0       -0.332920106667034                        0       -0.332782774401832       -0.332782774401832                        0
       387                        0       -0.332954714285102                        0       -0.334552740333651       -0.334552740333651                        0
       396                        0       -0.332965587561744                        0       -0.333794074115378       -0.333794074115378                        0
       405                        0       -0.332907281777898                        0       -0.333091724099611       -0.333091724099611                        0
       414                        0        -0.33295057214394                        0       -0.334482273080768       -0.334482273080768                        0
       423                        0       -0.332929955479209                        0       -0.333261404795855       -0.333261404795855                        0
       432                        0       -0.332905778391937                        0       -0.333462592483837       -0.333462592483837                        0
       441                        0       -0.332938729617769                        0       -0.334156444244896       -0.334156444244896                        0
       450                        0       -0.332906673539196                        0       -0.333043871686735       -0.333043871686735                        0
       459                        0       -0.332907006289538                        0       -0.333724987514306       -0.333724987514306                        0
       468                        0       -0.332922900435021                        0       -0.333751696078857       -0.333751696078857                        0
       477                        0       -0.332894352001119                        0       -0.333061075584797       -0.333061075584797                        0
       486                        0       -0.332906652905774                        0       -0.333810819839583       -0.333810819839583                        0
       495                        0       -0.332907241773412                        0       -0.333407471379393       -0.333407471379393                        0
       504                        0       -0.332889257786775                        0       -0.333194661415824       -0.333194661415824                        0
       513                        0       -0.332903407780228                        0       -0.333737285019949       -0.333737285019949                        0
       522                        0       -0.332894659365381                        0       -0.333192594657303       -0.333192594657303                        0
       531                        0       -0.332887664561375                        0       -0.333338793220691       -0.333338793220691                        0
       540                        0       -0.332897778283275                        0       -0.333570041519491       -0.333570041519491                        0
       549                        0       -0.332886166789753                        0       -0.333109881377526       -0.333109881377526                        0
       558                        0       -0.332886934838194                        0       -0.333426986021733       -0.333426986021733                        0
       567                        0       -0.332891112334171                        0       -0.333383384721431       -0.333383384721431                        0
       576                        0       -0.332881273037124                        0       -0.333120935999327       -0.333120935999327                        0
       585                        0       -0.332885675211439                        0       -0.333437580273044       -0.333437580273044                        0
       594                        0       -0.332884790835585                        0       -0.333231976808833       -0.333231976808833                        0
       603                        0       -0.332878788565596                        0       -0.333174045500356       -0.333174045500356                        0
       612                        0       -0.332883484414957                        0        -0.33338378828538        -0.33338378828538                        0
       621                        0       -0.332879709049379                        0       -0.333139967113209       -0.333139967113209                        0
       630                        0       -0.332877500917723                        0         -0.3332252127587         -0.3332252127587                        0
       639                        0       -0.332880588587429                        0       -0.333296346743514       -0.333296346743514                        0
       648                        0       -0.332876136246671                        0       -0.333104553477029       -0.333104553477029                        0
       657                        0       -0.332876527114749                        0        -0.33324885151703        -0.33324885151703                        0
       666                        0       -0.332877479810638                        0        -0.33320677998631        -0.33320677998631                        0
       675                        0       -0.332873866279341                        0       -0.333106976570228       -0.333106976570228                        0
       684                        0        -0.33287539818468                        0       -0.333238874300416       -0.333238874300416                        0
       693                        0       -0.332874627162244                        0       -0.333136612480895       -0.333136612480895                        0
       702                        0       -0.332872473841053                        0       -0.333124387875617       -0.333124387875617                        0
       711                        0       -0.332873992373033                        0       -0.333203285675144       -0.333203285675144                        0
