#square and square, nu_xymn_1
#MM NN: 1 2
#quadrature order: 16
#numpanels            c*(gradu.n)^2                      BEM        0.5*(gradu)^2 ex.       Boundary Formula 1       Boundary Formula 2
        18                        0        0.468584956003421                        0        0.320328435512182        0.320328435512182                        0
        27                        0          0.4796002864818                        0        0.366569602810043        0.366569602810043                        0
        36                        0        0.479912595715628                        0        0.361593370718528        0.361593370718528                        0
        45                        0        0.491870481533762                        0        0.391734547978953        0.391734547978953                        0
        54                        0        0.486555030442914                        0        0.401881513152606        0.401881513152606                        0
        63                        0        0.497570920012129                        0        0.441661347481296        0.441661347481296                        0
        72                        0        0.495811010798908                        0        0.463443307226105        0.463443307226105                        0
        81                        0        0.497604132895543                        0        0.462972008793396        0.462972008793396                        0
        90                        0        0.500343964786554                        0        0.476235255038831        0.476235255038831                        0
        99                        0        0.498616330437146                        0        0.483229911758809        0.483229911758809                        0
       108                        0        0.500258434060552                        0          0.4843664480793          0.4843664480793                        0
       117                        0         0.50092835608543                        0        0.491340440553341        0.491340440553341                        0
       126                        0        0.500090999674867                        0         0.49418135760141         0.49418135760141                        0
       135                        0         0.50118708256771                        0        0.493877975586025        0.493877975586025                        0
       144                        0        0.501049508917309                        0        0.498401441530178        0.498401441530178                        0
       153                        0        0.500901350878214                        0         0.49842132183253         0.49842132183253                        0
       162                        0        0.501532641718164                        0         0.49832443883639         0.49832443883639                        0
       171                        0        0.501156406234864                        0        0.501583808252287        0.501583808252287                        0
       180                        0        0.501331281709139                        0        0.500173886631047        0.500173886631047                        0
       189                        0        0.501628513411135                        0        0.500644991385445        0.500644991385445                        0
       198                        0        0.501309956945465                        0        0.502712419848338        0.502712419848338                        0
       207                        0        0.501562612656481                        0        0.500895108017569        0.500895108017569                        0
       216                        0        0.501628468594328                        0        0.501978399923281        0.501978399923281                        0
       225                        0        0.501465119058651                        0        0.502775880511826        0.502775880511826                        0
       234                        0        0.501680771120751                        0        0.501291474639558        0.501291474639558                        0
       243                        0        0.501617220990353                        0        0.502708841685029        0.502708841685029                        0
       252                        0        0.501587726566331                        0         0.50244282385777         0.50244282385777                        0
       261                        0        0.501729458057145                        0         0.50163688600596         0.50163688600596                        0
       270                        0        0.501627606024294                        0        0.502965973160481        0.502965973160481                        0
       279                        0        0.501672825861877                        0        0.502081612923954        0.502081612923954                        0
       288                        0         0.50173933968207                        0        0.501982770745881        0.501982770745881                        0
       297                        0        0.501657640432568                        0         0.50286975280346         0.50286975280346                        0
       306                        0        0.501726322761014                        0        0.501851748884915        0.501851748884915                        0
       315                        0        0.501734888956044                        0        0.502276185183741        0.502276185183741                        0
       324                        0        0.501694038474125                        0        0.502584215864831        0.502584215864831                        0
       333                        0        0.501755323117234                        0        0.501787124503882        0.501787124503882                        0
       342                        0        0.501731848288908                        0        0.502447404494962        0.502447404494962                        0
       351                        0        0.501726840152068                        0        0.502265075903758        0.502265075903758                        0
       360                        0        0.501767172254026                        0        0.501851299841477        0.501851299841477                        0
       369                        0        0.501735875780504                        0        0.502467942684007        0.502467942684007                        0
       378                        0        0.501751829507503                        0        0.502014003674672        0.502014003674672                        0
       387                        0        0.501769453114761                        0        0.501975691597248        0.501975691597248                        0
       396                        0        0.501745667011784                        0        0.502365678726404        0.502365678726404                        0
       405                        0        0.501768332369929                        0        0.501871722156759        0.501871722156759                        0
       414                        0        0.501768670302049                        0        0.502091011942718        0.502091011942718                        0
       423                        0        0.501757630515071                        0        0.502202229191653        0.502202229191653                        0
       432                        0        0.501777496616326                        0        0.501832230107275        0.501832230107275                        0
       441                        0         0.50176882707828                        0        0.502151210466934        0.502151210466934                        0
       450                        0        0.501768796975672                        0        0.502039592993116        0.502039592993116                        0
       459                        0         0.50178145520249                        0        0.501862183782839        0.501862183782839                        0
       468                        0        0.501771209006669                        0        0.502143810140287        0.502143810140287                        0
       477                        0        0.501777571990599                        0        0.501918664753106        0.501918664753106                        0
       486                        0        0.501782626367836                        0        0.501919551745871        0.501919551745871                        0
       495                        0        0.501775318359861                        0        0.502084556312204        0.502084556312204                        0
       504                        0         0.50178351478619                        0        0.501853961252567        0.501853961252567                        0
       513                        0        0.501783010676541                        0        0.501968789201073        0.501968789201073                        0
       522                        0        0.501780048111817                        0         0.50200253197389         0.50200253197389                        0
       531                        0        0.501786960444147                        0        0.501838785027544        0.501838785027544                        0
       540                        0        0.501783768256962                        0        0.501989868419346        0.501989868419346                        0
       549                        0        0.501784432782006                        0        0.501925302111478        0.501925302111478                        0
       558                        0        0.501788664155373                        0        0.501854599363445        0.501854599363445                        0
       567                        0        0.501785231164782                        0        0.501979726737025        0.501979726737025                        0
       576                        0        0.501787915810265                        0        0.501870134746131        0.501870134746131                        0
       585                        0        0.501789465348683                        0        0.501880526597068        0.501880526597068                        0
       594                        0        0.501787206897971                        0           0.501947490562           0.501947490562                        0
       603                        0        0.501790344053407                        0        0.501842046276814        0.501842046276814                        0
       612                        0        0.501790025594854                        0        0.501900448719059        0.501900448719059                        0
       621                        0        0.501789320413168                        0        0.501907072778781        0.501907072778781                        0
       630                        0        0.501791856516722                        0        0.501836492493593        0.501836492493593                        0
       639                        0        0.501790709045328                        0        0.501906392865422        0.501906392865422                        0
       648                        0         0.50179124211504                        0        0.501870757865117        0.501870757865117                        0
       657                        0        0.501792741964455                        0        0.501844040900243        0.501844040900243                        0
       666                        0        0.501791607088072                        0        0.501898224602844        0.501898224602844                        0
       675                        0        0.501792783483692                        0        0.501845691745763        0.501845691745763                        0
       684                        0        0.501793305577172                        0        0.501854919473114        0.501854919473114                        0
       693                        0        0.501792643039591                        0        0.501880883195167        0.501880883195167                        0
       702                        0        0.501793902806955                        0        0.501833352305568        0.501833352305568                        0
       711                        0        0.501793777432437                        0        0.501862132738585        0.501862132738585                        0
       720                        0        0.501793683256515                        0        0.501860908978248        0.501860908978248                        0
