#square and square, nu_xymn_2
#MM NN: 4 1
#quadrature order: 16
#numpanels            c*(gradu.n)^2                      BEM        0.5*(gradu)^2 ex.       Boundary Formula 1       Boundary Formula 2
        18                        0        0.354104008497288                        0        0.336281122607002        0.336281122607002                        0
        27                        0        0.366124436793116                        0        0.374753916992091        0.374753916992091                        0
        36                        0        0.356006465776359                        0        0.340319843334245        0.340319843334245                        0
        45                        0        0.366052607249925                        0        0.418182997874158        0.418182997874158                        0
        54                        0        0.350001288781354                        0        0.320203217194414        0.320203217194414                        0
        63                        0        0.335497866889188                        0        0.332907027843103        0.332907027843103                        0
        72                        0        0.346261643774644                        0        0.386814340063399        0.386814340063399                        0
        81                        0        0.333135531922541                        0        0.312164493120963        0.312164493120963                        0
        90                        0        0.333551010022981                        0        0.345055086518009        0.345055086518009                        0
        99                        0        0.337382445634414                        0        0.352908300676672        0.352908300676672                        0
       108                        0        0.330395075573051                        0        0.317676559556551        0.317676559556551                        0
       117                        0        0.332772290731332                        0        0.348548804552379        0.348548804552379                        0
       126                        0        0.333035178593198                        0        0.334902380639676        0.334902380639676                        0
       135                        0        0.330124816301827                        0        0.325330078656773        0.325330078656773                        0
       144                        0        0.332148928937549                        0        0.346630843966882        0.346630843966882                        0
       153                        0        0.330961222794167                        0        0.327257387665828        0.327257387665828                        0
       162                        0        0.330264953404009                        0        0.331325230437518        0.331325230437518                        0
       171                        0        0.331510646503245                        0        0.341511890522644        0.341511890522644                        0
       180                        0        0.330155700540512                        0        0.325711150501289        0.325711150501289                        0
       189                        0        0.330384180509937                        0        0.335005327983342        0.335005327983342                        0
       198                        0        0.330895350481164                        0        0.335809892666632        0.335809892666632                        0
       207                        0        0.329935767800967                        0        0.326948483252866        0.326948483252866                        0
       216                        0        0.330411969418861                        0        0.336342601633378        0.336342601633378                        0
       225                        0        0.330402308372569                        0        0.331507702335038        0.331507702335038                        0
       234                        0         0.32993397010877                        0        0.329087123604852        0.329087123604852                        0
       243                        0        0.330357743390554                        0        0.335753530439898        0.335753530439898                        0
       252                        0        0.330093830761299                        0        0.329265284288539        0.329265284288539                        0
       261                        0        0.329982803518442                        0        0.331062546726291        0.331062546726291                        0
       270                        0        0.330248439825292                        0        0.334031855667219        0.334031855667219                        0
       279                        0          0.3299470340745                        0        0.328706378801696        0.328706378801696                        0
       288                        0        0.330020209484409                        0          0.3323259590584          0.3323259590584                        0
       297                        0        0.330120382488264                        0        0.332090671150372        0.332090671150372                        0
       306                        0        0.329900606654364                        0        0.329147265743294        0.329147265743294                        0
       315                        0         0.33003028707099                        0        0.332718156412544        0.332718156412544                        0
       324                        0        0.330009397568222                        0        0.330600189015641        0.330600189015641                        0
       333                        0         0.32990020940035                        0        0.329968006589331        0.329968006589331                        0
       342                        0        0.330014578559614                        0        0.332384467415323        0.332384467415323                        0
       351                        0        0.329934816581002                        0        0.329806650730162        0.329806650730162                        0
       360                        0        0.329912504140372                        0         0.33072685557847         0.33072685557847                        0
       369                        0        0.329981849795646                        0        0.331653455675638        0.331653455675638                        0
       378                        0         0.32989613617076                        0        0.329626046303043        0.329626046303043                        0
       387                        0         0.32992170888928                        0        0.331181468218965        0.331181468218965                        0
       396                        0        0.329943861635379                        0        0.330876590079026        0.330876590079026                        0
       405                        0        0.329882203694367                        0        0.329827188496298        0.329827188496298                        0
       414                        0        0.329922556191757                        0        0.331272503667611        0.331272503667611                        0
       423                        0        0.329910850338463                        0         0.33029476658777         0.33029476658777                        0
       432                        0        0.329880822883784                        0         0.33016753100952         0.33016753100952                        0
       441                        0         0.32991530611848                        0        0.331077654098865        0.331077654098865                        0
       450                        0        0.329888019819071                        0         0.32999344526605         0.32999344526605                        0
       459                        0        0.329883255305369                        0        0.330464554953719        0.330464554953719                        0
       468                        0        0.329902989905375                        0        0.330742399854148        0.330742399854148                        0
       477                        0        0.329875405779428                        0         0.32993664469366         0.32993664469366                        0
       486                        0        0.329884743947641                        0        0.330621654390676        0.330621654390676                        0
       495                        0        0.329889480491198                        0        0.330408571652501        0.330408571652501                        0
       504                        0        0.329870134861589                        0         0.33002897642391         0.33002897642391                        0
       513                        0        0.329883525906336                        0        0.330623639154978        0.330623639154978                        0
       522                        0        0.329877884560594                        0        0.330167104594464        0.330167104594464                        0
       531                        0        0.329868781979504                        0        0.330168873170077        0.330168873170077                        0
       540                        0        0.329879725415639                        0        0.330512136550993        0.330512136550993                        0
       549                        0        0.329869684673172                        0        0.330046307946091        0.330046307946091                        0
       558                        0        0.329868682285749                        0        0.330280995165693        0.330280995165693                        0
       567                        0        0.329874440610563                        0        0.330352106523673        0.330352106523673                        0
       576                        0        0.329864839804556                        0        0.330026712609018        0.330026712609018                        0
       585                        0        0.329868282562139                        0        0.330328518718256        0.330328518718256                        0
       594                        0         0.32986898803162                        0         0.33020202253868         0.33020202253868                        0
       603                        0        0.329862441199239                        0        0.330065783023127        0.330065783023127                        0
       612                        0        0.329866997008023                        0        0.330309977616404        0.330309977616404                        0
       621                        0        0.329864360029488                        0        0.330096760389797        0.330096760389797                        0
       630                        0         0.32986138324051                        0        0.330119926434647        0.330119926434647                        0
       639                        0        0.329864899597612                        0        0.330246737187128        0.330246737187128                        0
       648                        0        0.329860996090191                        0        0.330044831672971        0.330044831672971                        0
       657                        0        0.329860774872738                        0        0.330158204241476        0.330158204241476                        0
       666                        0        0.329862396709126                        0        0.330167750813153        0.330167750813153                        0
       675                        0        0.329858846329812                        0        0.330035464401277        0.330035464401277                        0
       684                        0        0.329860084807924                        0        0.330167073062902        0.330167073062902                        0
       693                        0        0.329859946593147                        0        0.330097288166926        0.330097288166926                        0
       702                        0        0.329857583911332                        0        0.330049210811513        0.330049210811513                        0
       711                        0        0.329859117877832                        0        0.330148121117811        0.330148121117811                        0
       720                        0        0.329857876116138                        0        0.330048666679876        0.330048666679876                        0
