#square and square, nu_xymn_2
#MM NN: 2 1
#quadrature order: 16
#numpanels            c*(gradu.n)^2                      BEM        0.5*(gradu)^2 ex.       Boundary Formula 1       Boundary Formula 2
        18                        0       0.0843320554742412                        0        0.105073617870541        0.105073617870541                        0
        27                        0       0.0897351461610025                        0        0.118876998873515        0.118876998873515                        0
        36                        0       0.0896015961150459                        0         0.11068147397678         0.11068147397678                        0
        45                        0       0.0898392525993039                        0        0.116924217187157        0.116924217187157                        0
        54                        0       0.0935999526741338                        0         0.11063653148948         0.11063653148948                        0
        63                        0       0.0924034636001418                        0        0.106849108453335        0.106849108453335                        0
        72                        0        0.093014998499332                        0        0.106698450414232        0.106698450414232                        0
        81                        0       0.0936704898926679                        0         0.10248330626155         0.10248330626155                        0
        90                        0        0.093238669933842                        0         0.10092568912016         0.10092568912016                        0
        99                        0       0.0936859835329853                        0         0.10032296105316         0.10032296105316                        0
       108                        0       0.0937397993883934                        0       0.0981808801504772       0.0981808801504772                        0
       117                        0       0.0935512541641358                        0       0.0976742866176986       0.0976742866176986                        0
       126                        0       0.0938683703341498                        0       0.0971442430121994       0.0971442430121994                        0
       135                        0       0.0937491492722104                        0       0.0960664414983019       0.0960664414983019                        0
       144                        0       0.0937053192512631                        0       0.0960219754922881       0.0960219754922881                        0
       153                        0       0.0938770556350557                        0       0.0955458252203155       0.0955458252203155                        0
       162                        0       0.0937528266332834                        0       0.0950546756894421       0.0950546756894421                        0
       171                        0       0.0937894977388413                        0       0.0951393933712196       0.0951393933712196                        0
       180                        0       0.0938474484128217                        0       0.0947388552852467       0.0947388552852467                        0
       189                        0       0.0937639917898929                        0       0.0945724197484103       0.0945724197484103                        0
       198                        0       0.0938276425777128                        0        0.094630633261692        0.094630633261692                        0
       207                        0       0.0938201096307604                        0       0.0943318758433601       0.0943318758433601                        0
       216                        0       0.0937806785217069                        0       0.0943326308345473       0.0943326308345473                        0
       225                        0       0.0938352546153158                        0       0.0943191451764307       0.0943191451764307                        0
       234                        0        0.093803647532439                        0       0.0941312630334154       0.0941312630334154                        0
       243                        0       0.0937972535225359                        0       0.0941961813497303       0.0941961813497303                        0
       252                        0       0.0938282500217105                        0       0.0941265388983984       0.0941265388983984                        0
       261                        0       0.0937970616270946                        0       0.0940359069245079       0.0940359069245079                        0
       270                        0       0.0938090673258585                        0       0.0941012295844655       0.0941012295844655                        0
       279                        0       0.0938179009757984                        0       0.0940109631780057       0.0940109631780057                        0
       288                        0       0.0937971085232347                        0       0.0939904867301095       0.0939904867301095                        0
       297                        0       0.0938143928776969                        0       0.0940257120109362       0.0940257120109362                        0
       306                        0       0.0938094907145775                        0       0.0939456958110082       0.0939456958110082                        0
       315                        0       0.0938004256216019                        0        0.093964666306443        0.093964666306443                        0
       324                        0       0.0938144379316618                        0       0.0939652347794402       0.0939652347794402                        0
       333                        0       0.0938044697471915                        0       0.0939118693754708       0.0939118693754708                        0
       342                        0       0.0938042859374026                        0       0.0939434097712973       0.0939434097712973                        0
       351                        0       0.0938117259951725                        0       0.0939200172546146       0.0939200172546146                        0
       360                        0       0.0938024920271797                        0       0.0938956969191088       0.0938956969191088                        0
       369                        0       0.0938070042983272                        0       0.0939214950377231       0.0939214950377231                        0
       378                        0       0.0938084451443561                        0       0.0938893568124726       0.0938893568124726                        0
       387                        0       0.0938025568286345                        0       0.0938874431400928       0.0938874431400928                        0
       396                        0       0.0938080418618198                        0       0.0938992666289258       0.0938992666289258                        0
       405                        0       0.0938058291462518                        0       0.0938707362089828       0.0938707362089828                        0
       414                        0       0.0938035806246363                        0       0.0938810254663445       0.0938810254663445                        0
       423                        0       0.0938077154815465                        0       0.0938790618104813       0.0938790618104813                        0
       432                        0       0.0938042819681223                        0       0.0938605966568217       0.0938605966568217                        0
       441                        0       0.0938047012542997                        0       0.0938735819326751       0.0938735819326751                        0
       450                        0       0.0938066876486275                        0       0.0938628502980287       0.0938628502980287                        0
       459                        0       0.0938037024000245                        0       0.0938553202734793       0.0938553202734793                        0
       468                        0       0.0938054235907403                        0       0.0938646854663104       0.0938646854663104                        0
       477                        0       0.0938055547755062                        0       0.0938513215578795       0.0938513215578795                        0
       486                        0       0.0938037634062705                        0       0.0938519740792821       0.0938519740792821                        0
       495                        0       0.0938056183395061                        0       0.0938552644091395       0.0938552644091395                        0
       504                        0       0.0938046729148985                        0       0.0938439776193315       0.0938439776193315                        0
       513                        0       0.0938041040818269                        0       0.0938487008672121       0.0938487008672121                        0
       522                        0        0.093805404135036                        0       0.0938465647640282       0.0938465647640282                        0
       531                        0       0.0938041608583135                        0       0.0938396383303193       0.0938396383303193                        0
       540                        0       0.0938044451055296                        0       0.0938447436972255       0.0938447436972255                        0
       549                        0       0.0938049924834703                        0       0.0938394733650868       0.0938394733650868                        0
       558                        0       0.0938039766414472                        0        0.093836975955782        0.093836975955782                        0
       567                        0       0.0938046368103747                        0       0.0938401758512423       0.0938401758512423                        0
       576                        0       0.0938045710525834                        0       0.0938342836784121       0.0938342836784121                        0
       585                        0       0.0938040025935166                        0       0.0938349050341607       0.0938349050341607                        0
       594                        0       0.0938046502088083                        0       0.0938354900387005       0.0938354900387005                        0
       603                        0       0.0938042516052396                        0        0.093830780887978        0.093830780887978                        0
       612                        0       0.0938041124099522                        0       0.0938327722167047       0.0938327722167047                        0
       621                        0       0.0938045330383871                        0       0.0938312210140063       0.0938312210140063                        0
       630                        0       0.0938040683769143                        0       0.0938284687605281       0.0938284687605281                        0
       639                        0       0.0938042121455323                        0       0.0938303589502208       0.0938303589502208                        0
       648                        0       0.0938043591674226                        0       0.0938277140319791       0.0938277140319791                        0
       657                        0       0.0938040015537863                        0       0.0938268026137625       0.0938268026137625                        0
       666                        0       0.0938042550182374                        0       0.0938277562179494       0.0938277562179494                        0
       675                        0        0.093804191941374                        0       0.0938250574772005       0.0938250574772005                        0
       684                        0       0.0938040063873205                        0       0.0938253539811647       0.0938253539811647                        0
       693                        0       0.0938042356964292                        0       0.0938251927075718       0.0938251927075718                        0
       702                        0       0.0938040677759253                        0       0.0938231325158266       0.0938231325158266                        0
       711                        0       0.0938040371137495                        0       0.0938238825629547       0.0938238825629547                        0
       720                        0       0.0938041737822868                        0       0.0938228880193425       0.0938228880193425                        0
       729                        0        0.093803995928977                        0         0.09382171405047         0.09382171405047                        0
       738                        0       0.0938040612000849                        0       0.0938223263550269       0.0938223263550269                        0
       747                        0       0.0938040962990608                        0       0.0938209692264239       0.0938209692264239                        0
       756                        0       0.0938039669494208                        0       0.0938205695590086       0.0938205695590086                        0
       765                        0       0.0938040637078517                        0       0.0938207416073454       0.0938207416073454                        0
       774                        0       0.0938040254208669                        0       0.0938194529891428       0.0938194529891428                        0
       783                        0        0.093803963285425                        0       0.0938195252565922       0.0938195252565922                        0
