#square and square, nu_xymn_1
#MM NN: 5 5
#quadrature order: 16
#numpanels            c*(gradu.n)^2                      BEM        0.5*(gradu)^2 ex.       Boundary Formula 1       Boundary Formula 2
        18                        0       0.0102770917197092                        0      0.00708450878641349      0.00708450878641349                        0
        27                        0       0.0107434118857953                        0      0.00785278891490055      0.00785278891490055                        0
        36                        0       0.0106504921117438                        0      0.00775696666327216      0.00775696666327216                        0
        45                        0       0.0107943411560394                        0      0.00785445542238513      0.00785445542238513                        0
        54                        0       0.0108509700480934                        0       0.0086383275782979       0.0086383275782979                        0
        63                        0       0.0106450549415147                        0      0.00943685171577362      0.00943685171577362                        0
        72                        0       0.0105662345509375                        0      0.00968881842395691      0.00968881842395691                        0
        81                        0       0.0105570476535055                        0      0.00992028627431892      0.00992028627431892                        0
        90                        0         0.01050221216127                        0       0.0100516782072647       0.0100516782072647                        0
        99                        0       0.0104839580563469                        0       0.0101341671099165       0.0101341671099165                        0
       108                        0       0.0104701232152568                        0       0.0102276905624383       0.0102276905624383                        0
       117                        0       0.0104481644487474                        0       0.0102706253810277       0.0102706253810277                        0
       126                        0       0.0104459383296499                        0       0.0103107039871702       0.0103107039871702                        0
       135                        0       0.0104363710046013                        0       0.0103415667853212       0.0103415667853212                        0
       144                        0       0.0104288228938644                        0       0.0103571354055621       0.0103571354055621                        0
       153                        0       0.0104291318304351                        0       0.0103765252933311       0.0103765252933311                        0
       162                        0       0.0104229297054039                        0       0.0103868875478191       0.0103868875478191                        0
       171                        0       0.0104213307319557                        0       0.0103943558501264       0.0103943558501264                        0
       180                        0       0.0104209552388178                        0       0.0104031511932068       0.0104031511932068                        0
       189                        0       0.0104173901586849                        0       0.0104063403775628       0.0104063403775628                        0
       198                        0       0.0104178570041557                        0       0.0104106183928797       0.0104106183928797                        0
       207                        0       0.0104167399339183                        0       0.0104139925001296       0.0104139925001296                        0
       216                        0       0.0104150810830975                        0       0.0104149310992951       0.0104149310992951                        0
       225                        0       0.0104158179783687                        0       0.0104174342042028       0.0104174342042028                        0
       234                        0       0.0104145262068849                        0       0.0104182449224302       0.0104182449224302                        0
       243                        0       0.0104140710934639                        0       0.0104186449843549       0.0104186449843549                        0
       252                        0       0.0104144346201279                        0       0.0104198941611468       0.0104198941611468                        0
       261                        0       0.0104133855950314                        0       0.0104197023366881       0.0104197023366881                        0
       270                        0       0.0104135306285614                        0       0.0104200231096155       0.0104200231096155                        0
       279                        0       0.0104134727059831                        0       0.0104204024145004       0.0104204024145004                        0
       288                        0       0.0104128224520852                        0       0.0104199772360609       0.0104199772360609                        0
       297                        0       0.0104131326137517                        0       0.0104202348563611       0.0104202348563611                        0
       306                        0       0.0104128294139716                        0       0.0104201020163011       0.0104201020163011                        0
       315                        0       0.0104125488762004                        0       0.0104197515601497       0.0104197515601497                        0
       324                        0       0.0104127834470615                        0       0.0104198759194255       0.0104198759194255                        0
       333                        0       0.0104124265993431                        0       0.0104195209820952       0.0104195209820952                        0
       342                        0        0.010412397353433                        0       0.0104193089713575       0.0104193089713575                        0
       351                        0        0.010412479469873                        0       0.0104192731159501       0.0104192731159501                        0
       360                        0       0.0104121925424299                        0       0.0104188867487387       0.0104188867487387                        0
       369                        0       0.0104122813523773                        0       0.0104187712215191       0.0104187712215191                        0
       378                        0       0.0104122349439431                        0       0.0104186056608705       0.0104186056608705                        0
       387                        0       0.0104120639587162                        0       0.0104182831579285       0.0104182831579285                        0
       396                        0       0.0104121683478205                        0       0.0104181998981833       0.0104181998981833                        0
       405                        0       0.0104120556280336                        0       0.0104179639842652       0.0104179639842652                        0
       414                        0       0.0104119909434702                        0       0.0104177303610311       0.0104177303610311                        0
       423                        0       0.0104120558627319                        0       0.0104176339892128       0.0104176339892128                        0
       432                        0        0.010411935256123                        0       0.0104173853838933       0.0104173853838933                        0
       441                        0       0.0104119400206375                        0       0.0104172255027258       0.0104172255027258                        0
       450                        0       0.0104119524548111                        0       0.0104170999154386       0.0104170999154386                        0
       459                        0       0.0104118599494098                        0       0.0104168774802739       0.0104168774802739                        0
       468                        0        0.010411893614481                        0       0.0104167618439532       0.0104167618439532                        0
       477                        0       0.0104118663135854                        0       0.0104166132661391       0.0104166132661391                        0
       486                        0       0.0104118137670383                        0       0.0104164335813141       0.0104164335813141                        0
       495                        0       0.0104118462478918                        0       0.0104163354731366       0.0104163354731366                        0
       504                        0       0.0104118008597039                        0       0.0104161800512043       0.0104161800512043                        0
       513                        0       0.0104117829516114                        0       0.0104160423116778       0.0104160423116778                        0
       522                        0        0.010411799291489                        0       0.0104159455757824       0.0104159455757824                        0
       531                        0       0.0104117547135498                        0       0.0104157990440236       0.0104157990440236                        0
       540                        0       0.0104117581405772                        0        0.010415692985422        0.010415692985422                        0
       549                        0       0.0104117563167736                        0       0.0104155924593164       0.0104155924593164                        0
       558                        0       0.0104117235249055                        0       0.0104154646537024       0.0104154646537024                        0
       567                        0        0.010411734618683                        0       0.0104153778096167       0.0104153778096167                        0
       576                        0        0.010411720195026                        0       0.0104152757467252       0.0104152757467252                        0
       585                        0       0.0104117020757009                        0       0.0104151695679942       0.0104151695679942                        0
       594                        0       0.0104117112198739                        0       0.0104150919817065       0.0104150919817065                        0
       603                        0       0.0104116919855701                        0       0.0104149935774068       0.0104149935774068                        0
       612                        0       0.0104116858608329                        0       0.0104149066968336       0.0104149066968336                        0
       621                        0       0.0104116887167324                        0       0.0104148327462096       0.0104148327462096                        0
       630                        0       0.0104116710494239                        0       0.0104147427155789       0.0104147427155789                        0
       639                        0       0.0104116718750204                        0       0.0104146702503226       0.0104146702503226                        0
       648                        0       0.0104116683996628                        0       0.0104145982717296       0.0104145982717296                        0
       657                        0       0.0104116557328436                        0       0.0104145191473055       0.0104145191473055                        0
       666                        0       0.0104116586739759                        0       0.0104144560344407       0.0104144560344407                        0
       675                        0       0.0104116511981518                        0       0.0104143868383802       0.0104143868383802                        0
       684                        0       0.0104116441271648                        0       0.0104143187710628       0.0104143187710628                        0
       693                        0       0.0104116459722472                        0       0.0104142612147026       0.0104142612147026                        0
       702                        0       0.0104116373638131                        0       0.0104141964688346       0.0104141964688346                        0
       711                        0       0.0104116346255599                        0        0.010414137927705        0.010414137927705                        0
