#square and square, nu_xymn_2
#MM NN: 4 3
#quadrature order: 16
#numpanels            c*(gradu.n)^2                      BEM        0.5*(gradu)^2 ex.       Boundary Formula 1       Boundary Formula 2
        18                        0        0.156714903756077                        0         0.14381913974564         0.14381913974564                        0
        27                        0        0.171059673836959                        0        0.171945089826685        0.171945089826685                        0
        36                        0        0.156874516359928                        0        0.141117369780901        0.141117369780901                        0
        45                        0         0.16274629942923                        0         0.17994142330238         0.17994142330238                        0
        54                        0        0.156749417407065                        0        0.142194299031683        0.142194299031683                        0
        63                        0        0.149765365587962                        0        0.142137962442343        0.142137962442343                        0
        72                        0        0.154013430650299                        0        0.166940160754619        0.166940160754619                        0
        81                        0        0.149109672932244                        0        0.137690881703842        0.137690881703842                        0
        90                        0         0.14921657665495                        0        0.149601027113438        0.149601027113438                        0
        99                        0        0.150812855888464                        0        0.156538743801093        0.156538743801093                        0
       108                        0        0.148149387337993                        0        0.141170951806663        0.141170951806663                        0
       117                        0        0.149016267613856                        0        0.152575885868112        0.152575885868112                        0
       126                        0        0.149231334125223                        0        0.149606569246714        0.149606569246714                        0
       135                        0        0.148113713078713                        0        0.144703949494268        0.144703949494268                        0
       144                        0        0.148841410253426                        0        0.153192196397818        0.153192196397818                        0
       153                        0        0.148482185258916                        0        0.146542255659522        0.146542255659522                        0
       162                        0        0.148201283447688                        0        0.147320110826853        0.147320110826853                        0
       171                        0        0.148658129616901                        0        0.152193984832119        0.152193984832119                        0
       180                        0        0.148195289854593                        0        0.145901554721675        0.145901554721675                        0
       189                        0        0.148264826952986                        0        0.149035946946324        0.149035946946324                        0
       198                        0        0.148471414490276                        0        0.150349639797658        0.150349639797658                        0
       207                        0        0.148121962248889                        0         0.14636072628389         0.14636072628389                        0
       216                        0        0.148287772961446                        0        0.149922327963076        0.149922327963076                        0
       225                        0        0.148309407033186                        0        0.148675137168679        0.148675137168679                        0
       234                        0        0.148127895116426                        0        0.147203340109421        0.147203340109421                        0
       243                        0        0.148279818707859                        0        0.150061402775692        0.150061402775692                        0
       252                        0        0.148201977076231                        0         0.14770869073324         0.14770869073324                        0
       261                        0         0.14815124523718                        0        0.148040879613075        0.148040879613075                        0
       270                        0        0.148251735394059                        0        0.149632544075652        0.149632544075652                        0
       279                        0        0.148149298754805                        0        0.147410346357679        0.147410346357679                        0
       288                        0        0.148169318643222                        0        0.148663044878513        0.148663044878513                        0
       297                        0        0.148213795789389                        0        0.148956891789535        0.148956891789535                        0
       306                        0         0.14813290255292                        0        0.147540454790682        0.147540454790682                        0
       315                        0        0.148177039063627                        0        0.148975218939687        0.148975218939687                        0
       324                        0        0.148177677489234                        0        0.148357000471125        0.148357000471125                        0
       333                        0        0.148133800368364                        0        0.147863764134813        0.147863764134813                        0
       342                        0        0.148175435751572                        0        0.148981411808267        0.148981411808267                        0
       351                        0         0.14815180514711                        0        0.147997893001135        0.147997893001135                        0
       360                        0        0.148139662985965                        0        0.148204365840275        0.148204365840275                        0
       369                        0        0.148167229113556                        0        0.148773945656878        0.148773945656878                        0
       378                        0        0.148137866076078                        0        0.147885985776735        0.147885985776735                        0
       387                        0        0.148144566499948                        0        0.148452446379393        0.148452446379393                        0
       396                        0        0.148155964384434                        0        0.148490597478463        0.148490597478463                        0
       405                        0        0.148132858603177                        0        0.147946731432524        0.147946731432524                        0
       414                        0        0.148146539843124                        0        0.148561343384483        0.148561343384483                        0
       423                        0        0.148145231692106                        0        0.148248919036136        0.148248919036136                        0
       432                        0        0.148132657643257                        0        0.148087787569223        0.148087787569223                        0
       441                        0         0.14814553742482                        0        0.148540274849582        0.148540274849582                        0
       450                        0        0.148137353373998                        0        0.148107038594174        0.148107038594174                        0
       459                        0        0.148134073911048                        0        0.148231841187994        0.148231841187994                        0
       468                        0        0.148142410638694                        0        0.148437067305812        0.148437067305812                        0
       477                        0        0.148132853743841                        0          0.1480669030851          0.1480669030851                        0
       486                        0        0.148135298889036                        0        0.148330074961798        0.148330074961798                        0
       495                        0        0.148138395772748                        0        0.148311099546014        0.148311099546014                        0
       504                        0        0.148131004140005                        0        0.148098016163079        0.148098016163079                        0
       513                        0         0.14813559964116                        0        0.148364825981724        0.148364825981724                        0
       522                        0        0.148134646218515                        0        0.148208414302115        0.148208414302115                        0
       531                        0        0.148130676159142                        0        0.148160587398294        0.148160587398294                        0
       540                        0        0.148134912052939                        0        0.148344484016174        0.148344484016174                        0
       549                        0         0.14813185594374                        0        0.148150368480317        0.148150368480317                        0
       558                        0        0.148130908012243                        0        0.148220780828563        0.148220780828563                        0
       567                        0        0.148133539310396                        0        0.148292513736608        0.148292513736608                        0
       576                        0        0.148130173962595                        0         0.14813601859551         0.14813601859551                        0
       585                        0        0.148131098145903                        0        0.148258139929151        0.148258139929151                        0
       594                        0        0.148131921208725                        0        0.148234681966866        0.148234681966866                        0
       603                        0        0.148129375722865                        0        0.148151254791887        0.148151254791887                        0
       612                        0        0.148130981397038                        0        0.148266821586456        0.148266821586456                        0
       621                        0        0.148130444223103                        0        0.148189566362874        0.148189566362874                        0
       630                        0        0.148129102935518                        0        0.148178300552655        0.148178300552655                        0
       639                        0        0.148130533634379                        0        0.148252329048005        0.148252329048005                        0
       648                        0        0.148129327982546                        0        0.148164979224892        0.148164979224892                        0
       657                        0        0.148129034480237                        0        0.148202477643208        0.148202477643208                        0
       666                        0         0.14812986890301                        0        0.148225837931911        0.148225837931911                        0
       675                        0        0.148128612739748                        0        0.148159449322599        0.148159449322599                        0
       684                        0        0.148128959592008                        0        0.148215507002005        0.148215507002005                        0
       693                        0        0.148129146330022                        0        0.148198558826889        0.148198558826889                        0
       702                        0        0.148128217803045                        0        0.148166182538015        0.148166182538015                        0
       711                        0        0.148128783207209                        0        0.148215752961519        0.148215752961519                        0
       720                        0        0.148128499288715                        0        0.148178043096696        0.148178043096696                        0
