#square and square, nu_xymn_1
#MM NN: 3 5
#quadrature order: 16
#numpanels            c*(gradu.n)^2                      BEM        0.5*(gradu)^2 ex.       Boundary Formula 1       Boundary Formula 2
        18                        0        0.253186131780138                        0       0.0983840769251586       0.0983840769251586                        0
        27                        0        0.275078722378589                        0         0.10748824431714         0.10748824431714                        0
        36                        0        0.272141448086871                        0        0.131042168631182        0.131042168631182                        0
        45                        0        0.284500636001727                        0        0.159784096620398        0.159784096620398                        0
        54                        0        0.279819368369892                        0        0.160083764746287        0.160083764746287                        0
        63                        0        0.282252018172702                        0        0.227798072337315        0.227798072337315                        0
        72                        0        0.273713183705743                        0        0.222385962439625        0.222385962439625                        0
        81                        0        0.282708994789006                        0        0.236140680709383        0.236140680709383                        0
        90                        0        0.276633994330267                        0        0.255039313205769        0.255039313205769                        0
        99                        0        0.277335367653103                        0        0.245064984275101        0.245064984275101                        0
       108                        0         0.27978570864803                        0         0.26081782752365         0.26081782752365                        0
       117                        0        0.275770754447077                        0        0.264982147298915        0.264982147298915                        0
       126                        0        0.278495480041316                        0        0.259968016480334        0.259968016480334                        0
       135                        0        0.277740737283519                        0         0.27014697288793         0.27014697288793                        0
       144                        0        0.276153950612064                        0        0.269276107724982        0.269276107724982                        0
       153                        0        0.278180917975949                        0        0.267810684877223        0.267810684877223                        0
       162                        0        0.276801287374567                        0        0.274011736212781        0.274011736212781                        0
       171                        0        0.276688491510189                        0        0.271123305674531        0.271123305674531                        0
       180                        0        0.277618070843588                        0        0.272278956663996        0.272278956663996                        0
       189                        0        0.276478370343052                        0        0.275518464142463        0.275518464142463                        0
       198                        0        0.277010081631911                        0        0.272304284550648        0.272304284550648                        0
       207                        0        0.277145097433952                        0        0.274797493208801        0.274797493208801                        0
       216                        0        0.276468795306588                        0        0.275886162074489        0.275886162074489                        0
       225                        0         0.27708086676608                        0          0.2734648371885          0.2734648371885                        0
       234                        0        0.276829365325641                        0        0.276157846581394        0.276157846581394                        0
       243                        0        0.276583118049839                        0        0.275738566972632        0.275738566972632                        0
       252                        0        0.277007016939772                        0        0.274610536097655        0.274610536097655                        0
       261                        0        0.276660414152062                        0        0.276777250915188        0.276777250915188                        0
       270                        0        0.276701155606988                        0        0.275507148924217        0.275507148924217                        0
       279                        0        0.276886333256597                        0        0.275586218444566        0.275586218444566                        0
       288                        0        0.276601815665164                        0        0.276913029493169        0.276913029493169                        0
       297                        0        0.276767292411681                        0        0.275459323058412        0.275459323058412                        0
       306                        0        0.276773924452882                        0        0.276301963022454        0.276301963022454                        0
       315                        0        0.276609538566304                        0        0.276765197200083        0.276765197200083                        0
       324                        0        0.276778479015693                        0         0.27564830206403         0.27564830206403                        0
       333                        0        0.276693510977263                        0        0.276737878847336        0.276737878847336                        0
       342                        0         0.27664307692647                        0         0.27651603671612         0.27651603671612                        0
       351                        0        0.276755139682001                        0        0.275979877373103        0.275979877373103                        0
       360                        0        0.276649526034972                        0        0.276921836761673        0.276921836761673                        0
       369                        0        0.276674144757236                        0        0.276315461151566        0.276315461151566                        0
       378                        0         0.27671887763564                        0        0.276331205031758        0.276331205031758                        0
       387                        0        0.276635212980243                        0        0.276914936724232        0.276914936724232                        0
       396                        0        0.276690190864445                        0        0.276242787822575        0.276242787822575                        0
       405                        0        0.276684596771356                        0        0.276614042851971        0.276614042851971                        0
       414                        0        0.276638860444053                        0        0.276798986007764        0.276798986007764                        0
       423                        0        0.276690921055887                        0        0.276297057337364        0.276297057337364                        0
       432                        0        0.276659880016282                        0        0.276787201717259        0.276787201717259                        0
       441                        0        0.276648958376434                        0        0.276657904292294        0.276657904292294                        0
       450                        0        0.276681770209056                        0        0.276428004564114        0.276428004564114                        0
       459                        0        0.276646456449187                        0         0.27684945886617         0.27684945886617                        0
       468                        0        0.276657601843316                        0        0.276554871885887        0.276554871885887                        0
       477                        0         0.27666894095496                        0        0.276575785430738        0.276575785430738                        0
       486                        0        0.276642227943975                        0         0.27682739959429         0.27682739959429                        0
       495                        0        0.276661410773228                        0        0.276517486719106        0.276517486719106                        0
       504                        0         0.27665706322894                        0        0.276695524459369        0.276695524459369                        0
       513                        0        0.276643413164147                        0        0.276761299067621        0.276761299067621                        0
       522                        0        0.276660440769723                        0        0.276539878924809        0.276539878924809                        0
       531                        0        0.276648572679556                        0        0.276765352410363        0.276765352410363                        0
       540                        0        0.276646368636508                        0        0.276690483493399        0.276690483493399                        0
       549                        0        0.276656431001946                        0        0.276597192368523        0.276597192368523                        0
       558                        0        0.276643958685147                        0        0.276784508024703        0.276784508024703                        0
       567                        0        0.276648663839743                        0        0.276641785258747        0.276641785258747                        0
       576                        0        0.276651404193971                        0        0.276661442301599        0.276661442301599                        0
       585                        0          0.2766424210097                        0        0.276766653325196        0.276766653325196                        0
       594                        0        0.276649303628813                        0        0.276624936953038        0.276624936953038                        0
       603                        0        0.276646894940975                        0        0.276711873118146        0.276711873118146                        0
       612                        0          0.2766426327385                        0        0.276731459409649        0.276731459409649                        0
       621                        0        0.276648369916556                        0        0.276635313852872        0.276635313852872                        0
       630                        0         0.27664369052609                        0         0.27673881045177         0.27673881045177                        0
       639                        0        0.276643363621184                        0        0.276696871992203        0.276696871992203                        0
       648                        0        0.276646481250482                        0        0.276660730935428        0.276660730935428                        0
       657                        0         0.27664190087485                        0        0.276742742800692        0.276742742800692                        0
       666                        0        0.276643818831204                        0        0.276674131132762        0.276674131132762                        0
       675                        0        0.276644342431901                        0        0.276688256668355        0.276688256668355                        0
       684                        0        0.276641198363508                        0        0.276730767645426        0.276730767645426                        0
       693                        0        0.276643692329364                        0        0.276666498011242        0.276666498011242                        0
       702                        0        0.276642478978863                        0        0.276708658946434        0.276708658946434                        0
       711                        0        0.276641094249661                        0        0.276712258993858        0.276712258993858                        0
