#square and square, nu_xymn_1
#MM NN: 5 1
#quadrature order: 16
#numpanels            c*(gradu.n)^2                      BEM        0.5*(gradu)^2 ex.       Boundary Formula 1       Boundary Formula 2
        18                        0        0.100201540661325                        0       0.0660461776407415       0.0660461776407415                        0
        27                        0         0.10544414313807                        0       0.0726006403018287       0.0726006403018287                        0
        36                        0        0.105716304540484                        0       0.0729780333359692       0.0729780333359692                        0
        45                        0         0.10698424670911                        0       0.0742110395513585       0.0742110395513585                        0
        54                        0        0.111449969416321                        0       0.0832959391814014       0.0832959391814014                        0
        63                        0        0.113792048968291                        0       0.0938595129826487       0.0938595129826487                        0
        72                        0        0.114888439126218                        0       0.0990507868552328       0.0990507868552328                        0
        81                        0        0.115809333623232                        0        0.102924023561947        0.102924023561947                        0
        90                        0        0.116167377849902                        0        0.105783793287664        0.105783793287664                        0
        99                        0        0.116564961518636                        0        0.108137637068688        0.108137637068688                        0
       108                        0        0.116826464530987                        0          0.1102664267371          0.1102664267371                        0
       117                        0          0.1169331566945                        0        0.111732767585638        0.111732767585638                        0
       126                        0        0.117115339074158                        0        0.112975136095897        0.112975136095897                        0
       135                        0        0.117174402744739                        0        0.113926276325432        0.113926276325432                        0
       144                        0        0.117225965501463                        0        0.114637575206202        0.114637575206202                        0
       153                        0        0.117307615310402                        0        0.115263992011378        0.115263992011378                        0
       162                        0        0.117314021757577                        0        0.115711811518807        0.115711811518807                        0
       171                        0        0.117352164440557                        0        0.116078200367502        0.116078200367502                        0
       180                        0        0.117382235960091                        0         0.11638633640144         0.11638633640144                        0
       189                        0        0.117380144990326                        0        0.116601015815306        0.116601015815306                        0
       198                        0        0.117409130470567                        0        0.116794878502377        0.116794878502377                        0
       207                        0        0.117414876634156                        0        0.116942603427667        0.116942603427667                        0
       216                        0         0.11741613273464                        0        0.117050300853763        0.117050300853763                        0
       225                        0        0.117434902284539                        0        0.117153577458175        0.117153577458175                        0
       234                        0         0.11743183542332                        0        0.117222633028621        0.117222633028621                        0
       243                        0        0.117437222707926                        0        0.117280383790841        0.117280383790841                        0
       252                        0        0.117446624657892                        0        0.117333916450331        0.117333916450331                        0
       261                        0        0.117442520751651                        0        0.117365996461121        0.117365996461121                        0
       270                        0        0.117449568224675                        0        0.117399012687221        0.117399012687221                        0
       279                        0        0.117452356625644                        0        0.117425030304177        0.117425030304177                        0
       288                        0        0.117450210119644                        0        0.117440610907394        0.117440610907394                        0
       297                        0        0.117456450636541                        0        0.117459905179016        0.117459905179016                        0
       306                        0        0.117455757750911                        0        0.117471277067107        0.117471277067107                        0
       315                        0        0.117455939497049                        0        0.117479791032148        0.117479791032148                        0
       324                        0        0.117460082991985                        0        0.117490556519295        0.117490556519295                        0
       333                        0        0.117458339206727                        0        0.117494773856867        0.117494773856867                        0
       342                        0         0.11746004646046                        0        0.117500116764822        0.117500116764822                        0
       351                        0        0.117461994473618                        0        0.117505353359933        0.117505353359933                        0
       360                        0        0.117460597845182                        0        0.117506557887228        0.117506557887228                        0
       369                        0        0.117462779860706                        0        0.117510086439463        0.117510086439463                        0
       378                        0        0.117463138307118                        0        0.117511904234814        0.117511904234814                        0
       387                        0        0.117462594947146                        0        0.117512142126131        0.117512142126131                        0
       396                        0        0.117464461866257                        0        0.117514265402216        0.117514265402216                        0
       405                        0        0.117464019715275                        0        0.117514224413511        0.117514224413511                        0
       414                        0        0.117464258415852                        0        0.117514303565919        0.117514303565919                        0
       423                        0        0.117465448535398                        0        0.117515231876481        0.117515231876481                        0
       432                        0        0.117464843891963                        0        0.117514403259938        0.117514403259938                        0
       441                        0         0.11746553270715                        0        0.117514488395352        0.117514488395352                        0
       450                        0        0.117466049097109                        0        0.117514486542021        0.117514486542021                        0
       459                        0        0.117465645982018                        0        0.117513501718475        0.117513501718475                        0
       468                        0        0.117466430828061                        0         0.11751350704514         0.11751350704514                        0
       477                        0        0.117466479101171                        0        0.117512900474866        0.117512900474866                        0
       486                        0        0.117466388046266                        0        0.117512044469507        0.117512044469507                        0
       495                        0        0.117467025251906                        0        0.117511859179234        0.117511859179234                        0
       504                        0        0.117466856866763                        0        0.117510960741334        0.117510960741334                        0
       513                        0        0.117467022005191                        0        0.117510291124719        0.117510291124719                        0
       522                        0        0.117467413329229                        0        0.117509873916447        0.117509873916447                        0
       531                        0        0.117467225858653                        0        0.117508920588645        0.117508920588645                        0
       540                        0        0.117467521750606                        0        0.117508381166907        0.117508381166907                        0
       549                        0         0.11746768464646                        0        0.117507768474598        0.117507768474598                        0
       558                        0        0.117467584943107                        0        0.117506897309785        0.117506897309785                        0
       567                        0        0.117467890598621                        0        0.117506404238157        0.117506404238157                        0
       576                        0        0.117467902918959                        0        0.117505677439655        0.117505677439655                        0
       585                        0         0.11746791535882                        0        0.117504936502463        0.117504936502463                        0
       594                        0        0.117468153408388                        0        0.117504427842418        0.117504427842418                        0
       603                        0        0.117468102637725                        0        0.117503674013811        0.117503674013811                        0
       612                        0        0.117468199211883                        0        0.117503052182759        0.117503052182759                        0
       621                        0        0.117468343367733                        0         0.11750250421527         0.11750250421527                        0
       630                        0        0.117468295090894                        0        0.117501789068118        0.117501789068118                        0
       639                        0        0.117468428400725                        0         0.11750124886652         0.11750124886652                        0
       648                        0         0.11746849075994                        0        0.117500670156922        0.117500670156922                        0
       657                        0        0.117468477909856                        0         0.11750002793981         0.11750002793981                        0
       666                        0        0.117468605692604                        0        0.117499530897964        0.117499530897964                        0
       675                        0        0.117468616887954                        0        0.117498946836237        0.117498946836237                        0
       684                        0        0.117468643949066                        0        0.117498383676996        0.117498383676996                        0
       693                        0        0.117468741186503                        0        0.117497904075566        0.117497904075566                        0
       702                        0        0.117468733008725                        0        0.117497341749779        0.117497341749779                        0
       711                        0        0.117468787312423                        0        0.117496845930783        0.117496845930783                        0
       720                        0         0.11746884745574                        0        0.117496373899942        0.117496373899942                        0
