#square and square, nu_xymn_2
#MM NN: 1 5
#quadrature order: 16
#numpanels            c*(gradu.n)^2                      BEM        0.5*(gradu)^2 ex.       Boundary Formula 1       Boundary Formula 2
        18                        0        0.088486493447462                        0       0.0936090189994971       0.0936090189994971                        0
        27                        0        0.091825469131566                        0        0.103242583714547        0.103242583714547                        0
        36                        0       0.0908581260685608                        0       0.0973158987132037       0.0973158987132037                        0
        45                        0       0.0928266382107268                        0        0.112116051755394        0.112116051755394                        0
        54                        0       0.0913478665659926                        0       0.0940549613734096       0.0940549613734096                        0
        63                        0       0.0891782178540258                        0       0.0949775432237032       0.0949775432237032                        0
        72                        0       0.0908214182087941                        0        0.103196063891859        0.103196063891859                        0
        81                        0       0.0891570314843732                        0       0.0897318067404238       0.0897318067404238                        0
        90                        0       0.0890100979038996                        0       0.0942792456477134       0.0942792456477134                        0
        99                        0       0.0897921277366054                        0       0.0952757063291972       0.0952757063291972                        0
       108                        0       0.0887103774236576                        0       0.0887039269845789       0.0887039269845789                        0
       117                        0       0.0889759500742402                        0       0.0934920121392942       0.0934920121392942                        0
       126                        0       0.0891743330323589                        0       0.0911018991600717       0.0911018991600717                        0
       135                        0        0.088626359322186                        0       0.0889770275230539       0.0889770275230539                        0
       144                        0        0.088939446164652                        0       0.0924822462502005       0.0924822462502005                        0
       153                        0       0.0888206758328822                        0       0.0891374808995768       0.0891374808995768                        0
       162                        0       0.0886345599406749                        0       0.0894927087404761       0.0894927087404761                        0
       171                        0       0.0888689729489478                        0       0.0912482586336248       0.0912482586336248                        0
       180                        0       0.0886614925793213                        0       0.0884742426578621       0.0884742426578621                        0
       189                        0       0.0886557725994625                        0       0.0898737028423697       0.0898737028423697                        0
       198                        0       0.0887780800207952                        0       0.0900744508236432       0.0900744508236432                        0
       207                        0       0.0886057440014711                        0       0.0884492553651574       0.0884492553651574                        0
       216                        0       0.0886682935618644                        0       0.0899779445437249       0.0899779445437249                        0
       225                        0       0.0886937153611597                        0       0.0892101116308166       0.0892101116308166                        0
       234                        0       0.0885950316322997                        0       0.0886790349032973       0.0886790349032973                        0
       243                        0       0.0886669587203466                        0       0.0898106559233278       0.0898106559233278                        0
       252                        0         0.08863511207822                        0       0.0887295387167844       0.0887295387167844                        0
       261                        0       0.0885994725062753                        0       0.0889419338389992       0.0889419338389992                        0
       270                        0       0.0886530784097883                        0       0.0894768137150817       0.0894768137150817                        0
       279                        0       0.0886035599971246                        0       0.0885594773709272       0.0885594773709272                        0
       288                        0       0.0886059680166096                        0       0.0891184994113416       0.0891184994113416                        0
       297                        0       0.0886324905760136                        0       0.0891160313191719       0.0891160313191719                        0
       306                        0       0.0885908142809925                        0       0.0885810633333782       0.0885810633333782                        0
       315                        0       0.0886094453450332                        0       0.0891653327588075       0.0891653327588075                        0
       324                        0       0.0886124711594553                        0       0.0888343446458415       0.0888343446458415                        0
       333                        0       0.0885880509768318                        0       0.0886856290723143       0.0886856290723143                        0
       342                        0       0.0886085087216818                        0       0.0890974577461386       0.0890974577461386                        0
       351                        0       0.0885977154126675                        0       0.0886723329664674       0.0886723329664674                        0
       360                        0       0.0885891903157529                        0       0.0887936817216705       0.0887936817216705                        0
       369                        0       0.0886038697446997                        0        0.088964990853793        0.088964990853793                        0
       378                        0       0.0885891363339121                        0       0.0886176544479114       0.0886176544479114                        0
       387                        0       0.0885908568508503                        0       0.0888594756220422       0.0888594756220422                        0
       396                        0       0.0885974611885912                        0       0.0888244249382718       0.0888244249382718                        0
       405                        0       0.0885853224922825                        0       0.0886328717267282       0.0886328717267282                        0
       414                        0        0.088591497709875                        0       0.0888690006086961       0.0888690006086961                        0
       423                        0       0.0885913229253082                        0       0.0887156672390849       0.0887156672390849                        0
       432                        0       0.0885842950884593                        0       0.0886772990916519       0.0886772990916519                        0
       441                        0       0.0885907065930041                        0       0.0888324472263861       0.0888324472263861                        0
       450                        0       0.0885867047993334                        0       0.0886539072196515       0.0886539072196515                        0
       459                        0       0.0885844377579258                        0       0.0887192687752822       0.0887192687752822                        0
       468                        0       0.0885887997466792                        0       0.0887724700158525       0.0887724700158525                        0
       477                        0       0.0885838839846267                        0       0.0886343412231451       0.0886343412231451                        0
       486                        0       0.0885847253727492                        0        0.088741080764999        0.088741080764999                        0
       495                        0       0.0885864319793169                        0       0.0887120810356151       0.0887120810356151                        0
       504                        0       0.0885825074925895                        0       0.0886418209523908       0.0886418209523908                        0
       513                        0       0.0885846559767037                        0       0.0887387295094554       0.0887387295094554                        0
       522                        0       0.0885842269487309                        0       0.0886665555963975       0.0886665555963975                        0
       531                        0       0.0885820145925451                        0       0.0886595344118908       0.0886595344118908                        0
       540                        0       0.0885841168549573                        0       0.0887180454935577       0.0887180454935577                        0
       549                        0       0.0885825492565429                        0       0.0886411364705599       0.0886411364705599                        0
       558                        0       0.0885819039684993                        0       0.0886745568035057       0.0886745568035057                        0
       567                        0       0.0885832397266978                        0       0.0886891951407132       0.0886891951407132                        0
       576                        0       0.0885814754353338                        0       0.0886331389391816       0.0886331389391816                        0
       585                        0       0.0885818376739474                        0       0.0886801538126248       0.0886801538126248                        0
       594                        0       0.0885822526952478                        0       0.0886616904099672       0.0886616904099672                        0
       603                        0       0.0885808914963853                        0       0.0886358271499258       0.0886358271499258                        0
       612                        0       0.0885816495487313                        0       0.0886754747197584       0.0886754747197584                        0
       621                        0       0.0885813580663347                        0       0.0886414298613307       0.0886414298613307                        0
       630                        0       0.0885806129016899                        0       0.0886420155836435       0.0886420155836435                        0
       639                        0       0.0885813098651336                        0         0.08866360478398         0.08866360478398                        0
       648                        0       0.0885806682304596                        0       0.0886300755331296       0.0886300755331296                        0
       657                        0       0.0885804690034734                        0        0.088646410889829        0.088646410889829                        0
       666                        0       0.0885808718056352                        0       0.0886490871910587       0.0886490871910587                        0
       675                        0       0.0885802019201909                        0       0.0886260788058164       0.0886260788058164                        0
       684                        0       0.0885803428677356                        0       0.0886465064161242       0.0886465064161242                        0
       693                        0        0.088580416570013                        0       0.0886358742341086       0.0886358742341086                        0
       702                        0       0.0885799158622655                        0       0.0886263526548013       0.0886263526548013                        0
       711                        0       0.0885801783581522                        0       0.0886423038532961       0.0886423038532961                        0
       720                        0       0.0885800121419359                        0       0.0886262302389298       0.0886262302389298                        0
