#square and square, nu_xymn_1
#MM NN: 2 3
#quadrature order: 16
#numpanels            c*(gradu.n)^2                      BEM        0.5*(gradu)^2 ex.       Boundary Formula 1       Boundary Formula 2
        18                        0       0.0793086319388058                        0       0.0576871696680359       0.0576871696680359                        0
        27                        0       0.0810512370182047                        0       0.0641651714368172       0.0641651714368172                        0
        36                        0       0.0806407677449448                        0       0.0631940667926397       0.0631940667926397                        0
        45                        0       0.0824362010120242                        0       0.0653104984546862       0.0653104984546862                        0
        54                        0       0.0807336681217293                        0       0.0689757798621341       0.0689757798621341                        0
        63                        0       0.0803840503865444                        0       0.0730659078409432       0.0730659078409432                        0
        72                        0       0.0807119385908308                        0       0.0749102170945501       0.0749102170945501                        0
        81                        0       0.0801202900461195                        0       0.0761904453470728       0.0761904453470728                        0
        90                        0       0.0802090146843929                        0       0.0768564753230862       0.0768564753230862                        0
        99                        0        0.080253050942335                        0       0.0776114559668704       0.0776114559668704                        0
       108                        0       0.0800201229148901                        0       0.0782928056001763       0.0782928056001763                        0
       117                        0       0.0801284276713883                        0       0.0785339356607675       0.0785339356607675                        0
       126                        0       0.0800856670579171                        0       0.0790196495425955       0.0790196495425955                        0
       135                        0       0.0800040302585953                        0       0.0792239138085292       0.0792239138085292                        0
       144                        0       0.0800784252575313                        0        0.079329456393952        0.079329456393952                        0
       153                        0       0.0800215703440878                        0       0.0796169670931044       0.0796169670931044                        0
       162                        0       0.0800062808285813                        0       0.0796380047426513       0.0796380047426513                        0
       171                        0       0.0800426253442715                        0       0.0797304637509956       0.0797304637509956                        0
       180                        0       0.0799972116714902                        0       0.0798711588794813       0.0798711588794813                        0
       189                        0       0.0800087777755916                        0       0.0798353859374695       0.0798353859374695                        0
       198                        0       0.0800178204533743                        0       0.0799301887404303       0.0799301887404303                        0
       207                        0       0.0799899160163075                        0       0.0799705248102391       0.0799705248102391                        0
       216                        0       0.0800075880771363                        0       0.0799384647765272       0.0799384647765272                        0
       225                        0       0.0800020876875826                        0       0.0800200699494566       0.0800200699494566                        0
       234                        0        0.079989589481191                        0       0.0800051478625095       0.0800051478625095                        0
       243                        0       0.0800034933409781                        0       0.0799975708038861       0.0799975708038861                        0
       252                        0       0.0799931830040936                        0       0.0800509982416833       0.0800509982416833                        0
       261                        0       0.0799911043947042                        0       0.0800163288133151       0.0800163288133151                        0
       270                        0       0.0799984026310017                        0        0.080031550140139        0.080031550140139                        0
       279                        0       0.0799889548707035                        0       0.0800534757335517       0.0800534757335517                        0
       288                        0       0.0799921270812866                        0       0.0800215896583828       0.0800215896583828                        0
       297                        0       0.0799937926527287                        0       0.0800477082817091       0.0800477082817091                        0
       306                        0       0.0799875688022544                        0       0.0800451031969542       0.0800451031969542                        0
       315                        0       0.0799920272338881                        0       0.0800265334316379       0.0800265334316379                        0
       324                        0       0.0799903526209313                        0       0.0800509612180841       0.0800509612180841                        0
       333                        0       0.0799875603350506                        0        0.080035167512417        0.080035167512417                        0
       342                        0       0.0799910491181046                        0       0.0800312314523452       0.0800312314523452                        0
       351                        0       0.0799881873218002                        0       0.0800462405749893       0.0800462405749893                        0
       360                        0       0.0799879215027467                        0        0.080027736164201        0.080027736164201                        0
       369                        0       0.0799896968484758                        0       0.0800340797484517       0.0800340797484517                        0
       378                        0       0.0799870818935431                        0       0.0800379945442687       0.0800379945442687                        0
       387                        0       0.0799881195130369                        0       0.0800236847027982       0.0800236847027982                        0
       396                        0       0.0799883923216817                        0       0.0800339842769929       0.0800339842769929                        0
       405                        0        0.079986685997499                        0       0.0800294717925606       0.0800294717925606                        0
       414                        0       0.0799880013673304                        0       0.0800221437182414       0.0800221437182414                        0
       423                        0        0.079987370696487                        0       0.0800310644526993       0.0800310644526993                        0
       432                        0       0.0799866471058394                        0       0.0800225211747455       0.0800225211747455                        0
       441                        0       0.0799876349330488                        0       0.0800216312167936       0.0800216312167936                        0
       450                        0       0.0799867005629735                        0       0.0800263309813163       0.0800263309813163                        0
       459                        0       0.0799866997851546                        0       0.0800177652453876       0.0800177652453876                        0
       468                        0       0.0799871621611625                        0       0.0800208761910914       0.0800208761910914                        0
       477                        0       0.0799863390334977                        0       0.0800210418366118       0.0800210418366118                        0
       486                        0       0.0799866990636618                        0        0.080014954833597        0.080014954833597                        0
       495                        0       0.0799867085249269                        0       0.0800192345776247       0.0800192345776247                        0
       504                        0        0.079986188284805                        0       0.0800162126595504       0.0800162126595504                        0
       513                        0       0.0799866042137278                        0       0.0800133884886091       0.0800133884886091                        0
       522                        0       0.0799863484259928                        0       0.0800166974996679       0.0800166974996679                        0
       531                        0       0.0799861436083933                        0        0.080012402462723        0.080012402462723                        0
       540                        0       0.0799864375492103                        0       0.0800123014925501       0.0800123014925501                        0
       549                        0       0.0799861047364984                        0       0.0800136492008997       0.0800136492008997                        0
       558                        0        0.079986125160843                        0       0.0800097173732162       0.0800097173732162                        0
       567                        0       0.0799862436204049                        0       0.0800111360257912       0.0800111360257912                        0
       576                        0       0.0799859632651855                        0       0.0800105774827031       0.0800105774827031                        0
       585                        0       0.0799860896575608                        0       0.0800079417669366       0.0800079417669366                        0
       594                        0       0.0799860623692596                        0       0.0800096454667866       0.0800096454667866                        0
       603                        0       0.0799858913661015                        0       0.0800078659514468       0.0800078659514468                        0
       612                        0       0.0799860257779427                        0       0.0800067161379658       0.0800067161379658                        0
       621                        0       0.0799859175101883                        0       0.0800078532287167       0.0800078532287167                        0
       630                        0       0.0799858544364902                        0       0.0800057033177053       0.0800057033177053                        0
       639                        0        0.079985941674924                        0        0.080005696713336        0.080005696713336                        0
       648                        0       0.0799858155744252                        0        0.080005934812681        0.080005934812681                        0
       657                        0       0.0799858264825332                        0       0.0800040893258466       0.0800040893258466                        0
       666                        0       0.0799858523530226                        0       0.0800046544251774       0.0800046544251774                        0
       675                        0       0.0799857505926597                        0       0.0800040949226645       0.0800040949226645                        0
       684                        0        0.079985793741283                        0       0.0800028977204108       0.0800028977204108                        0
       693                        0       0.0799857710506156                        0        0.080003501483201        0.080003501483201                        0
       702                        0       0.0799857106073086                        0       0.0800024834405934       0.0800024834405934                        0
       711                        0       0.0799857529827201                        0       0.0800019564682951       0.0800019564682951                        0
       720                        0         0.07998570532359                        0        0.080002262046924        0.080002262046924                        0
