#square and square, nu_xymn_2
#MM NN: 5 2
#quadrature order: 16
#numpanels            c*(gradu.n)^2                      BEM        0.5*(gradu)^2 ex.       Boundary Formula 1       Boundary Formula 2
        18                        0        0.014610934669141                        0       0.0200164689332678       0.0200164689332678                        0
        27                        0       0.0155779498204091                        0       0.0225044235944454       0.0225044235944454                        0
        36                        0       0.0159523969721017                        0       0.0215631130362485       0.0215631130362485                        0
        45                        0       0.0159008594517355                        0       0.0216824471107526       0.0216824471107526                        0
        54                        0       0.0176293153504478                        0        0.023004165382958        0.023004165382958                        0
        63                        0       0.0187303204138241                        0       0.0238475637524438       0.0238475637524438                        0
        72                        0       0.0191894669280807                        0       0.0233702783860893       0.0233702783860893                        0
        81                        0       0.0196167983913391                        0       0.0232782300474783       0.0232782300474783                        0
        90                        0       0.0198308607092924                        0       0.0229443667931415       0.0229443667931415                        0
        99                        0       0.0199968424979922                        0         0.02251617238576         0.02251617238576                        0
       108                        0       0.0201446342558978                        0       0.0222535322867928       0.0222535322867928                        0
       117                        0         0.02021142905972                        0       0.0219260816105269       0.0219260816105269                        0
       126                        0       0.0202883156661726                        0        0.021678728707632        0.021678728707632                        0
       135                        0       0.0203344613046463                        0       0.0214893055488581       0.0214893055488581                        0
       144                        0       0.0203603544482929                        0        0.021296364497539        0.021296364497539                        0
       153                        0       0.0203978776353951                        0       0.0211671259415744       0.0211671259415744                        0
       162                        0       0.0204110723775356                        0       0.0210501865389381       0.0210501865389381                        0
       171                        0       0.0204256938862967                        0       0.0209477587787367       0.0209477587787367                        0
       180                        0       0.0204428213021352                        0       0.0208797743252407       0.0208797743252407                        0
       189                        0       0.0204462530931757                        0       0.0208118556848109       0.0208118556848109                        0
       198                        0       0.0204565936725216                        0       0.0207603550835506       0.0207603550835506                        0
       207                        0       0.0204630661931258                        0       0.0207223890208102       0.0207223890208102                        0
       216                        0       0.0204645520327641                        0       0.0206839596019152       0.0206839596019152                        0
       225                        0       0.0204717654543167                        0        0.020658402263301        0.020658402263301                        0
       234                        0       0.0204733255314646                        0       0.0206356327096801       0.0206356327096801                        0
       243                        0        0.020475055203298                        0       0.0206144425702734       0.0206144425702734                        0
       252                        0       0.0204794260594599                        0       0.0206011273896293       0.0206011273896293                        0
       261                        0       0.0204792838434511                        0       0.0205867867982572       0.0205867867982572                        0
       270                        0        0.020481399996471                        0       0.0205754148718607       0.0205754148718607                        0
       279                        0       0.0204835119209233                        0       0.0205675830280876       0.0205675830280876                        0
       288                        0       0.0204832003701539                        0       0.0205584173669094       0.0205584173669094                        0
       297                        0       0.0204852579956881                        0       0.0205523612250927       0.0205523612250927                        0
       306                        0          0.0204859215432                        0       0.0205470469492549       0.0205470469492549                        0
       315                        0       0.0204859790476801                        0       0.0205412710048286       0.0205412710048286                        0
       324                        0       0.0204875778167969                        0       0.0205378643583921       0.0205378643583921                        0
       333                        0       0.0204875445328934                        0       0.0205339243889161       0.0205339243889161                        0
       342                        0       0.0204879914149432                        0       0.0205303842311973       0.0205303842311973                        0
       351                        0        0.020488982870223                        0       0.0205281704619326       0.0205281704619326                        0
       360                        0       0.0204887744985983                        0       0.0205251990772877       0.0205251990772877                        0
       369                        0       0.0204894214225039                        0       0.0205230626262433       0.0205230626262433                        0
       378                        0       0.0204898814001391                        0        0.020521355693561        0.020521355693561                        0
       387                        0       0.0204897675250041                        0       0.0205191742517596       0.0205191742517596                        0
       396                        0       0.0204904040191039                        0       0.0205178389745136       0.0205178389745136                        0
       405                        0       0.0204905182399631                        0       0.0205163889894389       0.0205163889894389                        0
       414                        0       0.0204905753467394                        0         0.02051485195359         0.02051485195359                        0
       423                        0       0.0204910642784725                        0       0.0205139184788457       0.0205139184788457                        0
       432                        0       0.0204910229675169                        0       0.0205126758344692       0.0205126758344692                        0
       441                        0       0.0204912147534183                        0       0.0205116252246964       0.0205116252246964                        0
       450                        0       0.0204915134963211                        0       0.0205108687177559       0.0205108687177559                        0
       459                        0        0.020491452774405                        0       0.0205098430366325       0.0205098430366325                        0
       468                        0       0.0204917009015951                        0       0.0205091206559836       0.0205091206559836                        0
       477                        0       0.0204918376098548                        0        0.020508444643176        0.020508444643176                        0
       486                        0        0.020491825511961                        0       0.0205076386888449       0.0205076386888449                        0
       495                        0       0.0204920580678579                        0       0.0205071107140698       0.0205071107140698                        0
       504                        0       0.0204920930610894                        0       0.0205064943330726       0.0205064943330726                        0
       513                        0       0.0204921425595329                        0       0.0205058856521389       0.0205058856521389                        0
       522                        0       0.0204923173782419                        0       0.0205054585980919       0.0205054585980919                        0
       531                        0       0.0204923106528889                        0       0.0205049121120117       0.0205049121120117                        0
       540                        0        0.020492402719619                        0       0.0205044588001843       0.0205044588001843                        0
       549                        0       0.0204925098771183                        0       0.0205040810392334       0.0205040810392334                        0
       558                        0       0.0204925032221258                        0       0.0205036173505516       0.0205036173505516                        0
       567                        0       0.0204926086877693                        0       0.0205032717270317       0.0205032717270317                        0
       576                        0       0.0204926607586832                        0        0.020502923964685        0.020502923964685                        0
       585                        0       0.0204926735919739                        0       0.0205025459095415       0.0205025459095415                        0
       594                        0       0.0204927680744568                        0       0.0205022666371653       0.0205022666371653                        0
       603                        0       0.0204927869699289                        0       0.0205019481518552       0.0205019481518552                        0
       612                        0       0.0204928208804763                        0       0.0205016469996914       0.0205016469996914                        0
       621                        0       0.0204928913861852                        0       0.0205014055340275       0.0205014055340275                        0
       630                        0       0.0204928977707455                        0       0.0205011219656926       0.0205011219656926                        0
       639                        0       0.0204929444470289                        0       0.0205008816977875       0.0205008816977875                        0
       648                        0       0.0204929892400535                        0       0.0205006628545215       0.0205006628545215                        0
       657                        0       0.0204929968926096                        0       0.0205004184275378       0.0205004184275378                        0
       666                        0       0.0204930455547506                        0       0.0205002214141664       0.0205002214141664                        0
       675                        0       0.0204930702936167                        0       0.0205000200654253       0.0205000200654253                        0
       684                        0       0.0204930850455803                        0       0.0204998144722572       0.0204998144722572                        0
       693                        0       0.0204931273439189                        0       0.0204996458596078       0.0204996458596078                        0
       702                        0       0.0204931403930538                        0       0.0204994623168276       0.0204994623168276                        0
       711                        0       0.0204931619744592                        0       0.0204992909729105       0.0204992909729105                        0
       720                        0       0.0204931939345188                        0       0.0204991407455597       0.0204991407455597                        0
