#square and square, nu_xymn_1
#MM NN: 3 1
#quadrature order: 16
#numpanels            c*(gradu.n)^2                      BEM        0.5*(gradu)^2 ex.       Boundary Formula 1       Boundary Formula 2
        18                        0        0.181704530014931                        0        0.122398313583903        0.122398313583903                        0
        27                        0        0.189692154956007                        0         0.13469959470736         0.13469959470736                        0
        36                        0        0.189830871652493                        0        0.135102643593271        0.135102643593271                        0
        45                        0        0.192710496178469                        0        0.137935111146418        0.137935111146418                        0
        54                        0         0.19668196057909                        0        0.152454753765848        0.152454753765848                        0
        63                        0        0.197843716311374                        0         0.16859585814096         0.16859585814096                        0
        72                        0        0.198975628718479                        0        0.175725366697908        0.175725366697908                        0
        81                        0        0.199651453914184                        0          0.1815129246005          0.1815129246005                        0
        90                        0        0.199723352990274                        0        0.185373018441107        0.185373018441107                        0
        99                        0         0.20018899505997                        0        0.188491733090906        0.188491733090906                        0
       108                        0        0.200299801834067                        0        0.191519323053405        0.191519323053405                        0
       117                        0        0.200324366405118                        0        0.193361613944535        0.193361613944535                        0
       126                        0        0.200549612818523                        0        0.195039144003051        0.195039144003051                        0
       135                        0        0.200514408198757                        0        0.196315421873956        0.196315421873956                        0
       144                        0        0.200558945239035                        0        0.197178592113105        0.197178592113105                        0
       153                        0        0.200651326821563                        0        0.198038664197518        0.198038664197518                        0
       162                        0        0.200604829859822                        0        0.198600286676051        0.198600286676051                        0
       171                        0        0.200658559502549                        0        0.199048026555777        0.199048026555777                        0
       180                        0        0.200679817783527                        0        0.199471888272276        0.199471888272276                        0
       189                        0         0.20065305407279                        0        0.199719825201355        0.199719825201355                        0
       198                        0        0.200698509518517                        0        0.199966217703724        0.199966217703724                        0
       207                        0        0.200688719115796                        0        0.200162944813755        0.200162944813755                        0
       216                        0        0.200682756118906                        0        0.200278010688103        0.200278010688103                        0
       225                        0        0.200711282101689                        0        0.200416381330975        0.200416381330975                        0
       234                        0         0.20069396936255                        0        0.200499832720115        0.200499832720115                        0
       243                        0        0.200701150910189                        0        0.200559972364717        0.200559972364717                        0
       252                        0        0.200713147784552                        0        0.200634513351917        0.200634513351917                        0
       261                        0        0.200699412200852                        0        0.200665765221276        0.200665765221276                        0
       270                        0        0.200711275034205                        0         0.20070222159089         0.20070222159089                        0
       279                        0        0.200711975099479                        0        0.200737978310418        0.200737978310418                        0
       288                        0        0.200705082486791                        0        0.200748178219609        0.200748178219609                        0
       297                        0         0.20071562559632                        0         0.20077194317487         0.20077194317487                        0
       306                        0        0.200711010102928                        0        0.200785271111295        0.200785271111295                        0
       315                        0        0.200710100285081                        0        0.200788871547909        0.200788871547909                        0
       324                        0        0.200716607752158                        0        0.200803544618581        0.200803544618581                        0
       333                        0        0.200711143858021                        0        0.200805409047356        0.200805409047356                        0
       342                        0        0.200713768197148                        0        0.200807911611954        0.200807911611954                        0
       351                        0          0.2007161445867                        0        0.200815320608666        0.200815320608666                        0
       360                        0        0.200712213012937                        0        0.200812610947384        0.200812610947384                        0
       369                        0         0.20071591155146                        0        0.200815169176326        0.200815169176326                        0
       378                        0        0.200715446888557                        0        0.200817179164769        0.200817179164769                        0
       387                        0        0.200713706558663                        0        0.200813678252439        0.200813678252439                        0
       396                        0         0.20071680600892                        0        0.200815818178693        0.200815818178693                        0
       405                        0        0.200715077587243                        0        0.200814443854075        0.200814443854075                        0
       414                        0        0.200715137131308                        0        0.200811754108808        0.200811754108808                        0
       423                        0        0.200716929831323                        0        0.200812827790108        0.200812827790108                        0
       432                        0        0.200715154449958                        0        0.200809872049082        0.200809872049082                        0
       441                        0        0.200716207508673                        0        0.200808262515327        0.200808262515327                        0
       450                        0        0.200716735896299                        0         0.20080802205918         0.20080802205918                        0
       459                        0        0.200715558903627                        0        0.200804787284487        0.200804787284487                        0
       468                        0        0.200716836702389                        0        0.200803892003409        0.200803892003409                        0
       477                        0        0.200716532034398                        0         0.20080252962845         0.20080252962845                        0
       486                        0        0.200716097149121                        0        0.200799738727452        0.200799738727452                        0
       495                        0        0.200717099922088                        0        0.200799052630891        0.200799052630891                        0
       504                        0        0.200716462606349                        0        0.200797008034951        0.200797008034951                        0
       513                        0        0.200716601659307                        0        0.200794893867588        0.200794893867588                        0
       522                        0         0.20071714001004                        0        0.200794048476086        0.200794048476086                        0
       531                        0        0.200716547077829                        0        0.200791790127632        0.200791790127632                        0
       540                        0        0.200716976816195                        0        0.200790268046424        0.200790268046424                        0
       549                        0        0.200717094557684                        0        0.200789117712097        0.200789117712097                        0
       558                        0        0.200716735853179                        0        0.200786997350188        0.200786997350188                        0
       567                        0        0.200717200976049                        0        0.200785845160884        0.200785845160884                        0
       576                        0        0.200717057118322                        0        0.200784430060957        0.200784430060957                        0
       585                        0        0.200716959628358                        0        0.200782629956108        0.200782629956108                        0
       594                        0        0.200717303179326                        0         0.20078162538638         0.20078162538638                        0
       603                        0        0.200717069639531                        0        0.200780083608474        0.200780083608474                        0
       612                        0        0.200717161782884                        0        0.200778634740355        0.200778634740355                        0
       621                        0        0.200717333096475                        0        0.200777630020612        0.200777630020612                        0
       630                        0        0.200717133961634                        0        0.200776112822267        0.200776112822267                        0
       639                        0        0.200717312183672                        0        0.200774949607607        0.200774949607607                        0
       648                        0        0.200717337182397                        0        0.200773888254334        0.200773888254334                        0
       657                        0        0.200717230140288                        0         0.20077250572348         0.20077250572348                        0
       666                        0        0.200717406362681                        0        0.200771526447009        0.200771526447009                        0
       675                        0        0.200717346156395                        0         0.20077042241145         0.20077042241145                        0
       684                        0        0.200717333116716                        0          0.2007692242146          0.2007692242146                        0
       693                        0        0.200717456641542                        0        0.200768336994264        0.200768336994264                        0
       702                        0        0.200717372810415                        0        0.200767239376157        0.200767239376157                        0
       711                        0        0.200717423536063                        0        0.200766222077286        0.200766222077286                        0
       720                        0        0.200717481536677                        0        0.200765368435792        0.200765368435792                        0
