#square and square, nu_xymn_2
#MM NN: 2 4
#quadrature order: 16
#numpanels            c*(gradu.n)^2                      BEM        0.5*(gradu)^2 ex.       Boundary Formula 1       Boundary Formula 2
        18                        0       -0.291926966869184                        0       -0.300297631681605       -0.300297631681605                        0
        27                        0       -0.297551873334907                        0        -0.31448475346923        -0.31448475346923                        0
        36                        0       -0.302069407685001                        0       -0.327272669004888       -0.327272669004888                        0
        45                        0       -0.304758421248128                        0       -0.374797963536969       -0.374797963536969                        0
        54                        0       -0.307096725721001                        0       -0.321396486674298       -0.321396486674298                        0
        63                        0       -0.296174725425199                        0       -0.325614315585819       -0.325614315585819                        0
        72                        0       -0.302875767563299                        0       -0.346769286953475       -0.346769286953475                        0
        81                        0       -0.297256798850633                        0       -0.305732153378471       -0.305732153378471                        0
        90                        0       -0.296719278857463                        0       -0.320355988943638       -0.320355988943638                        0
        99                        0       -0.299215951670006                        0       -0.318108171545058       -0.318108171545058                        0
       108                        0       -0.295837482912111                        0       -0.300560171172664       -0.300560171172664                        0
       117                        0       -0.296825706313435                        0       -0.315032829696107       -0.315032829696107                        0
       126                        0       -0.297242341232997                        0       -0.304347232949738       -0.304347232949738                        0
       135                        0       -0.295743197506245                        0       -0.300216717062318       -0.300216717062318                        0
       144                        0       -0.296729513071441                        0       -0.309649369559184       -0.309649369559184                        0
       153                        0       -0.296257477344317                        0       -0.298253437726012       -0.298253437726012                        0
       162                        0       -0.295836618004075                        0        -0.30092762738874        -0.30092762738874                        0
       171                        0       -0.296503715122927                        0        -0.30439688425551        -0.30439688425551                        0
       180                        0       -0.295856039330001                        0       -0.296300983208927       -0.296300983208927                        0
       189                        0       -0.295918077820398                        0       -0.301342324772321       -0.301342324772321                        0
       198                        0       -0.296221992762381                        0       -0.300217573201978       -0.300217573201978                        0
       207                        0       -0.295735540279929                        0        -0.29627924971949        -0.29627924971949                        0
       216                        0       -0.295954554749643                        0       -0.300964565090561       -0.300964565090561                        0
       225                        0       -0.295976990468265                        0       -0.297545940614508       -0.297545940614508                        0
       234                        0       -0.295726520075847                        0       -0.296951756749586       -0.296951756749586                        0
       243                        0       -0.295943320053482                        0       -0.299872893088673       -0.299872893088673                        0
       252                        0       -0.295818357840007                        0       -0.296246708409579       -0.296246708409579                        0
       261                        0       -0.295748524543654                        0        -0.29762228009878        -0.29762228009878                        0
       270                        0       -0.295894211597162                        0       -0.298491997553603       -0.298491997553603                        0
       279                        0       -0.295739913329641                        0        -0.29590665431978        -0.29590665431978                        0
       288                        0       -0.295769253578336                        0       -0.297945142839379       -0.297945142839379                        0
       297                        0       -0.295829090576491                        0       -0.297265684432036       -0.297265684432036                        0
       306                        0       -0.295712812159293                        0       -0.296087711437629       -0.296087711437629                        0
       315                        0       -0.295777566077518                        0       -0.297842684311954       -0.297842684311954                        0
       324                        0       -0.295770636439667                        0       -0.296438827967992       -0.296438827967992                        0
       333                        0       -0.295710576371343                        0        -0.29643675751142        -0.29643675751142                        0
       342                        0       -0.295771578265093                        0       -0.297429475409189       -0.297429475409189                        0
       351                        0       -0.295730677908148                        0       -0.296039664695052       -0.296039664695052                        0
       360                        0       -0.295716404316824                        0       -0.296719588837516       -0.296719588837516                        0
       369                        0       -0.295755091445042                        0       -0.296903770062022       -0.296903770062022                        0
       378                        0       -0.295709445014969                        0       -0.295964564390715       -0.295964564390715                        0
       387                        0       -0.295721627193617                        0       -0.296824953699567       -0.296824953699567                        0
       396                        0       -0.295734875673788                        0       -0.296439751353376       -0.296439751353376                        0
       405                        0       -0.295701377205326                        0       -0.296066222636064       -0.296066222636064                        0
       414                        0       -0.295722683145683                        0        -0.29674776702349        -0.29674776702349                        0
       423                        0       -0.295717004567413                        0       -0.296130252816513       -0.296130252816513                        0
       432                        0       -0.295700269022827                        0       -0.296211852462814       -0.296211852462814                        0
       441                        0         -0.2957191728387                        0       -0.296551698438048       -0.296551698438048                        0
       450                        0       -0.295704527793353                        0       -0.295986250767139       -0.295986250767139                        0
       459                        0       -0.295701521227951                        0       -0.296312694046719       -0.296312694046719                        0
       468                        0       -0.295712625386388                        0       -0.296321849863887       -0.296321849863887                        0
       477                        0        -0.29569755026347                        0       -0.295966311744508       -0.295966311744508                        0
       486                        0       -0.295702449513359                        0       -0.296331834524096       -0.296331834524096                        0
       495                        0       -0.295705262269824                        0       -0.296126368892649       -0.296126368892649                        0
       504                        0       -0.295694583330255                        0       -0.296010164662655       -0.296010164662655                        0
       513                        0        -0.29570192542523                        0       -0.296275732764614       -0.296275732764614                        0
       522                        0        -0.29569889092958                        0       -0.295998941699225       -0.295998941699225                        0
       531                        0       -0.295693813801573                        0       -0.296063794012579       -0.296063794012579                        0
       540                        0       -0.295699921228577                        0       -0.296175791319161       -0.296175791319161                        0
       549                        0       -0.295694371351625                        0       -0.295940595657293       -0.295940595657293                        0
       558                        0       -0.295693787949749                        0       -0.296092901375261       -0.296092901375261                        0
       567                        0       -0.295697035212633                        0       -0.296068324294733       -0.296068324294733                        0
       576                        0       -0.295691698694094                        0       -0.295931817038578       -0.295931817038578                        0
       585                        0       -0.295693619078892                        0       -0.296085739799342       -0.296085739799342                        0
       594                        0       -0.295694025236261                        0       -0.295980235460187       -0.295980235460187                        0
       603                        0       -0.295690383923545                        0       -0.295946390438591       -0.295946390438591                        0
       612                        0       -0.295692949617899                        0       -0.296048209395101       -0.296048209395101                        0
       621                        0       -0.295691465342678                        0       -0.295923389888807       -0.295923389888807                        0
       630                        0       -0.295689821310324                        0       -0.295961914014207       -0.295961914014207                        0
       639                        0       -0.295691807609315                        0       -0.295995200267578       -0.295995200267578                        0
       648                        0       -0.295689609284123                        0       -0.295896253537975       -0.295896253537975                        0
       657                        0       -0.295689512839233                        0       -0.295965191790362       -0.295965191790362                        0
       666                        0        -0.29569042428799                        0       -0.295942189139498       -0.295942189139498                        0
       675                        0       -0.295688431638917                        0        -0.29588931225459        -0.29588931225459                        0
       684                        0       -0.295689154728952                        0       -0.295952826913631       -0.295952826913631                        0
       693                        0       -0.295689065166518                        0       -0.295899783000825       -0.295899783000825                        0
       702                        0       -0.295687750211126                        0       -0.295890980924828       -0.295890980924828                        0
       711                        0       -0.295688632920957                        0        -0.29592854886849        -0.29592854886849                        0
       720                        0       -0.295687919175333                        0       -0.295871949297924       -0.295871949297924                        0
