#square and square, nu_xymn_2
#MM NN: 3 2
#quadrature order: 16
#numpanels            c*(gradu.n)^2                      BEM        0.5*(gradu)^2 ex.       Boundary Formula 1       Boundary Formula 2
        18                        0        0.441972515957039                        0        0.457517074154672        0.457517074154672                        0
        27                        0        0.463153477404114                        0        0.516966204774778        0.516966204774778                        0
        36                        0        0.451458523940443                        0        0.467392121139289        0.467392121139289                        0
        45                        0        0.460216945148427                        0        0.545339891325121        0.545339891325121                        0
        54                        0        0.452317257275966                        0        0.450335606632632        0.450335606632632                        0
        63                        0        0.436888968598979                        0        0.453155409672898        0.453155409672898                        0
        72                        0         0.44629618926357                        0        0.499070222064259        0.499070222064259                        0
        81                        0        0.435987581068041                        0        0.428102306965598        0.428102306965598                        0
        90                        0         0.43566785187933                        0        0.454588016681844        0.454588016681844                        0
        99                        0        0.439289259438877                        0        0.460663974688567        0.460663974688567                        0
       108                        0        0.433404423017774                        0         0.42698577667277         0.42698577667277                        0
       117                        0        0.435178544070998                        0        0.453370727093531        0.453370727093531                        0
       126                        0        0.435703247852563                        0        0.440740058427475        0.440740058427475                        0
       135                        0        0.433107447715576                        0        0.431134713392055        0.431134713392055                        0
       144                        0        0.434756824847741                        0        0.449810535146409        0.449810535146409                        0
       153                        0        0.433918219774439                        0        0.432128313756451        0.432128313756451                        0
       162                        0        0.433207726309996                        0        0.435279299634886        0.435279299634886                        0
       171                        0        0.434288066015879                        0        0.444411924980557        0.444411924980557                        0
       180                        0        0.433192977253848                        0        0.429917513586034        0.429917513586034                        0
       189                        0        0.433311154666882                        0        0.438038161855733        0.438038161855733                        0
       198                        0        0.433802725282704                        0        0.438856053968944        0.438856053968944                        0
       207                        0         0.43297703008559                        0         0.43063288110779         0.43063288110779                        0
       216                        0        0.433346743231056                        0        0.439020906092191        0.439020906092191                        0
       225                        0        0.433390402809047                        0        0.434717703754684        0.434717703754684                        0
       234                        0        0.432960130931252                        0        0.432366591030384        0.432366591030384                        0
       243                        0        0.433315243759199                        0        0.438410840997135        0.438410840997135                        0
       252                        0        0.433119970499063                        0        0.432536805096578        0.432536805096578                        0
       261                        0        0.432995998092769                        0        0.434062349322328        0.434062349322328                        0
       270                        0        0.433233867541542                        0        0.436817761855772        0.436817761855772                        0
       279                        0        0.432984523032473                        0        0.431941086326386        0.431941086326386                        0
       288                        0        0.433028081205663                        0         0.43517526767083         0.43517526767083                        0
       297                        0        0.433130350241159                        0        0.435025470594719        0.435025470594719                        0
       306                        0        0.432937111440535                        0        0.432290297025607        0.432290297025607                        0
       315                        0        0.433039898260257                        0        0.435529405322521        0.435529405322521                        0
       324                        0        0.433035792607119                        0        0.433639064260311        0.433639064260311                        0
       333                        0         0.43293239775634                        0        0.433010170691287        0.433010170691287                        0
       342                        0        0.433030391709771                        0        0.435232829492814        0.435232829492814                        0
       351                        0        0.432969393570097                        0        0.432889307077454        0.432889307077454                        0
       360                        0        0.432941337088043                        0        0.433691837204146        0.433691837204146                        0
       369                        0         0.43300532436888                        0        0.434570065702274        0.434570065702274                        0
       378                        0        0.432933151414374                        0         0.43270426171434         0.43270426171434                        0
       387                        0        0.432949477205811                        0        0.434107954640776        0.434107954640776                        0
       396                        0        0.432974030171979                        0        0.433857705323465        0.433857705323465                        0
       405                        0        0.432918800964142                        0        0.432874865202094        0.432874865202094                        0
       414                        0        0.432951354812436                        0        0.434197357732838        0.434197357732838                        0
       423                        0        0.432945526162347                        0        0.433318321891868        0.433318321891868                        0
       432                        0        0.432916255536319                        0        0.433179727066413        0.433179727066413                        0
       441                        0        0.432946393027399                        0         0.43402498758654         0.43402498758654                        0
       450                        0         0.43292498426178                        0        0.433034020401505        0.433034020401505                        0
       459                        0        0.432917900347915                        0        0.433450746585645        0.433450746585645                        0
       468                        0        0.432936677432422                        0        0.433720646923727        0.433720646923727                        0
       477                        0        0.432913086837187                        0        0.432974815306362        0.432974815306362                        0
       486                        0         0.43291934215915                        0        0.433597216498359        0.433597216498359                        0
       495                        0        0.432925369813386                        0        0.433413895233585        0.433413895233585                        0
       504                        0        0.432907743727863                        0        0.433054863403786        0.433054863403786                        0
       513                        0        0.432918726726096                        0        0.433602588836211        0.433602588836211                        0
       522                        0        0.432915253018896                        0         0.43318946981757         0.43318946981757                        0
       531                        0        0.432906132473634                        0        0.433181383419835        0.433181383419835                        0
       540                        0        0.432915884607985                        0        0.433502982348135        0.433502982348135                        0
       549                        0        0.432907830043076                        0        0.433075072067442        0.433075072067442                        0
       558                        0        0.432905920688958                        0        0.433284686041208        0.433284686041208                        0
       567                        0        0.432911601184741                        0        0.433357082227958        0.433357082227958                        0
       576                        0        0.432903271105638                        0        0.433054151496422        0.433054151496422                        0
       585                        0        0.432905657281837                        0        0.433329892671198        0.433329892671198                        0
       594                        0        0.432906973475813                        0        0.433218694680907        0.433218694680907                        0
       603                        0        0.432900915960957                        0        0.433088319788662        0.433088319788662                        0
       612                        0        0.432904712179767                        0        0.433314550959579        0.433314550959579                        0
       621                        0        0.432902905424154                        0        0.433120540535222        0.433120540535222                        0
       630                        0        0.432899851005403                        0         0.43313760067106         0.43313760067106                        0
       639                        0         0.43290305190012                        0        0.433257538816931        0.433257538816931                        0
       648                        0        0.432899856560641                        0        0.433071209631299        0.433071209631299                        0
       657                        0        0.432899290219323                        0        0.433173214418965        0.433173214418965                        0
       666                        0        0.432900975877118                        0        0.433185211473318        0.433185211473318                        0
       675                        0        0.432897854382418                        0        0.433061358642565        0.433061358642565                        0
       684                        0          0.4328987307105                        0        0.433182188093375        0.433182188093375                        0
       693                        0        0.432898872390861                        0        0.433120028100772        0.433120028100772                        0
       702                        0         0.43289665829045                        0        0.433073355311774        0.433073355311774                        0
