#square and square, nu_xymn_2
#MM NN: 2 2
#quadrature order: 16
#numpanels            c*(gradu.n)^2                      BEM        0.5*(gradu)^2 ex.       Boundary Formula 1       Boundary Formula 2
        18                        0        0.361749458710982                        0         0.39439010007566         0.39439010007566                        0
        27                        0        0.380380370299096                        0        0.447090746310308        0.447090746310308                        0
        36                        0        0.373099830696072                        0        0.405219937600649        0.405219937600649                        0
        45                        0        0.378555271799023                        0        0.459070971412747        0.459070971412747                        0
        54                        0        0.377825776620399                        0        0.394001611975108        0.394001611975108                        0
        63                        0        0.367843708332817                        0        0.392971698927736        0.392971698927736                        0
        72                        0        0.374204271897521                        0        0.420988218579244        0.420988218579244                        0
        81                        0        0.368478829285342                        0        0.372117680555837        0.372117680555837                        0
        90                        0         0.36812343832461                        0         0.38782463717219         0.38782463717219                        0
        99                        0        0.370698417248467                        0        0.390550472572256        0.390550472572256                        0
       108                        0        0.367117161610935                        0        0.367215517437709        0.367215517437709                        0
       117                        0        0.368162826101425                        0        0.383744855518442        0.383744855518442                        0
       126                        0        0.368694599021715                        0          0.3747949144292          0.3747949144292                        0
       135                        0        0.367017157607558                        0        0.367872100827032        0.367872100827032                        0
       144                        0        0.368047947503252                        0        0.379818355712178        0.379818355712178                        0
       153                        0        0.367622339302944                        0         0.36782265789399         0.36782265789399                        0
       162                        0        0.367117374387161                        0         0.36960947985208         0.36960947985208                        0
       171                        0        0.367826955309355                        0        0.375484756491645        0.375484756491645                        0
       180                        0        0.367167774709344                        0        0.365723939632936        0.365723939632936                        0
       189                        0        0.367205138084789                        0        0.370953374048443        0.370953374048443                        0
       198                        0        0.367554133369159                        0        0.371425015268958        0.371425015268958                        0
       207                        0        0.367026765149147                        0        0.365876988230159        0.365876988230159                        0
       216                        0        0.367244875525544                        0        0.371368959218758        0.371368959218758                        0
       225                        0        0.367303019228269                        0        0.368482473022102        0.368482473022102                        0
       234                        0        0.367013403552696                        0        0.366861874107665        0.366861874107665                        0
       243                        0        0.367238305614739                        0        0.370844932811416        0.370844932811416                        0
       252                        0        0.367130667372031                        0         0.36692566273559         0.36692566273559                        0
       261                        0         0.36703636684768                        0         0.36790128713077         0.36790128713077                        0
       270                        0         0.36719556939954                        0        0.369722863976002        0.369722863976002                        0
       279                        0        0.367041086337647                        0        0.366466815196988        0.366466815196988                        0
       288                        0        0.367059021502391                        0        0.368594576405841        0.368594576405841                        0
       297                        0        0.367134075714699                        0        0.368494007525503        0.368494007525503                        0
       306                        0        0.367008003606595                        0        0.366661196848939        0.366661196848939                        0
       315                        0         0.36706970878309                        0        0.368804507218905        0.368804507218905                        0
       324                        0        0.367074761264014                        0         0.36754757484138         0.36754757484138                        0
       333                        0        0.367003514103027                        0        0.367116993695529        0.367116993695529                        0
       342                        0        0.367066628057084                        0        0.368592124488821        0.368592124488821                        0
       351                        0        0.367031601063174                        0        0.367031658755685        0.367031658755685                        0
       360                        0        0.367009013621473                        0        0.367556473644161        0.367556473644161                        0
       369                        0        0.367052699854979                        0        0.368141070315448        0.368141070315448                        0
       378                        0        0.367007242297158                        0        0.366896188517028        0.366896188517028                        0
       387                        0        0.367014844735292                        0        0.367824718495935        0.367824718495935                        0
       396                        0        0.367033680764299                        0        0.367659344994513        0.367659344994513                        0
       405                        0        0.366997128547508                        0        0.367000931599585        0.367000931599585                        0
       414                        0        0.367017020441386                        0        0.367878614955114        0.367878614955114                        0
       423                        0        0.367015582290035                        0        0.367294059824557        0.367294059824557                        0
       432                        0        0.366995043284733                        0        0.367197727991805        0.367197727991805                        0
       441                        0        0.367014759544474                        0        0.367759858101853        0.367759858101853                        0
       450                        0        0.367002129637183                        0        0.367099610583008        0.367099610583008                        0
       459                        0        0.366996075306846                        0        0.367373948468957        0.367373948468957                        0
       468                        0        0.367009158550519                        0        0.367553996130109        0.367553996130109                        0
       477                        0        0.366994112305009                        0        0.367056012774473        0.367056012774473                        0
       486                        0        0.366997255601893                        0        0.367468547473552        0.367468547473552                        0
       495                        0        0.367002194023827                        0         0.36734690711258         0.36734690711258                        0
       504                        0         0.36699039486415                        0        0.367106076069812        0.367106076069812                        0
       513                        0         0.36699721876314                        0        0.367469973006731        0.367469973006731                        0
       522                        0        0.366995732337566                        0        0.367194923195141        0.367194923195141                        0
       531                        0        0.366989237526023                        0        0.367187902426101        0.367187902426101                        0
       540                        0         0.36699571684734                        0         0.36740190348002         0.36740190348002                        0
       549                        0        0.366990865527103                        0        0.367116524423425        0.367116524423425                        0
       558                        0        0.366989127097954                        0        0.367254902441522        0.367254902441522                        0
       567                        0        0.366993180611291                        0        0.367303210111111        0.367303210111111                        0
       576                        0          0.3669878123534                        0        0.367100734893278        0.367100734893278                        0
       585                        0        0.366989074389473                        0        0.367283649747256        0.367283649747256                        0
       594                        0        0.366990304994672                        0        0.367209646525924        0.367209646525924                        0
       603                        0        0.366986213721485                        0        0.367121995307451        0.367121995307451                        0
       612                        0        0.366988611092942                        0        0.367272339578556        0.367272339578556                        0
       621                        0        0.366987701927643                        0        0.367143002101499        0.367143002101499                        0
       630                        0        0.366985504229786                        0        0.367153641493709        0.367153641493709                        0
       639                        0        0.366987668116729                        0        0.367233425714952        0.367233425714952                        0
       648                        0        0.366985710937543                        0        0.367109022469455        0.367109022469455                        0
       657                        0        0.366985170487281                        0        0.367176436007033        0.367176436007033                        0
       666                        0        0.366986415088555                        0        0.367184398341446        0.367184398341446                        0
       675                        0        0.366984386960333                        0        0.367101503234957        0.367101503234957                        0
       684                        0        0.366984866974225                        0        0.367181662321992        0.367181662321992                        0
       693                        0        0.366985100982909                        0        0.367140196306428        0.367140196306428                        0
       702                        0        0.366983597036545                        0        0.367108699115673        0.367108699115673                        0
       711                        0        0.366984431686689                        0        0.367169915715942        0.367169915715942                        0
       720                        0        0.366983933369404                        0        0.367109207695623        0.367109207695623                        0
