#square and square, nu_xymn_2
#MM NN: 5 1
#quadrature order: 16
#numpanels            c*(gradu.n)^2                      BEM        0.5*(gradu)^2 ex.       Boundary Formula 1       Boundary Formula 2
        18                        0        0.307324104292044                        0        0.254270835506327        0.254270835506327                        0
        27                        0         0.31285598600234                        0        0.280446534009102        0.280446534009102                        0
        36                        0        0.301543771688442                        0        0.250150346796902        0.250150346796902                        0
        45                        0        0.314467571250007                        0        0.337427703969418        0.337427703969418                        0
        54                        0        0.289119834249636                        0        0.226928440982464        0.226928440982464                        0
        63                        0        0.276427012459689                        0        0.255522984383196        0.255522984383196                        0
        72                        0        0.291209395842901                        0        0.326184218551286        0.326184218551286                        0
        81                        0         0.27329128446274                        0        0.237032565739198        0.237032565739198                        0
        90                        0        0.275397899329665                        0        0.282222116096148        0.282222116096148                        0
        99                        0        0.280130232816418                        0        0.293235459133107        0.293235459133107                        0
       108                        0        0.271033812115142                        0        0.250702513332195        0.250702513332195                        0
       117                        0         0.27472995883386                        0         0.29090918725572         0.29090918725572                        0
       126                        0        0.274691537276279                        0        0.274102026216727        0.274102026216727                        0
       135                        0        0.271134002510688                        0        0.262984010023166        0.262984010023166                        0
       144                        0        0.273958849650532                        0        0.290231803750375        0.290231803750375                        0
       153                        0        0.272176639586756                        0        0.266048290131774        0.266048290131774                        0
       162                        0        0.271487966795537                        0        0.271673711988629        0.271673711988629                        0
       171                        0        0.273104612068232                        0        0.284575723952217        0.284575723952217                        0
       180                        0        0.271261668457537                        0         0.26487076778242         0.26487076778242                        0
       189                        0        0.271701760232406                        0         0.27681704030415         0.27681704030415                        0
       198                        0        0.272292324605752                        0        0.277809788161279        0.277809788161279                        0
       207                        0        0.271059230521815                        0        0.266826279941239        0.266826279941239                        0
       216                        0        0.271748146611009                        0        0.278738104030596        0.278738104030596                        0
       225                        0        0.271663493912144                        0         0.27264067351634         0.27264067351634                        0
       234                        0        0.271103672148007                        0        0.269726070065434        0.269726070065434                        0
       243                        0        0.271670813494515                        0        0.278119924946891        0.278119924946891                        0
       252                        0        0.271286578340433                        0        0.269976037325687        0.269976037325687                        0
       261                        0        0.271189551188126                        0        0.272319330462533        0.272319330462533                        0
       270                        0        0.271521238527255                        0        0.276031186975495        0.276031186975495                        0
       279                        0        0.271119324229481                        0        0.269374226929922        0.269374226929922                        0
       288                        0        0.271245800465562                        0        0.273964367835899        0.273964367835899                        0
       297                        0        0.271353271450229                        0        0.273647843707698        0.273647843707698                        0
       306                        0        0.271076527815261                        0        0.269992217675016        0.269992217675016                        0
       315                        0        0.271258969411216                        0        0.274488974142341        0.274488974142341                        0
       324                        0        0.271213282152893                        0        0.271820523740598        0.271820523740598                        0
       333                        0        0.271086803714182                        0        0.271062234907623        0.271062234907623                        0
       342                        0        0.271236261674957                        0        0.274091289690452        0.274091289690452                        0
       351                        0        0.271123309630641                        0        0.270859715667215        0.270859715667215                        0
       360                        0        0.271108092423004                        0        0.272038201070467        0.272038201070467                        0
       369                        0        0.271192197523179                        0        0.273191391371618        0.273191391371618                        0
       378                        0        0.271079879651735                        0        0.270659805823217        0.270659805823217                        0
       387                        0        0.271121747531696                        0        0.272622745727131        0.272622745727131                        0
       396                        0        0.271143170554887                        0        0.272232889402557        0.272232889402557                        0
       405                        0        0.271067015081041                        0        0.270931155448127        0.270931155448127                        0
       414                        0        0.271122729871936                        0        0.272746389219797        0.272746389219797                        0
       423                        0         0.27110215600906                        0        0.271517932929681        0.271517932929681                        0
       432                        0        0.271068515059063                        0        0.271370816027409        0.271370816027409                        0
       441                        0        0.271112771419128                        0        0.272509693722235        0.272509693722235                        0
       450                        0        0.271075030000155                        0        0.271152851050214        0.271152851050214                        0
       459                        0        0.271073321558975                        0        0.271751669615418        0.271751669615418                        0
       468                        0        0.271096609713949                        0        0.272096560570045        0.272096560570045                        0
       477                        0        0.271061052186885                        0        0.271091878708749        0.271091878708749                        0
       486                        0        0.271075815567455                        0         0.27195436648803         0.27195436648803                        0
       495                        0        0.271079500579213                        0        0.271685112775416        0.271685112775416                        0
       504                        0        0.271056053404909                        0        0.271215312708288        0.271215312708288                        0
       513                        0        0.271074280599466                        0        0.271961280480052        0.271961280480052                        0
       522                        0        0.271065325270461                        0        0.271389052090427        0.271389052090427                        0
       531                        0        0.271055478072588                        0        0.271396188271339        0.271396188271339                        0
       540                        0        0.271069311085966                        0        0.271825473441017        0.271825473441017                        0
       549                        0        0.271055721167368                        0        0.271243452535854        0.271243452535854                        0
       558                        0        0.271055971245261                        0        0.271540676685251        0.271540676685251                        0
       567                        0        0.271062563477096                        0        0.271628733128206        0.271628733128206                        0
       576                        0        0.271050387351207                        0        0.271223657601675        0.271223657601675                        0
       585                        0        0.271055714419734                        0        0.271603251903329        0.271603251903329                        0
       594                        0        0.271055794751474                        0        0.271444352552417        0.271444352552417                        0
       603                        0        0.271048007797302                        0        0.271276336550281        0.271276336550281                        0
       612                        0        0.271054145901222                        0        0.271582565138385        0.271582565138385                        0
       621                        0        0.271050228246496                        0        0.271315883781246        0.271315883781246                        0
       630                        0        0.271047119680272                        0        0.271347021956863        0.271347021956863                        0
       639                        0        0.271051505807868                        0         0.27150567665752         0.27150567665752                        0
       648                        0         0.27104633396947                        0         0.27125383279275         0.27125383279275                        0
       657                        0        0.271046611196148                        0        0.271397194686375        0.271397194686375                        0
       666                        0        0.271048392709163                        0        0.271408968032079        0.271408968032079                        0
       675                        0        0.271043964365691                        0        0.271244620187408        0.271244620187408                        0
       684                        0        0.271045868030866                        0        0.271410130518715        0.271410130518715                        0
       693                        0        0.271045410560661                        0         0.27132282940886         0.27132282940886                        0
       702                        0        0.271042652071969                        0         0.27126389172372         0.27126389172372                        0
       711                        0        0.271044709172863                        0         0.27138800225747         0.27138800225747                        0
       720                        0        0.271042956889088                        0         0.27126388021609         0.27126388021609                        0
