#square and square, nu_xymn_1
#MM NN: 2 5
#quadrature order: 16
#numpanels            c*(gradu.n)^2                      BEM        0.5*(gradu)^2 ex.       Boundary Formula 1       Boundary Formula 2
        18                        0         0.34578090713277                        0         0.17448620263595         0.17448620263595                        0
        27                        0        0.369118296803522                        0        0.188796281759051        0.188796281759051                        0
        36                        0        0.370780640869543                        0          0.2105654811464          0.2105654811464                        0
        45                        0        0.381277388154113                        0        0.233561396745217        0.233561396745217                        0
        54                        0        0.388433395850056                        0        0.252095998096664        0.252095998096664                        0
        63                        0        0.395551192102444                        0        0.318844104331091        0.318844104331091                        0
        72                        0        0.391761387398229                        0        0.326064382727879        0.326064382727879                        0
        81                        0         0.39987030877319                        0        0.343103293564145        0.343103293564145                        0
        90                        0        0.396545815668375                        0        0.361636389342465        0.361636389342465                        0
        99                        0        0.397701186406772                        0        0.359841438854016        0.359841438854016                        0
       108                        0        0.399899049727249                        0        0.374508592007046        0.374508592007046                        0
       117                        0        0.397397932867304                        0        0.380246254795785        0.380246254795785                        0
       126                        0        0.399540635067914                        0        0.379370812971238        0.379370812971238                        0
       135                        0        0.399162257526945                        0        0.387969133959545        0.387969133959545                        0
       144                        0        0.398186037269125                        0        0.388813846650943        0.388813846650943                        0
       153                        0        0.399684000922308                        0        0.389026995375381        0.389026995375381                        0
       162                        0        0.398779702316742                        0         0.39400450893235         0.39400450893235                        0
       171                        0        0.398768835343947                        0        0.392804493763736        0.392804493763736                        0
       180                        0        0.399441876786487                        0         0.39413165944621         0.39413165944621                        0
       189                        0        0.398679279260019                        0        0.396696751468922        0.396696751468922                        0
       198                        0        0.399084073007063                        0         0.39492766421295         0.39492766421295                        0
       207                        0        0.399184021810582                        0        0.396843459589509        0.396843459589509                        0
       216                        0        0.398735986808493                        0        0.397775750256927        0.397775750256927                        0
       225                        0        0.399176440977692                        0        0.396350164632647        0.396350164632647                        0
       234                        0        0.399003352848099                        0        0.398259289955426        0.398259289955426                        0
       243                        0        0.398849487740348                        0        0.398092192283355        0.398092192283355                        0
       252                        0        0.399147716748852                        0        0.397429409710221        0.397429409710221                        0
       261                        0        0.398909706190504                        0        0.398926108804568        0.398926108804568                        0
       270                        0        0.398949930059666                        0        0.398142901039951        0.398142901039951                        0
       279                        0        0.399077388588313                        0        0.398232992849808        0.398232992849808                        0
       288                        0        0.398884477934642                        0        0.399144027042679        0.399144027042679                        0
       297                        0        0.399005991229907                        0        0.398209583024016        0.398209583024016                        0
       306                        0        0.399008596473802                        0        0.398783882346597        0.398783882346597                        0
       315                        0        0.398899978312262                        0        0.399108462762031        0.399108462762031                        0
       324                        0        0.399019690847178                        0        0.398380292406227        0.398380292406227                        0
       333                        0        0.398959757710703                        0        0.399109078592505        0.399109078592505                        0
       342                        0        0.398929698775021                        0        0.398971493821547        0.398971493821547                        0
       351                        0         0.39900742705821                        0        0.398619252194096        0.398619252194096                        0
       360                        0        0.398934645343455                        0        0.399246688173785        0.399246688173785                        0
       369                        0        0.398955225837191                        0        0.398848732456421        0.398848732456421                        0
       378                        0        0.398985288548958                        0        0.398858378540014        0.398858378540014                        0
       387                        0        0.398928812031209                        0         0.39924690252684         0.39924690252684                        0
       396                        0         0.39896882644937                        0        0.398801568487618        0.398801568487618                        0
       405                        0        0.398964072248898                        0        0.399045769275249        0.399045769275249                        0
       414                        0        0.398934292887634                        0        0.399168905116334        0.399168905116334                        0
       423                        0        0.398970995335763                        0        0.398834179068249        0.398834179068249                        0
       432                        0          0.3989491580434                        0        0.399157322797313        0.399157322797313                        0
       441                        0        0.398943316290518                        0        0.399071063314187        0.399071063314187                        0
       450                        0        0.398965931668042                        0         0.39891577361405         0.39891577361405                        0
       459                        0        0.398941728481982                        0        0.399193770391442        0.399193770391442                        0
       468                        0        0.398950658561901                        0        0.398996911821418        0.398996911821418                        0
       477                        0        0.398958152832802                        0        0.399007917891449        0.399007917891449                        0
       486                        0        0.398940296955176                        0         0.39917351036261         0.39917351036261                        0
       495                        0        0.398954224221568                        0        0.398965767385066        0.398965767385066                        0
       504                        0        0.398950941489921                        0        0.399081404364412        0.399081404364412                        0
       513                        0        0.398942250579678                        0        0.399123694220475        0.399123694220475                        0
       522                        0        0.398954244550986                        0        0.398974324032785        0.398974324032785                        0
       531                        0        0.398945981698582                        0         0.39912193480503         0.39912193480503                        0
       540                        0        0.398945119143734                        0        0.399070712158075        0.399070712158075                        0
       549                        0         0.39895204705957                        0         0.39900638181896         0.39900638181896                        0
       558                        0        0.398943584169082                        0          0.3991290645008          0.3991290645008                        0
       567                        0        0.398947299519682                        0        0.399032591346359        0.399032591346359                        0
       576                        0        0.398949092514028                        0         0.39904347220805         0.39904347220805                        0
       585                        0        0.398943174606063                        0        0.399111876739288        0.399111876739288                        0
       594                        0        0.398948183829658                        0         0.39901594125112         0.39901594125112                        0
       603                        0         0.39894645930993                        0        0.399071817473724        0.399071817473724                        0
       612                        0        0.398943835260381                        0        0.399083446586666        0.399083446586666                        0
       621                        0         0.39894789321049                        0        0.399017769992123        0.399017769992123                        0
       630                        0        0.398944685504733                        0        0.399084950467047        0.399084950467047                        0
       639                        0        0.398944734579925                        0        0.399055715390472        0.399055715390472                        0
       648                        0          0.3989468966806                        0        0.399030004997995        0.399030004997995                        0
       657                        0        0.398943834962316                        0        0.399083145027371        0.399083145027371                        0
       666                        0        0.398945352398192                        0        0.399036173691049        0.399036173691049                        0
       675                        0        0.398945701219157                        0        0.399044035828335        0.399044035828335                        0
       684                        0        0.398943674005381                        0        0.399071076338645        0.399071076338645                        0
       693                        0        0.398945506994157                        0         0.39902700232006         0.39902700232006                        0
