#square and square, nu_xymn_1
#MM NN: 3 4
#quadrature order: 16
#numpanels            c*(gradu.n)^2                      BEM        0.5*(gradu)^2 ex.       Boundary Formula 1       Boundary Formula 2
        18                        0        0.033762431155644                        0        0.024081624306201        0.024081624306201                        0
        27                        0       0.0348290549028469                        0       0.0267006747151811       0.0267006747151811                        0
        36                        0       0.0345441780301328                        0        0.026338862593889        0.026338862593889                        0
        45                        0       0.0352432406496588                        0       0.0269160935644654       0.0269160935644654                        0
        54                        0        0.034641088574696                        0       0.0288928290451895       0.0288928290451895                        0
        63                        0       0.0339329576146234                        0       0.0307858683944111       0.0307858683944111                        0
        72                        0       0.0339518745973476                        0       0.0313737108191658       0.0313737108191658                        0
        81                        0       0.0337491415707976                        0       0.0320315664300493       0.0320315664300493                        0
        90                        0       0.0336082642423911                        0       0.0323119929817769       0.0323119929817769                        0
        99                        0        0.033635718719074                        0       0.0325334157535875       0.0325334157535875                        0
       108                        0       0.0335429366672466                        0       0.0328403288727189       0.0328403288727189                        0
       117                        0       0.0335083781235073                        0       0.0329325458233842       0.0329325458233842                        0
       126                        0       0.0335225895375113                        0       0.0330712877889425       0.0330712877889425                        0
       135                        0       0.0334738347133426                        0       0.0331782530858166       0.0331782530858166                        0
       144                        0        0.033472566294473                        0       0.0332102663929662       0.0332102663929662                        0
       153                        0       0.0334738647110196                        0        0.033291427199622        0.033291427199622                        0
       162                        0        0.033448723637815                        0       0.0333245367659333       0.0333245367659333                        0
       171                        0       0.0334562761709983                        0       0.0333432560125368       0.0333432560125368                        0
       180                        0       0.0334503965835296                        0       0.0333860146062088       0.0333860146062088                        0
       189                        0       0.0334392840814976                        0       0.0333918142487532       0.0333918142487532                        0
       198                        0       0.0334465131543178                        0       0.0334070220848874       0.0334070220848874                        0
       207                        0       0.0334386449380471                        0       0.0334256706973078       0.0334256706973078                        0
       216                        0       0.0334355939177929                        0       0.0334238717901666       0.0334238717901666                        0
       225                        0       0.0334396051248968                        0       0.0334362120852089       0.0334362120852089                        0
       234                        0       0.0334328823928084                        0       0.0334413829740693       0.0334413829740693                        0
       243                        0       0.0334337761698665                        0       0.0334394750874824       0.0334394750874824                        0
       252                        0       0.0334346304524726                        0       0.0334479610195885       0.0334479610195885                        0
       261                        0       0.0334302348130979                        0       0.0334468939948817       0.0334468939948817                        0
       270                        0       0.0334323625172649                        0       0.0334468017668596       0.0334468017668596                        0
       279                        0       0.0334312401519191                        0       0.0334512672065226       0.0334512672065226                        0
       288                        0       0.0334291143687016                        0       0.0334482906920562       0.0334482906920562                        0
       297                        0       0.0334309568433536                        0       0.0334495895522111       0.0334495895522111                        0
       306                        0       0.0334291136064899                        0       0.0334508328314239       0.0334508328314239                        0
       315                        0       0.0334286237747539                        0        0.033448134390622        0.033448134390622                        0
       324                        0       0.0334295997061753                        0       0.0334497836494994       0.0334497836494994                        0
       333                        0       0.0334279050060299                        0       0.0334490259118476       0.0334490259118476                        0
       342                        0       0.0334282931093748                        0       0.0334473818811938       0.0334473818811938                        0
       351                        0       0.0334284294153771                        0       0.0334485720314726       0.0334485720314726                        0
       360                        0       0.0334272871658163                        0        0.033446956263242        0.033446956263242                        0
       369                        0       0.0334279305741092                        0       0.0334463258831526       0.0334463258831526                        0
       378                        0       0.0334275344076033                        0       0.0334467293602009       0.0334467293602009                        0
       387                        0        0.033426991930954                        0       0.0334450647781593       0.0334450647781593                        0
       396                        0       0.0334275093272043                        0       0.0334450520083124       0.0334450520083124                        0
       405                        0       0.0334269237113368                        0       0.0334447395912709       0.0334447395912709                        0
       414                        0          0.0334268305548                        0       0.0334434524133006       0.0334434524133006                        0
       423                        0        0.033427075762953                        0        0.033443626622864        0.033443626622864                        0
       432                        0       0.0334265489729611                        0       0.0334428710356482       0.0334428710356482                        0
       441                        0       0.0334266944569042                        0       0.0334420718737447       0.0334420718737447                        0
       450                        0       0.0334266865141145                        0       0.0334421382918727       0.0334421382918727                        0
       459                        0       0.0334263372545144                        0       0.0334412394195787       0.0334412394195787                        0
       468                        0        0.033426540469814                        0       0.0334408394085685       0.0334408394085685                        0
       477                        0       0.0334263772682269                        0       0.0334406804589713       0.0334406804589713                        0
       486                        0       0.0334262175289484                        0        0.033439861807418        0.033439861807418                        0
       495                        0       0.0334263675795648                        0       0.0334396912034541       0.0334396912034541                        0
       504                        0       0.0334261562424507                        0       0.0334393273545123       0.0334393273545123                        0
       513                        0       0.0334261361567496                        0       0.0334387014259102       0.0334387014259102                        0
       522                        0        0.033426193510291                        0       0.0334385997080794       0.0334385997080794                        0
       531                        0       0.0334260109851868                        0       0.0334381216694104       0.0334381216694104                        0
       540                        0        0.033426061819639                        0       0.0334377026708174       0.0334377026708174                        0
       549                        0       0.0334260374622213                        0       0.0334375662388979       0.0334375662388979                        0
       558                        0       0.0334259192032304                        0       0.0334370745573107       0.0334370745573107                        0
       567                        0       0.0334259827123851                        0       0.0334368146834622       0.0334368146834622                        0
       576                        0       0.0334259111999567                        0       0.0334366054608756       0.0334366054608756                        0
       585                        0       0.0334258581875356                        0        0.033436173398015        0.033436173398015                        0
       594                        0       0.0334258997561497                        0       0.0334360028271422       0.0334360028271422                        0
       603                        0       0.0334258171662938                        0       0.0334357319321549       0.0334357319321549                        0
       612                        0       0.0334258105942348                        0       0.0334353926511549       0.0334353926511549                        0
       621                        0       0.0334258193440702                        0       0.0334352499717874       0.0334352499717874                        0
       630                        0       0.0334257507555443                        0       0.0334349525696371       0.0334349525696371                        0
       639                        0        0.033425766405729                        0       0.0334347040857721       0.0334347040857721                        0
       648                        0       0.0334257479176674                        0       0.0334345516575899       0.0334345516575899                        0
       657                        0       0.0334257040143464                        0       0.0334342648274065       0.0334342648274065                        0
       666                        0       0.0334257220548409                        0        0.033434083936314        0.033434083936314                        0
       675                        0       0.0334256891689194                        0       0.0334339094586105       0.0334339094586105                        0
       684                        0       0.0334256689314165                        0       0.0334336587242148       0.0334336587242148                        0
       693                        0       0.0334256781219376                        0       0.0334335160825454       0.0334335160825454                        0
       702                        0       0.0334256435130203                        0       0.0334333255109294       0.0334333255109294                        0
       711                        0       0.0334256394572772                        0       0.0334331205815465       0.0334331205815465                        0
