#square and square, nu_xymn_1
#MM NN: 3 2
#quadrature order: 16
#numpanels            c*(gradu.n)^2                      BEM        0.5*(gradu)^2 ex.       Boundary Formula 1       Boundary Formula 2
        18                        0       0.0987377703960707                        0       0.0676329396736173       0.0676329396736173                        0
        27                        0        0.102865537963081                        0       0.0746691623147751       0.0746691623147751                        0
        36                        0        0.102601818494028                        0       0.0743827971125645       0.0743827971125645                        0
        45                        0        0.104253633872744                        0       0.0758741917903707       0.0758741917903707                        0
        54                        0        0.105492245694815                        0       0.0832357095014359       0.0832357095014359                        0
        63                        0        0.105466216027661                        0       0.0912293654275887       0.0912293654275887                        0
        72                        0        0.105928385676692                        0       0.0945663580018892       0.0945663580018892                        0
        81                        0         0.10607528681424                        0       0.0974027837601778       0.0974027837601778                        0
        90                        0        0.106004216993334                        0       0.0991881391191264       0.0991881391191264                        0
        99                        0        0.106210950814611                        0        0.100620470755141        0.100620470755141                        0
       108                        0        0.106196020571156                        0        0.102080571181459        0.102080571181459                        0
       117                        0        0.106180214751578                        0        0.102904069230885        0.102904069230885                        0
       126                        0        0.106282402277817                        0        0.103689381415407        0.103689381415407                        0
       135                        0         0.10623571319481                        0        0.104290507549834        0.104290507549834                        0
       144                        0        0.106251870677933                        0        0.104668843533092        0.104668843533092                        0
       153                        0        0.106291447061861                        0        0.105079255356497        0.105079255356497                        0
       162                        0        0.106255374447026                        0        0.105334862239682        0.105334862239682                        0
       171                        0        0.106281988649557                        0        0.105532655819385        0.105532655819385                        0
       180                        0        0.106287393327275                        0        0.105737437586605        0.105737437586605                        0
       189                        0        0.106268666896811                        0        0.105844612221667        0.105844612221667                        0
       198                        0        0.106292110646373                        0        0.105956913206447        0.105956913206447                        0
       207                        0         0.10628313491095                        0        0.106051552181581        0.106051552181581                        0
       216                        0        0.106278374871328                        0         0.10609837737531         0.10609837737531                        0
       225                        0        0.106292913278253                        0        0.106164171568542        0.106164171568542                        0
       234                        0        0.106281389853555                        0         0.10620272341325         0.10620272341325                        0
       243                        0        0.106284765059121                        0        0.106226565297906        0.106226565297906                        0
       252                        0        0.106290439391809                        0        0.106263404977823        0.106263404977823                        0
       261                        0        0.106281823375072                        0        0.106275989784027        0.106275989784027                        0
       270                        0        0.106288051898889                        0        0.106291159608841        0.106291159608841                        0
       279                        0        0.106287718740927                        0        0.106309234688418        0.106309234688418                        0
       288                        0        0.106283391677299                        0        0.106311685624885        0.106311685624885                        0
       297                        0        0.106288964333607                        0        0.106322508645849        0.106322508645849                        0
       306                        0        0.106285900591142                        0        0.106329087446015        0.106329087446015                        0
       315                        0        0.106285131339389                        0        0.106328899647267        0.106328899647267                        0
       324                        0        0.106288503468248                        0        0.106336191557811        0.106336191557811                        0
       333                        0        0.106285138905962                        0        0.106336622623269        0.106336622623269                        0
       342                        0        0.106286435196273                        0        0.106336634686749        0.106336634686749                        0
       351                        0        0.106287552345364                        0        0.106340608929319        0.106340608929319                        0
       360                        0        0.106285157861005                        0        0.106338517487903        0.106338517487903                        0
       369                        0         0.10628709495103                        0         0.10633920924639         0.10633920924639                        0
       378                        0        0.106286674345948                        0         0.10634040986014         0.10634040986014                        0
       387                        0        0.106285572173262                        0        0.106337917669744        0.106337917669744                        0
       396                        0        0.106287199240792                        0        0.106338843839662        0.106338843839662                        0
       405                        0        0.106286113937738                        0        0.106338145764536        0.106338145764536                        0
       414                        0         0.10628605547374                        0        0.106336216058759        0.106336216058759                        0
       423                        0        0.106286972533579                        0        0.106336825128649        0.106336825128649                        0
       432                        0        0.106285892400912                        0        0.106335155805208        0.106335155805208                        0
       441                        0        0.106286410990146                        0        0.106333986152661        0.106333986152661                        0
       450                        0        0.106286638915941                        0        0.106333976984593        0.106333976984593                        0
       459                        0        0.106285915237999                        0        0.106332078739217        0.106332078739217                        0
       468                        0        0.106286573997339                        0        0.106331466346543        0.106331466346543                        0
       477                        0        0.106286350503013                        0        0.106330836892781        0.106330836892781                        0
       486                        0         0.10628605646034                        0        0.106329162997938        0.106329162997938                        0
       495                        0        0.106286572777706                        0        0.106328789201065        0.106328789201065                        0
       504                        0        0.106286174152684                        0        0.106327733131423        0.106327733131423                        0
       513                        0        0.106286211222235                        0        0.106326460007494        0.106326460007494                        0
       522                        0        0.106286477035542                        0        0.106326065718798        0.106326065718798                        0
       531                        0        0.106286111141093                        0        0.106324837257055        0.106324837257055                        0
       540                        0        0.106286318503848                        0         0.10632394327696         0.10632394327696                        0
       549                        0        0.106286356236738                        0        0.106323398121918        0.106323398121918                        0
       558                        0        0.106286127115139                        0        0.106322211099591        0.106322211099591                        0
       567                        0        0.106286360638419                        0        0.106321574812479        0.106321574812479                        0
       576                        0        0.106286257275331                        0        0.106320868863684        0.106320868863684                        0
       585                        0        0.106286178728604                        0        0.106319849405213        0.106319849405213                        0
       594                        0        0.106286349559532                        0        0.106319333210802        0.106319333210802                        0
       603                        0        0.106286199704222                        0        0.106318530401526        0.106318530401526                        0
       612                        0        0.106286231009191                        0        0.106317715258829        0.106317715258829                        0
       621                        0        0.106286309711153                        0        0.106317217033566        0.106317217033566                        0
       630                        0        0.106286181738327                        0        0.106316403454616        0.106316403454616                        0
       639                        0        0.106286264571074                        0        0.106315765546059        0.106315765546059                        0
       648                        0        0.106286264551562                        0        0.106315236387094        0.106315236387094                        0
       657                        0        0.106286190168665                        0        0.106314482860472        0.106314482860472                        0
       666                        0        0.106286274883505                        0         0.10631396541877         0.10631396541877                        0
       675                        0        0.106286229393637                        0        0.106313402485683        0.106313402485683                        0
       684                        0        0.106286209428556                        0         0.10631274733524         0.10631274733524                        0
       693                        0        0.106286267195544                        0        0.106312293053914        0.106312293053914                        0
       702                        0        0.106286210018807                        0        0.106311720455763        0.106311720455763                        0
       711                        0        0.106286227461672                        0        0.106311169448149        0.106311169448149                        0
       720                        0        0.106286250563899                        0        0.106310737831242        0.106310737831242                        0
