#square and square, nu_xymn_1
#MM NN: 5 4
#quadrature order: 16
#numpanels            c*(gradu.n)^2                      BEM        0.5*(gradu)^2 ex.       Boundary Formula 1       Boundary Formula 2
        18                        0       -0.435724687478646                        0       -0.363085891479628       -0.363085891479628                        0
        27                        0       -0.457442188912553                        0       -0.352633680863157       -0.352633680863157                        0
        36                        0       -0.471112281147978                        0       -0.362447117542205       -0.362447117542205                        0
        45                        0       -0.451234743421026                        0        -0.28425973603885        -0.28425973603885                        0
        54                        0       -0.512473377281523                        0       -0.417434961688743       -0.417434961688743                        0
        63                        0       -0.489797291234254                        0       -0.400555719713137       -0.400555719713137                        0
        72                        0       -0.508504016688494                        0       -0.430099716230656       -0.430099716230656                        0
        81                        0       -0.499817658507999                        0       -0.471238680276126       -0.471238680276126                        0
        90                        0       -0.501026074835851                        0       -0.450351252986467       -0.450351252986467                        0
        99                        0       -0.505951819170424                        0       -0.479839945409128       -0.479839945409128                        0
       108                        0       -0.499997332949913                        0       -0.483318780544693       -0.483318780544693                        0
       117                        0       -0.503611822896572                        0        -0.47775138532643        -0.47775138532643                        0
       126                        0       -0.503002550357004                        0       -0.495342674840481       -0.495342674840481                        0
       135                        0       -0.501313248474825                        0       -0.492056196190949       -0.492056196190949                        0
       144                        0       -0.503897360106142                        0       -0.490832965558318       -0.490832965558318                        0
       153                        0        -0.50195883369784                        0       -0.501348889437608       -0.501348889437608                        0
       162                        0       -0.502139809858404                        0       -0.496654326891772       -0.496654326891772                        0
       171                        0        -0.50339284761606                        0       -0.497821568153757       -0.497821568153757                        0
       180                        0       -0.501804432574116                        0       -0.503195944538805       -0.503195944538805                        0
       189                        0       -0.502569288598683                        0       -0.498978024609321       -0.498978024609321                        0
       198                        0       -0.502785055381894                        0       -0.501576533027029       -0.501576533027029                        0
       207                        0       -0.501940729064026                        0       -0.503546684141963       -0.503546684141963                        0
       216                        0       -0.502716403223517                        0       -0.500245979682558       -0.500245979682558                        0
       225                        0       -0.502378706394524                        0       -0.503479698302755       -0.503479698302755                        0
       234                        0       -0.502128275244305                        0       -0.503283660958283       -0.503283660958283                        0
       243                        0       -0.502668834965845                        0       -0.501203997961175       -0.501203997961175                        0
       252                        0       -0.502194291343045                        0       -0.504211849097616       -0.504211849097616                        0
       261                        0        -0.50228073244813                        0       -0.502830376349094       -0.502830376349094                        0
       270                        0         -0.5025273150952                        0       -0.502107382888677       -0.502107382888677                        0
       279                        0       -0.502152898006816                        0       -0.504262631339966       -0.504262631339966                        0
       288                        0       -0.502370170246549                        0       -0.502441818358881       -0.502441818358881                        0
       297                        0       -0.502383136265419                        0        -0.50288506943884        -0.50288506943884                        0
       306                        0       -0.502180068436107                        0       -0.503950593724081       -0.503950593724081                        0
       315                        0       -0.502395404004335                        0       -0.502272194167058       -0.502272194167058                        0
       324                        0        -0.50228351722748                        0       -0.503403277507772       -0.503403277507772                        0
       333                        0       -0.502227703550704                        0       -0.503493023888507       -0.503493023888507                        0
       342                        0       -0.502373387011067                        0       -0.502354198971583       -0.502354198971583                        0
       351                        0        -0.50223432925127                        0       -0.503620926095316       -0.503620926095316                        0
       360                        0        -0.50226923450326                        0       -0.503049319330067       -0.503049319330067                        0
       369                        0       -0.502329977070641                        0       -0.502602561419151       -0.502602561419151                        0
       378                        0       -0.502222065848345                        0       -0.503585203155098       -0.503585203155098                        0
       387                        0       -0.502292841265835                        0       -0.502728703609411       -0.502728703609411                        0
       396                        0       -0.502287482900233                        0        -0.50288105847456        -0.50288105847456                        0
       405                        0       -0.502229917751144                        0       -0.503385976385083       -0.503385976385083                        0
       414                        0       -0.502297231632877                        0       -0.502578786725601       -0.502578786725601                        0
       423                        0       -0.502257607178357                        0       -0.503081333503067       -0.503081333503067                        0
       432                        0       -0.502244373990383                        0       -0.503121618021597       -0.503121618021597                        0
       441                        0       -0.502287930750104                        0       -0.502581771900448       -0.502581771900448                        0
       450                        0         -0.5022423760507                        0       -0.503157240095269       -0.503157240095269                        0
       459                        0       -0.502256796323948                        0       -0.502876356528163       -0.502876356528163                        0
       468                        0       -0.502272867699558                        0       -0.502674651998613       -0.502674651998613                        0
       477                        0       -0.502238473862153                        0       -0.503117194699829       -0.503117194699829                        0
       486                        0       -0.502263212261053                        0       -0.502704373555794       -0.502704373555794                        0
       495                        0       -0.502258577220771                        0       -0.502784879415787       -0.502784879415787                        0
       504                        0       -0.502240990749836                        0       -0.503001155628146       -0.503001155628146                        0
       513                        0       -0.502263368166143                        0       -0.502622525335137       -0.502622525335137                        0
       522                        0       -0.502248510392431                        0       -0.502859659439597       -0.502859659439597                        0
       531                        0       -0.502245563587393                        0       -0.502858297513059       -0.502858297513059                        0
       540                        0       -0.502259256811549                        0       -0.502615037552853       -0.502615037552853                        0
       549                        0       -0.502243304516669                        0       -0.502876931938407       -0.502876931938407                        0
       558                        0       -0.502249288333589                        0        -0.50273029083188        -0.50273029083188                        0
       567                        0       -0.502253514354482                        0       -0.502648210310629       -0.502648210310629                        0
       576                        0       -0.502241902772681                        0       -0.502841158801013       -0.502841158801013                        0
       585                        0        -0.50225087634699                        0       -0.502641564156516       -0.502641564156516                        0
       594                        0       -0.502248245076767                        0        -0.50268744969669        -0.50268744969669                        0
       603                        0       -0.502242650174239                        0       -0.502772294142813       -0.502772294142813                        0
       612                        0        -0.50225033872546                        0       -0.502597143195273       -0.502597143195273                        0
       621                        0       -0.502244545507178                        0       -0.502709045626006       -0.502709045626006                        0
       630                        0       -0.502244035038229                        0       -0.502694285927151       -0.502694285927151                        0
       639                        0       -0.502248425536447                        0       -0.502587111043588       -0.502587111043588                        0
       648                        0       -0.502242592026596                        0       -0.502703969962088       -0.502703969962088                        0
       657                        0       -0.502245057287217                        0         -0.5026264338592         -0.5026264338592                        0
       666                        0       -0.502246061181979                        0       -0.502594645246807       -0.502594645246807                        0
       675                        0       -0.502241988215907                        0       -0.502675425926971       -0.502675425926971                        0
       684                        0       -0.502245300725465                        0       -0.502578958602822       -0.502578958602822                        0
       693                        0       -0.502243960842707                        0       -0.502603784372287       -0.502603784372287                        0
       702                        0       -0.502242130458338                        0       -0.502633440559865       -0.502633440559865                        0
       711                        0       -0.502244808586361                        0       -0.502552766217416       -0.502552766217416                        0
       720                        0       -0.502242483629071                        0       -0.502604244878988       -0.502604244878988                        0
