#square and square, nu_xymn_2
#MM NN: 2 3
#quadrature order: 16
#numpanels            c*(gradu.n)^2                      BEM        0.5*(gradu)^2 ex.       Boundary Formula 1       Boundary Formula 2
        18                        0        0.138670186187842                        0        0.160849753252331        0.160849753252331                        0
        27                        0        0.150124833948373                        0        0.193226876699413        0.193226876699413                        0
        36                        0        0.143328856113195                        0        0.158523621617488        0.158523621617488                        0
        45                        0        0.145373025907969                        0        0.175808877429622        0.175808877429622                        0
        54                        0        0.145676132510348                        0        0.154075736843008        0.154075736843008                        0
        63                        0        0.142772529333554                        0        0.150671115466657        0.150671115466657                        0
        72                        0        0.144495487821151                        0        0.159935471405629        0.159935471405629                        0
        81                        0        0.143079529758544                        0        0.143839717973594        0.143839717973594                        0
        90                        0        0.143060721779477                        0        0.148049180600745        0.148049180600745                        0
        99                        0        0.143752192162187                        0        0.150150186615332        0.150150186615332                        0
       108                        0        0.142815554178556                        0         0.14186455013218         0.14186455013218                        0
       117                        0        0.143118146986787                        0        0.146718133410372        0.146718133410372                        0
       126                        0        0.143284668107097                        0         0.14478123854382         0.14478123854382                        0
       135                        0        0.142837933710449                        0        0.142050060809061        0.142050060809061                        0
       144                        0        0.143101615135177                        0        0.145905853145844        0.145905853145844                        0
       153                        0        0.143020143935341                        0        0.142473679593986        0.142473679593986                        0
       162                        0        0.142884396519707                        0        0.142706316533229        0.142706316533229                        0
       171                        0        0.143061255097984                        0        0.144985186863236        0.144985186863236                        0
       180                        0        0.142906814817848                        0         0.14183549402559         0.14183549402559                        0
       189                        0        0.142914188728955                        0         0.14330955863038         0.14330955863038                        0
       198                        0        0.143008216872881                        0        0.143923743757763        0.143923743757763                        0
       207                        0        0.142873876336334                        0        0.141938612347313        0.141938612347313                        0
       216                        0        0.142926809554451                        0        0.143665861444491        0.143665861444491                        0
       225                        0        0.142952123868612                        0         0.14305035135971         0.14305035135971                        0
       234                        0        0.142873317898783                        0        0.142314527066329        0.142314527066329                        0
       243                        0        0.142928192523061                        0        0.143718178675044        0.143718178675044                        0
       252                        0        0.142909724355407                        0        0.142564016702853        0.142564016702853                        0
       261                        0        0.142880967722077                        0        0.142722710054323        0.142722710054323                        0
       270                        0        0.142921887929618                        0         0.14351312071439         0.14351312071439                        0
       279                        0        0.142886587346726                        0        0.142420818794093        0.142420818794093                        0
       288                        0        0.142887715338697                        0        0.143038234045874        0.143038234045874                        0
       297                        0        0.142910116281525                        0        0.143191641400143        0.143191641400143                        0
       306                        0        0.142877904641518                        0        0.142493776946633        0.142493776946633                        0
       315                        0        0.142891432323593                        0        0.143204979918758        0.143204979918758                        0
       324                        0        0.142896881967905                        0        0.142906869424121        0.142906869424121                        0
       333                        0        0.142876779964517                        0        0.142663515916141        0.142663515916141                        0
       342                        0        0.142892120108599                        0        0.143220599295906        0.143220599295906                        0
       351                        0        0.142886266393442                        0        0.142739130193931        0.142739130193931                        0
       360                        0        0.142878346416872                        0        0.142841814337691        0.142841814337691                        0
       369                        0        0.142890189629172                        0        0.143128826981822        0.143128826981822                        0
       378                        0        0.142879875511778                        0        0.142691972235525        0.142691972235525                        0
       387                        0        0.142880148653937                        0        0.142973715456751        0.142973715456751                        0
       396                        0        0.142886535732369                        0        0.142997296709126        0.142997296709126                        0
       405                        0        0.142877071658688                        0        0.142729101679143        0.142729101679143                        0
       414                        0        0.142881227300312                        0        0.143035714303404        0.143035714303404                        0
       423                        0        0.142882493487807                        0        0.142884448225354        0.142884448225354                        0
       432                        0        0.142876430819683                        0        0.142805204485635        0.142805204485635                        0
       441                        0        0.142881314026678                        0        0.143032126345003        0.143032126345003                        0
       450                        0        0.142879186913973                        0        0.142819608155294        0.142819608155294                        0
       459                        0        0.142876724855904                        0        0.142882161953622        0.142882161953622                        0
       468                        0        0.142880503726644                        0         0.14298658700913         0.14298658700913                        0
       477                        0        0.142877072678451                        0        0.142804250567305        0.142804250567305                        0
       486                        0        0.142877190277638                        0        0.142935806325477        0.142935806325477                        0
       495                        0        0.142879151096603                        0        0.142928652166845        0.142928652166845                        0
       504                        0        0.142876031182678                        0        0.142823613610322        0.142823613610322                        0
       513                        0        0.142877444260652                        0        0.142957344011742        0.142957344011742                        0
       522                        0        0.142877707041025                        0        0.142881388684825        0.142881388684825                        0
       531                        0        0.142875694309265                        0        0.142858159692616        0.142858159692616                        0
       540                        0        0.142877355046603                        0         0.14295091333811         0.14295091333811                        0
       549                        0        0.142876515946009                        0        0.142855645266419        0.142855645266419                        0
       558                        0        0.142875696595311                        0        0.142891179637886        0.142891179637886                        0
       567                        0        0.142876959131491                        0        0.142928187100122        0.142928187100122                        0
       576                        0         0.14287571820849                        0         0.14285116177241         0.14285116177241                        0
       585                        0        0.142875777011594                        0        0.142912533133452        0.142912533133452                        0
       594                        0        0.142876392411405                        0        0.142902037832143        0.142902037832143                        0
       603                        0         0.14287528368674                        0        0.142861071726421        0.142861071726421                        0
       612                        0        0.142875789305489                        0        0.142919311936805        0.142919311936805                        0
       621                        0        0.142875811697137                        0        0.142881799973553        0.142881799973553                        0
       630                        0        0.142875099453691                        0        0.142876621099071        0.142876621099071                        0
       639                        0        0.142875681983647                        0        0.142914252228783        0.142914252228783                        0
       648                        0        0.142875330305016                        0        0.142871461176431        0.142871461176431                        0
       657                        0        0.142875042896184                        0        0.142890547349581        0.142890547349581                        0
       666                        0        0.142875471037983                        0        0.142902930953877        0.142902930953877                        0
       675                        0        0.142874993658499                        0        0.142870375258804        0.142870375258804                        0
       684                        0        0.142875019577621                        0        0.142898742850156        0.142898742850156                        0
       693                        0        0.142875208129481                        0        0.142890962551032        0.142890962551032                        0
       702                        0        0.142874791288882                        0        0.142875221372262        0.142875221372262                        0
       711                        0        0.142874974425073                        0         0.14290039614467         0.14290039614467                        0
       720                        0        0.142874949286288                        0        0.142882151590243        0.142882151590243                        0
