#square and square, nu_xymn_2
#MM NN: 3 4
#quadrature order: 16
#numpanels            c*(gradu.n)^2                      BEM        0.5*(gradu)^2 ex.       Boundary Formula 1       Boundary Formula 2
        18                        0       0.0238682128674681                        0       0.0297838279986846       0.0297838279986846                        0
        27                        0        0.025497496974597                        0       0.0331888884326677       0.0331888884326677                        0
        36                        0       0.0255648822441983                        0       0.0321114807999465       0.0321114807999465                        0
        45                        0       0.0255124137342669                        0       0.0335973369146641       0.0335973369146641                        0
        54                        0       0.0271748694191419                        0       0.0330833002461862       0.0330833002461862                        0
        63                        0       0.0271202229608758                        0       0.0320634429116214       0.0320634429116214                        0
        72                        0       0.0272009356019937                        0       0.0313443122231698       0.0313443122231698                        0
        81                        0       0.0275988362057719                        0       0.0308191493910957       0.0308191493910957                        0
        90                        0       0.0275142702845751                        0       0.0301407293828525       0.0301407293828525                        0
        99                        0       0.0276102955639632                        0       0.0297460128160883       0.0297460128160883                        0
       108                        0       0.0277133969839302                        0        0.029416557137451        0.029416557137451                        0
       117                        0       0.0276577229112702                        0       0.0290369583938763       0.0290369583938763                        0
       126                        0       0.0277412655383069                        0       0.0288670161077287       0.0288670161077287                        0
       135                        0       0.0277466598219939                        0       0.0286579046480954       0.0286579046480954                        0
       144                        0       0.0277259494225681                        0        0.028475800641199        0.028475800641199                        0
       153                        0       0.0277783563365898                        0       0.0283984170036846       0.0283984170036846                        0
       162                        0        0.027759880160102                        0       0.0282675724070049       0.0282675724070049                        0
       171                        0       0.0277624917689581                        0       0.0281905080557076       0.0281905080557076                        0
       180                        0       0.0277861090645024                        0       0.0281452566739124       0.0281452566739124                        0
       189                        0       0.0277685634779661                        0       0.0280674964999051       0.0280674964999051                        0
       198                        0       0.0277810196530194                        0       0.0280398615038444       0.0280398615038444                        0
       207                        0       0.0277860478222235                        0       0.0280058691775847       0.0280058691775847                        0
       216                        0       0.0277760546097992                        0       0.0279637734507826       0.0279637734507826                        0
       225                        0        0.027788656505453                        0       0.0279549064930186       0.0279549064930186                        0
       234                        0       0.0277850767199468                        0       0.0279277262588562       0.0279277262588562                        0
       243                        0       0.0277823296231931                        0       0.0279082205607714       0.0279082205607714                        0
       252                        0        0.027790586196448                        0       0.0279035900337851       0.0279035900337851                        0
       261                        0       0.0277850053141458                        0        0.027883262369111        0.027883262369111                        0
       270                        0       0.0277868297395759                        0       0.0278763937398293       0.0278763937398293                        0
       279                        0       0.0277902425175053                        0       0.0278709759921754       0.0278709759921754                        0
       288                        0        0.027785899195906                        0       0.0278575330005242       0.0278575330005242                        0
       297                        0       0.0277894125227152                        0       0.0278562351517139       0.0278562351517139                        0
       306                        0       0.0277894420911421                        0       0.0278496697114218       0.0278496697114218                        0
       315                        0       0.0277872900635405                        0       0.0278421490298383       0.0278421490298383                        0
       324                        0       0.0277904599817362                        0        0.027842133864864        0.027842133864864                        0
       333                        0       0.0277889289678022                        0       0.0278356093029601       0.0278356093029601                        0
       342                        0       0.0277886702626323                        0       0.0278323236535369       0.0278323236535369                        0
       351                        0       0.0277905896356996                        0       0.0278316435828745       0.0278316435828745                        0
       360                        0       0.0277888655826058                        0       0.0278262902752608       0.0278262902752608                        0
       369                        0        0.027789708088899                        0       0.0278253975587299       0.0278253975587299                        0
       378                        0       0.0277903489563675                        0       0.0278236895307948       0.0278236895307948                        0
       387                        0       0.0277891466240435                        0       0.0278200247668038       0.0278200247668038                        0
       396                        0       0.0277903020563804                        0       0.0278200147810034       0.0278200147810034                        0
       405                        0       0.0277900842733339                        0       0.0278176992172185       0.0278176992172185                        0
       414                        0       0.0277895832873728                        0       0.0278156401625277       0.0278156401625277                        0
       423                        0       0.0277905254911008                        0       0.0278155790423648       0.0278155790423648                        0
       432                        0       0.0277899495776555                        0       0.0278132511502617       0.0278132511502617                        0
       441                        0       0.0277900074945817                        0        0.027812352069939        0.027812352069939                        0
       450                        0       0.0277905262640284                        0       0.0278118731285372       0.0278118731285372                        0
       459                        0       0.0277899672974485                        0       0.0278099686586343       0.0278099686586343                        0
       468                        0       0.0277903200579433                        0       0.0278096868682897       0.0278096868682897                        0
       477                        0       0.0277904440873465                        0       0.0278088193784549       0.0278088193784549                        0
       486                        0        0.027790091503971                        0        0.027807512454118        0.027807512454118                        0
       495                        0       0.0277904956305957                        0       0.0278074029685548       0.0278074029685548                        0
       504                        0       0.0277903709869203                        0       0.0278063588212165       0.0278063588212165                        0
       513                        0       0.0277902567844122                        0       0.0278056020569283       0.0278056020569283                        0
       522                        0       0.0277905601689829                        0       0.0278054056080657       0.0278054056080657                        0
       531                        0        0.027790347084645                        0       0.0278044101094075       0.0278044101094075                        0
       540                        0       0.0277904090375576                        0       0.0278040335694285       0.0278040335694285                        0
       549                        0       0.0277905602286862                        0       0.0278036708643869       0.0278036708643869                        0
       558                        0       0.0277903741905002                        0       0.0278028707159157       0.0278028707159157                        0
       567                        0       0.0277905188426672                        0       0.0278026810764714       0.0278026810764714                        0
       576                        0       0.0277905389921251                        0       0.0278021929944337       0.0278021929944337                        0
       585                        0       0.0277904339365923                        0       0.0278016341518752       0.0278016341518752                        0
       594                        0        0.027790580996372                        0       0.0278014818950011       0.0278014818950011                        0
       603                        0       0.0277905244711686                        0       0.0278009578156561       0.0278009578156561                        0
       612                        0       0.0277905032683253                        0       0.0278006077342332       0.0278006077342332                        0
       621                        0       0.0277906061443026                        0       0.0278004134637851       0.0278004134637851                        0
       630                        0       0.0277905280057007                        0       0.0277999360889943       0.0277999360889943                        0
       639                        0       0.0277905642956562                        0       0.0277997232910985       0.0277997232910985                        0
       648                        0       0.0277906107029396                        0       0.0277994710378064       0.0277994710378064                        0
       657                        0       0.0277905485727947                        0       0.0277990882222279       0.0277990882222279                        0
       666                        0       0.0277906081558218                        0       0.0277989389257813       0.0277989389257813                        0
       675                        0       0.0277906092701908                        0         0.02779865208057         0.02779865208057                        0
       684                        0        0.027790578877399                        0       0.0277983728262584       0.0277983728262584                        0
       693                        0       0.0277906342623328                        0       0.0277982338770232       0.0277982338770232                        0
       702                        0       0.0277906109580929                        0        0.027797948782165        0.027797948782165                        0
       711                        0       0.0277906106269794                        0       0.0277977541785323       0.0277977541785323                        0
