#square and square, nu_xymn_2
#MM NN: 1 3
#quadrature order: 16
#numpanels            c*(gradu.n)^2                      BEM        0.5*(gradu)^2 ex.       Boundary Formula 1       Boundary Formula 2
        18                        0       0.0793344215739385                        0       0.0960713104557652       0.0960713104557652                        0
        27                        0        0.085660197267706                        0        0.115512385327969        0.115512385327969                        0
        36                        0       0.0825500228758507                        0       0.0947220612678023       0.0947220612678023                        0
        45                        0       0.0834505078613437                        0        0.102761616412457        0.102761616412457                        0
        54                        0       0.0842568479848742                        0       0.0915634533917595       0.0915634533917595                        0
        63                        0       0.0830706709049448                        0       0.0894844477034595       0.0894844477034595                        0
        72                        0       0.0839323455190235                        0       0.0935435624972348       0.0935435624972348                        0
        81                        0       0.0834171003963947                        0       0.0852111947790687       0.0852111947790687                        0
        90                        0       0.0834288749913881                        0       0.0869930332021253       0.0869930332021253                        0
        99                        0       0.0837721770151679                        0       0.0877599800495828       0.0877599800495828                        0
       108                        0       0.0833772469209729                        0       0.0834830652453887       0.0834830652453887                        0
       117                        0       0.0835184554474716                        0       0.0857409082501368       0.0857409082501368                        0
       126                        0       0.0836145179833179                        0       0.0846671880982135       0.0846671880982135                        0
       135                        0       0.0834134336424484                        0       0.0832385020646061       0.0832385020646061                        0
       144                        0       0.0835329512814911                        0       0.0850872015171054       0.0850872015171054                        0
       153                        0       0.0835086099812143                        0       0.0833393766673861       0.0833393766673861                        0
       162                        0       0.0834437483690385                        0       0.0834230448795675       0.0834230448795675                        0
       171                        0       0.0835250575228561                        0       0.0845288266797547       0.0845288266797547                        0
       180                        0       0.0834604286473198                        0        0.082947786496725        0.082947786496725                        0
       189                        0       0.0834609461529619                        0       0.0836670504438173       0.0836670504438173                        0
       198                        0       0.0835066726239527                        0       0.0839633368950265       0.0839633368950265                        0
       207                        0       0.0834462713956349                        0        0.082970594930867        0.082970594930867                        0
       216                        0       0.0834685433388555                        0       0.0838245871096605       0.0838245871096605                        0
       225                        0       0.0834834570871409                        0       0.0835163873935012       0.0835163873935012                        0
       234                        0        0.083446293354231                        0       0.0831483791022207       0.0831483791022207                        0
       243                        0       0.0834705960598862                        0       0.0838456803520357       0.0838456803520357                        0
       252                        0       0.0834645758088006                        0       0.0832715900486615       0.0832715900486615                        0
       261                        0       0.0834499283853786                        0       0.0833501117907146       0.0833501117907146                        0
       270                        0       0.0834689456823797                        0       0.0837441940898047       0.0837441940898047                        0
       279                        0       0.0834538530449821                        0       0.0832010878339445       0.0832010878339445                        0
       288                        0       0.0834531796300804                        0       0.0835087442328678       0.0835087442328678                        0
       297                        0       0.0834643804590683                        0       0.0835863545438651       0.0835863545438651                        0
       306                        0       0.0834496559761128                        0       0.0832393715445215       0.0832393715445215                        0
       315                        0       0.0834551505710979                        0        0.083594242144715        0.083594242144715                        0
       324                        0       0.0834586630782113                        0       0.0834469336300838       0.0834469336300838                        0
       333                        0       0.0834489865874792                        0       0.0833261277961607       0.0833261277961607                        0
       342                        0        0.083455814885682                        0       0.0836045281194203       0.0836045281194203                        0
       351                        0       0.0834538293719879                        0       0.0833655297148516       0.0833655297148516                        0
       360                        0       0.0834496435147597                        0       0.0834170856285655       0.0834170856285655                        0
       369                        0       0.0834552551446256                        0       0.0835610131736593       0.0835610131736593                        0
       378                        0        0.083450807650969                        0        0.083343882841555        0.083343882841555                        0
       387                        0        0.083450498872637                        0       0.0834847353639528       0.0834847353639528                        0
       396                        0       0.0834537918173616                        0       0.0834972917980955       0.0834972917980955                        0
       405                        0       0.0834494187620029                        0       0.0833639738383304       0.0833639738383304                        0
       414                        0       0.0834510910245444                        0       0.0835173076862361       0.0835173076862361                        0
       423                        0        0.083452023492999                        0       0.0834425218231137       0.0834425218231137                        0
       432                        0       0.0834490556989431                        0       0.0834032818621842       0.0834032818621842                        0
       441                        0       0.0834512558665904                        0       0.0835169320152741       0.0835169320152741                        0
       450                        0        0.083450506762008                        0       0.0834114050034521       0.0834114050034521                        0
       459                        0       0.0834491669722573                        0       0.0834428447872064       0.0834428447872064                        0
       468                        0       0.0834509933646483                        0       0.0834953970843963       0.0834953970843963                        0
       477                        0       0.0834495005471978                        0        0.083404758500848        0.083404758500848                        0
       486                        0       0.0834493974656621                        0       0.0834706322342235       0.0834706322342235                        0
       495                        0       0.0834504412262762                        0       0.0834674689715118       0.0834674689715118                        0
       504                        0       0.0834489840992205                        0       0.0834152825563722       0.0834152825563722                        0
       513                        0        0.083449556639956                        0       0.0834822676686938       0.0834822676686938                        0
       522                        0       0.0834498054644752                        0       0.0834446931144957       0.0834446931144957                        0
       531                        0       0.0834488053785742                        0        0.083433271424199        0.083433271424199                        0
       540                        0       0.0834495651484731                        0       0.0834798223925797       0.0834798223925797                        0
       549                        0       0.0834492577317487                        0       0.0834325234210798       0.0834325234210798                        0
       558                        0       0.0834488012788265                        0        0.083450410995373        0.083450410995373                        0
       567                        0       0.0834494242774236                        0        0.083469130800945        0.083469130800945                        0
       576                        0       0.0834488785348579                        0        0.083430865503647        0.083430865503647                        0
       585                        0       0.0834488489303633                        0       0.0834616522607312       0.0834616522607312                        0
       594                        0        0.083449189173655                        0       0.0834566317718883       0.0834566317718883                        0
       603                        0       0.0834486659352011                        0       0.0834363185638228       0.0834363185638228                        0
       612                        0        0.083448874134365                        0       0.0834655493503455       0.0834655493503455                        0
       621                        0        0.083448932556072                        0       0.0834470020792578       0.0834470020792578                        0
       630                        0       0.0834485743273083                        0       0.0834445299657236       0.0834445299657236                        0
       639                        0       0.0834488456295346                        0       0.0834634725254288       0.0834634725254288                        0
       648                        0       0.0834487115847092                        0       0.0834422498565667       0.0834422498565667                        0
       657                        0       0.0834485489104439                        0       0.0834518839158603       0.0834518839158603                        0
       666                        0       0.0834487653055929                        0       0.0834582116199553       0.0834582116199553                        0
       675                        0       0.0834485529620091                        0       0.0834420673843785       0.0834420673843785                        0
       684                        0       0.0834485446873857                        0       0.0834563348247486       0.0834563348247486                        0
       693                        0       0.0834486547264849                        0       0.0834525771690816       0.0834525771690816                        0
       702                        0        0.083448456268339                        0        0.083444807665071        0.083444807665071                        0
       711                        0       0.0834485333162771                        0       0.0834574806433304       0.0834574806433304                        0
       720                        0       0.0834485402461712                        0       0.0834484771417684       0.0834484771417684                        0
