#square and square, nu_xymn_2
#MM NN: 5 2
#quadrature order: 16
#numpanels            c*(gradu.n)^2                      BEM        0.5*(gradu)^2 ex.       Boundary Formula 1       Boundary Formula 2
        18                        0        0.376130130543064                        0         0.30497279416922         0.30497279416922                        0
        27                        0        0.385823480055695                        0        0.338703927983411        0.338703927983411                        0
        36                        0        0.368637717582391                        0        0.299804895262136        0.299804895262136                        0
        45                        0        0.385114444112896                        0        0.410475341890656        0.410475341890656                        0
        54                        0        0.354386539580589                        0        0.275733945359142        0.275733945359142                        0
        63                        0        0.337155968236097                        0        0.308147702045877        0.308147702045877                        0
        72                        0        0.355413492095064                        0        0.396023809327564        0.396023809327564                        0
        81                        0        0.333428774830807                        0        0.287414483564397        0.287414483564397                        0
        90                        0        0.335820870426177                        0        0.342087225323037        0.342087225323037                        0
        99                        0        0.341666864184391                        0        0.356925369112268        0.356925369112268                        0
       108                        0        0.330538880742719                        0        0.304790582333096        0.304790582333096                        0
       117                        0        0.334996654252686                        0        0.353453207379809        0.353453207379809                        0
       126                        0        0.334985922948623                        0        0.333827559167646        0.333827559167646                        0
       135                        0        0.330654670989678                        0        0.320088744776983        0.320088744776983                        0
       144                        0        0.334060589956316                        0        0.353202105290093        0.353202105290093                        0
       153                        0        0.331924241358814                        0        0.324136051616874        0.324136051616874                        0
       162                        0        0.331086841049554                        0        0.330815703652949        0.330815703652949                        0
       171                        0        0.333035354373388                        0        0.346722912157583        0.346722912157583                        0
       180                        0        0.330816579815902                        0        0.322780366559058        0.322780366559058                        0
       189                        0        0.331347461615703                        0         0.33718099953357         0.33718099953357                        0
       198                        0        0.332062116956205                        0        0.338660143419813        0.338660143419813                        0
       207                        0        0.330574017793125                        0        0.325199421920997        0.325199421920997                        0
       216                        0        0.331404872660803                        0        0.339640648235439        0.339640648235439                        0
       225                        0        0.331306954209406                        0        0.332405068386967        0.332405068386967                        0
       234                        0        0.330630027394147                        0         0.32874997584216         0.32874997584216                        0
       243                        0        0.331313549156396                        0         0.33901167655393         0.33901167655393                        0
       252                        0        0.330853467993033                        0        0.329161253559361        0.329161253559361                        0
       261                        0        0.330735463188054                        0        0.331931359632485        0.331931359632485                        0
       270                        0        0.331135728068385                        0        0.336553649787073        0.336553649787073                        0
       279                        0        0.330652314950533                        0        0.328424584370114        0.328424584370114                        0
       288                        0        0.330804496815092                        0        0.333972885278283        0.333972885278283                        0
       297                        0        0.330935289482576                        0        0.333686419240117        0.333686419240117                        0
       306                        0        0.330601327400931                        0        0.329176691225572        0.329176691225572                        0
       315                        0         0.33082128895615                        0        0.334659543573269        0.334659543573269                        0
       324                        0        0.330767605169235                        0        0.331465265552225        0.331465265552225                        0
       333                        0        0.330614396322669                        0        0.330486365077501        0.330486365077501                        0
       342                        0        0.330794832828984                        0        0.334217501945082        0.334217501945082                        0
       351                        0        0.330659549721191                        0        0.330289173815939        0.330289173815939                        0
       360                        0        0.330640669439771                        0        0.331690142093171        0.331690142093171                        0
       369                        0          0.3307425827025                        0        0.333147038292042        0.333147038292042                        0
       378                        0        0.330607383637138                        0        0.330040420754485        0.330040420754485                        0
       387                        0        0.330657633783291                        0        0.332423500421482        0.332423500421482                        0
       396                        0        0.330684104982225                        0        0.331988380407608        0.331988380407608                        0
       405                        0        0.330592067805023                        0        0.330370405833798        0.330370405833798                        0
       414                        0        0.330659262254804                        0         0.33259600824782         0.33259600824782                        0
       423                        0        0.330634992703793                        0        0.331116475928122        0.331116475928122                        0
       432                        0        0.330594104087872                        0        0.330911050183772        0.330911050183772                        0
       441                        0         0.33064766275742                        0        0.332324296615857        0.332324296615857                        0
       450                        0        0.330602435450092                        0        0.330667864611259        0.330667864611259                        0
       459                        0        0.330600134985681                        0        0.331384544051341        0.331384544051341                        0
       468                        0        0.330628510321938                        0        0.331829846003686        0.331829846003686                        0
       477                        0        0.330585664450214                        0        0.330591092567042        0.330591092567042                        0
       486                        0        0.330603368742655                        0        0.331642846429972        0.331642846429972                        0
       495                        0        0.330608106287383                        0        0.331330880437628        0.331330880437628                        0
       504                        0        0.330579719976507                        0        0.330742067599193        0.330742067599193                        0
       513                        0        0.330601728473212                        0        0.331661452510691        0.331661452510691                        0
       522                        0        0.330591139285739                        0        0.330968970510957        0.330968970510957                        0
       531                        0        0.330579125091458                        0        0.330966070054898        0.330966070054898                        0
       540                        0        0.330595918823926                        0        0.331502944634145        0.331502944634145                        0
       549                        0        0.330579623864492                        0        0.330789710451056        0.330789710451056                        0
       558                        0        0.330579828857898                        0         0.33114764430166         0.33114764430166                        0
       567                        0         0.33058792269961                        0        0.331266557891739        0.331266557891739                        0
       576                        0        0.330573236458016                        0        0.330764823572727        0.330764823572727                        0
       585                        0         0.33057962913989                        0        0.331229736179879        0.331229736179879                        0
       594                        0        0.330579854286817                        0        0.331042518500438        0.331042518500438                        0
       603                        0        0.330570412093419                        0         0.33082993888338         0.33082993888338                        0
       612                        0        0.330577839533135                        0        0.331209331630222        0.331209331630222                        0
       621                        0        0.330573198147083                        0        0.330885329516122        0.330885329516122                        0
       630                        0        0.330569393003161                        0        0.330918436153755        0.330918436153755                        0
       639                        0        0.330574741478308                        0        0.331118705388032        0.331118705388032                        0
       648                        0        0.330568537109555                        0        0.330809034054917        0.330809034054917                        0
       657                        0        0.330568836422763                        0        0.330982655202541        0.330982655202541                        0
       666                        0        0.330571052113356                        0        0.331002240229084        0.331002240229084                        0
       675                        0        0.330565707140076                        0        0.330797800781655        0.330797800781655                        0
       684                        0        0.330567996708095                        0        0.331001411319197        0.331001411319197                        0
       693                        0        0.330567500515209                        0        0.330897516077547        0.330897516077547                        0
       702                        0        0.330564152402934                        0        0.330822125019487        0.330822125019487                        0
       711                        0        0.330566650610511                        0        0.330976769114778        0.330976769114778                        0
       720                        0        0.330564571273834                        0        0.330825469233272        0.330825469233272                        0
