#square and square, nu_xymn_2
#MM NN: 3 3
#quadrature order: 16
#numpanels            c*(gradu.n)^2                      BEM        0.5*(gradu)^2 ex.       Boundary Formula 1       Boundary Formula 2
        18                        0       0.0319362162174667                        0       0.0403855039312857       0.0403855039312857                        0
        27                        0         0.03410755412946                        0       0.0450871987617795       0.0450871987617795                        0
        36                        0       0.0342900923484333                        0       0.0435090705312209       0.0435090705312209                        0
        45                        0       0.0342081868714201                        0       0.0452579311375223       0.0452579311375223                        0
        54                        0       0.0366211736159898                        0       0.0449957030200198       0.0449957030200198                        0
        63                        0       0.0368421912476447                        0       0.0439969350390929       0.0439969350390929                        0
        72                        0       0.0370445083221803                        0       0.0429913876351871       0.0429913876351871                        0
        81                        0       0.0376204253984998                        0       0.0423472852793665       0.0423472852793665                        0
        90                        0       0.0375767792047899                        0       0.0414592986139376       0.0414592986139376                        0
        99                        0       0.0377265354033326                        0       0.0408723977965878       0.0408723977965878                        0
       108                        0         0.03788481546029                        0       0.0404182251902936       0.0404182251902936                        0
       117                        0        0.037835927521584                        0       0.0398868885714745       0.0398868885714745                        0
       126                        0       0.0379512971531351                        0       0.0396201816129504       0.0396201816129504                        0
       135                        0       0.0379695037692867                        0       0.0393275301099169       0.0393275301099169                        0
       144                        0       0.0379511498666511                        0       0.0390639100872118       0.0390639100872118                        0
       153                        0       0.0380214422018913                        0       0.0389392580823768       0.0389392580823768                        0
       162                        0       0.0380031866198119                        0       0.0387569616431669       0.0387569616431669                        0
       171                        0       0.0380095177414037                        0       0.0386401898249507       0.0386401898249507                        0
       180                        0       0.0380413904353796                        0       0.0385698216180629       0.0385698216180629                        0
       189                        0       0.0380216713748373                        0       0.0384620273571572       0.0384620273571572                        0
       198                        0       0.0380386541794028                        0       0.0384163744914938       0.0384163744914938                        0
       207                        0       0.0380461715744322                        0       0.0383670982541593       0.0383670982541593                        0
       216                        0       0.0380347820677521                        0       0.0383083889257714       0.0383083889257714                        0
       225                        0       0.0380512731046194                        0       0.0382914138815746       0.0382914138815746                        0
       234                        0       0.0380474783257228                        0       0.0382540254271132       0.0382540254271132                        0
       243                        0       0.0380446406686548                        0       0.0382259994245658       0.0382259994245658                        0
       252                        0       0.0380553886693223                        0       0.0382171498293541       0.0382171498293541                        0
       261                        0       0.0380488115245913                        0       0.0381899104321539       0.0381899104321539                        0
       270                        0       0.0380514425203399                        0       0.0381790689219565       0.0381790689219565                        0
       279                        0       0.0380559709002336                        0       0.0381707300952049       0.0381707300952049                        0
       288                        0       0.0380507926978078                        0       0.0381528277639212       0.0381528277639212                        0
       297                        0       0.0380554060864045                        0       0.0381497941425939       0.0381497941425939                        0
       306                        0       0.0380556102652676                        0       0.0381407826155494       0.0381407826155494                        0
       315                        0       0.0380530892278324                        0         0.03813062941017         0.03813062941017                        0
       324                        0       0.0380571985891204                        0       0.0381297394709954       0.0381297394709954                        0
       333                        0       0.0380553962521041                        0       0.0381211464415698       0.0381211464415698                        0
       342                        0       0.0380551933327756                        0       0.0381164751466092       0.0381164751466092                        0
       351                        0       0.0380576916914527                        0       0.0381151027251039       0.0381151027251039                        0
       360                        0       0.0380556157330405                        0       0.0381081363301622       0.0381081363301622                        0
       369                        0       0.0380567578473128                        0       0.0381065866610094       0.0381065866610094                        0
       378                        0       0.0380576262259224                        0       0.0381041464149358       0.0381041464149358                        0
       387                        0       0.0380561834860027                        0       0.0380993553689288       0.0380993553689288                        0
       396                        0        0.038057694123163                        0        0.038099017504655        0.038099017504655                        0
       405                        0       0.0380574684691292                        0       0.0380959432152063       0.0380959432152063                        0
       414                        0       0.0380568905375999                        0       0.0380931854683664       0.0380931854683664                        0
       423                        0        0.038058117190911                        0       0.0380928764495455       0.0380928764495455                        0
       432                        0       0.0380574311556922                        0       0.0380898509677216       0.0380898509677216                        0
       441                        0       0.0380575433161145                        0       0.0380885610325193       0.0380885610325193                        0
       450                        0       0.0380582271549138                        0       0.0380878041583839       0.0380878041583839                        0
       459                        0       0.0380575549033274                        0       0.0380853353553584       0.0380853353553584                        0
       468                        0        0.038058028484989                        0       0.0380848383625203       0.0380848383625203                        0
       477                        0        0.038058208923752                        0       0.0380836495270335       0.0380836495270335                        0
       486                        0       0.0380577903312896                        0       0.0380819366736951       0.0380819366736951                        0
       495                        0       0.0380583216597783                        0       0.0380816810715308       0.0380816810715308                        0
       504                        0       0.0380581844585062                        0       0.0380803054447096       0.0380803054447096                        0
       513                        0       0.0380580609747374                        0       0.0380792833705143       0.0380792833705143                        0
       522                        0       0.0380584605711509                        0       0.0380789462605528       0.0380789462605528                        0
       531                        0       0.0380582085674997                        0       0.0380776497677749       0.0380776497677749                        0
       540                        0       0.0380583028725808                        0       0.0380771069570116       0.0380771069570116                        0
       549                        0       0.0380585073349636                        0       0.0380765862623996       0.0380765862623996                        0
       558                        0       0.0380582866447977                        0       0.0380755419432311       0.0380755419432311                        0
       567                        0       0.0380584819362247                        0       0.0380752399867552       0.0380752399867552                        0
       576                        0       0.0380585188206876                        0       0.0380745811604612       0.0380745811604612                        0
       585                        0       0.0380583978678908                        0       0.0380738412656165       0.0380738412656165                        0
       594                        0         0.03805859374326                        0       0.0380735959478609       0.0380735959478609                        0
       603                        0       0.0380585321311374                        0       0.0380729044033343       0.0380729044033343                        0
       612                        0       0.0380585149303201                        0        0.038072426900497        0.038072426900497                        0
       621                        0       0.0380586532612563                        0       0.0380721398243435       0.0380721398243435                        0
       630                        0       0.0380585629189343                        0       0.0380715135758793       0.0380715135758793                        0
       639                        0        0.038058616601663                        0       0.0380712099121656       0.0380712099121656                        0
       648                        0       0.0380586823311623                        0       0.0380708601228281       0.0380708601228281                        0
       657                        0       0.0380586109433187                        0       0.0380703553955522       0.0380703553955522                        0
       666                        0       0.0380586927062649                        0       0.0380701347630893       0.0380701347630893                        0
       675                        0       0.0380587002247137                        0       0.0380697493532387       0.0380697493532387                        0
       684                        0       0.0380586678254289                        0       0.0380693756387318       0.0380693756387318                        0
       693                        0       0.0380587432627539                        0       0.0380691726343078       0.0380691726343078                        0
       702                        0       0.0380587191024609                        0       0.0380687945873332       0.0380687945873332                        0
       711                        0       0.0380587237504448                        0         0.03806852787545         0.03806852787545                        0
