#square and square, nu_xymn_2
#MM NN: 1 2
#quadrature order: 16
#numpanels            c*(gradu.n)^2                      BEM        0.5*(gradu)^2 ex.       Boundary Formula 1       Boundary Formula 2
        18                        0        0.204223271982157                        0         0.22882178357367         0.22882178357367                        0
        27                        0        0.215069184438913                        0         0.25983174825554         0.25983174825554                        0
        36                        0        0.211732043503617                        0        0.235736250254432        0.235736250254432                        0
        45                        0        0.214332386401116                        0        0.263129872699792        0.263129872699792                        0
        54                        0        0.215689250404464                        0        0.230287925466157        0.230287925466157                        0
        63                        0        0.211026030442964                        0        0.229037888354315        0.229037888354315                        0
        72                        0        0.214318896768746                        0        0.242119839453903        0.242119839453903                        0
        81                        0        0.211889161969533                        0        0.217164457780658        0.217164457780658                        0
        90                        0        0.211711406082448                        0        0.224340145405441        0.224340145405441                        0
        99                        0        0.213075497432265                        0        0.225195875263559        0.225195875263559                        0
       108                        0        0.211418309549553                        0        0.213200882363503        0.213200882363503                        0
       117                        0        0.211911757546342                        0        0.221072847547531        0.221072847547531                        0
       126                        0        0.212245658539795                        0        0.216382628889797        0.216382628889797                        0
       135                        0        0.211432586862275                        0        0.212725858692765        0.212725858692765                        0
       144                        0        0.211931050869225                        0        0.218506472949804        0.218506472949804                        0
       153                        0        0.211765424817083                        0        0.212419795580063        0.212419795580063                        0
       162                        0        0.211506237020538                        0        0.213196238708491        0.213196238708491                        0
       171                        0        0.211859715006373                        0        0.216049047204587        0.216049047204587                        0
       180                        0         0.21155503289726                        0        0.211126796606902        0.211126796606902                        0
       189                        0        0.211561784369315                        0         0.21367350942867         0.21367350942867                        0
       198                        0        0.211744179113021                        0        0.213877348394091        0.213877348394091                        0
       207                        0        0.211488991430275                        0        0.211077276125343        0.211077276125343                        0
       216                        0        0.211589542140118                        0        0.213786249698643        0.213786249698643                        0
       225                        0        0.211628592440824                        0        0.212333273408657        0.212333273408657                        0
       234                        0        0.211483421908727                        0        0.211503484977563        0.211503484977563                        0
       243                        0        0.211592382989205                        0        0.213477322777795        0.213477322777795                        0
       252                        0        0.211546235622086                        0         0.21151476703484         0.21151476703484                        0
       261                        0        0.211495592531802                        0        0.211987980015257        0.211987980015257                        0
       270                        0        0.211575601709384                        0        0.212892247761776        0.212892247761776                        0
       279                        0         0.21150240791925                        0        0.211261800240871        0.211261800240871                        0
       288                        0        0.211507930973941                        0        0.212315774801661        0.212315774801661                        0
       297                        0        0.211547832576599                        0        0.212264385807408        0.212264385807408                        0
       306                        0        0.211485842003405                        0        0.211344590674679        0.211344590674679                        0
       315                        0        0.211514575180792                        0        0.212410534495567        0.212410534495567                        0
       324                        0        0.211519739916414                        0        0.211782670674718        0.211782670674718                        0
       333                        0        0.211483458252291                        0         0.21156353970132         0.21156353970132                        0
       342                        0        0.211514359828882                        0         0.21229859038736         0.21229859038736                        0
       351                        0        0.211498761511194                        0         0.21151874545347         0.21151874545347                        0
       360                        0        0.211486264674872                        0        0.211777729273886        0.211777729273886                        0
       369                        0        0.211508491954509                        0        0.212069482088259        0.212069482088259                        0
       378                        0        0.211486688218023                        0        0.211446620236246        0.211446620236246                        0
       387                        0        0.211489460556747                        0        0.211908424294003        0.211908424294003                        0
       396                        0        0.211499722961134                        0         0.21182604260422         0.21182604260422                        0
       405                        0        0.211481576572377                        0        0.211495766489563        0.211495766489563                        0
       414                        0        0.211490960549694                        0        0.211933215422968        0.211933215422968                        0
       423                        0        0.211491073209754                        0        0.211641317127459        0.211641317127459                        0
       432                        0        0.211480499213413                        0        0.211591853972923        0.211591853972923                        0
       441                        0        0.211490256815489                        0        0.211872379766801        0.211872379766801                        0
       450                        0        0.211484505237179                        0         0.21154233711925         0.21154233711925                        0
       459                        0        0.211481064450774                        0        0.211678352937979        0.211678352937979                        0
       468                        0        0.211487808940402                        0        0.211768339588003        0.211768339588003                        0
       477                        0        0.211480529674543                        0        0.211519080960413        0.211519080960413                        0
       486                        0         0.21148178121864                        0        0.211724537856284        0.211724537856284                        0
       495                        0        0.211484566867549                        0        0.211663851956705        0.211663851956705                        0
       504                        0        0.211478667919287                        0        0.211542949104946        0.211542949104946                        0
       513                        0        0.211481928888396                        0         0.21172445476372         0.21172445476372                        0
       522                        0        0.211481470515465                        0        0.211587016270618        0.211587016270618                        0
       531                        0        0.211478099978951                        0        0.211582969706254        0.211582969706254                        0
       540                        0        0.211481342160037                        0        0.211689806433839        0.211689806433839                        0
       549                        0        0.211479097634631                        0        0.211547066445216        0.211547066445216                        0
       558                        0        0.211478085476164                        0        0.211615801774628        0.211615801774628                        0
       567                        0        0.211480207889952                        0        0.211639941275374        0.211639941275374                        0
       576                        0        0.211477593839229                        0        0.211538526863584        0.211538526863584                        0
       585                        0        0.211478124519556                        0         0.21162967357992         0.21162967357992                        0
       594                        0         0.21147886290453                        0        0.211592693376704        0.211592693376704                        0
       603                        0        0.211476807539264                        0        0.211548624901042        0.211548624901042                        0
       612                        0        0.211477968439396                        0        0.211623626197924        0.211623626197924                        0
       621                        0        0.211477617159738                        0        0.211558945565428        0.211558945565428                        0
       630                        0        0.211476471453984                        0        0.211564022302868        0.211564022302868                        0
       639                        0         0.21147756825836                        0        0.211603842445964        0.211603842445964                        0
       648                        0        0.211476652039574                        0        0.211541573909313        0.211541573909313                        0
       657                        0        0.211476333229933                        0        0.211575082973163        0.211575082973163                        0
       666                        0        0.211476999584364                        0        0.211579039930453        0.211579039930453                        0
       675                        0        0.211476007632322                        0        0.211537482203154        0.211537482203154                        0
       684                        0         0.21147621738981                        0        0.211577426190203        0.211577426190203                        0
       693                        0         0.21147638412482                        0        0.211556675511924        0.211556675511924                        0
       702                        0        0.211475626974842                        0        0.211540799774375        0.211540799774375                        0
       711                        0        0.211476037431658                        0        0.211571328237653        0.211571328237653                        0
       720                        0        0.211475827823727                        0        0.211540940583339        0.211540940583339                        0
