#square and square, nu_xymn_2
#MM NN: 5 5
#quadrature order: 16
#numpanels            c*(gradu.n)^2                      BEM        0.5*(gradu)^2 ex.       Boundary Formula 1       Boundary Formula 2
        18                        0       -0.710768263246319                        0        -0.61356297719113        -0.61356297719113                        0
        27                        0       -0.703526884028909                        0       -0.663435747488329       -0.663435747488329                        0
        36                        0       -0.701372459334984                        0       -0.609862666447993       -0.609862666447993                        0
        45                        0       -0.711326766755303                        0       -0.780314980884551       -0.780314980884551                        0
        54                        0       -0.659991521610777                        0       -0.507577811339154       -0.507577811339154                        0
        63                        0        -0.60354270766683                        0       -0.556272501429984       -0.556272501429984                        0
        72                        0       -0.636004361900702                        0       -0.697348975396444       -0.697348975396444                        0
        81                        0       -0.591546622428956                        0       -0.499129754078797       -0.499129754078797                        0
        90                        0       -0.593788082347776                        0       -0.603208650037119       -0.603208650037119                        0
        99                        0       -0.601689785473104                        0       -0.608815139319448       -0.608815139319448                        0
       108                        0       -0.581599301303986                        0       -0.529322644942268       -0.529322644942268                        0
       117                        0       -0.589598997455423                        0       -0.620161027567758       -0.620161027567758                        0
       126                        0       -0.587663306054239                        0       -0.571974466114178       -0.571974466114178                        0
       135                        0       -0.580931342918015                        0       -0.560072739546351       -0.560072739546351                        0
       144                        0        -0.58657108464182                        0       -0.616474679684824       -0.616474679684824                        0
       153                        0       -0.582058166449207                        0       -0.560616405090319       -0.560616405090319                        0
       162                        0       -0.581295811129115                        0       -0.581088745839058       -0.581088745839058                        0
       171                        0       -0.584115579871788                        0       -0.602565328878101       -0.602565328878101                        0
       180                        0       -0.580196933971057                        0       -0.562429189360243       -0.562429189360243                        0
       189                        0       -0.581456457639289                        0       -0.592589202572656       -0.592589202572656                        0
       198                        0       -0.582168511392089                        0       -0.588236762268955       -0.588236762268955                        0
       207                        0       -0.579833089461288                        0       -0.569369729631276       -0.569369729631276                        0
       216                        0       -0.581331290056485                        0       -0.595918946467035       -0.595918946467035                        0
       225                        0       -0.580825033267926                        0       -0.578669277117653       -0.578669277117653                        0
       234                        0       -0.579931235170788                        0       -0.577062761774669       -0.577062761774669                        0
       243                        0       -0.581015943227736                        0       -0.593418020389271       -0.593418020389271                        0
       252                        0       -0.580086237531905                        0       -0.574715628995493       -0.574715628995493                        0
       261                        0       -0.580074609978443                        0       -0.583102071936801       -0.583102071936801                        0
       270                        0       -0.580614854790855                        0       -0.588196645948409       -0.588196645948409                        0
       279                        0       -0.579788485689619                        0       -0.574884439263729       -0.574884439263729                        0
       288                        0       -0.580139789168769                        0       -0.586399057369969       -0.586399057369969                        0
       297                        0       -0.580230213115935                        0        -0.58306674869749        -0.58306674869749                        0
       306                        0       -0.579728101996217                        0       -0.577192723491572       -0.577192723491572                        0
       315                        0       -0.580117454173024                        0       -0.586941348808506       -0.586941348808506                        0
       324                        0       -0.579939673860998                        0       -0.579636532723967       -0.579636532723967                        0
       333                        0       -0.579755267985079                        0       -0.579978635956314       -0.579978635956314                        0
       342                        0       -0.580032377407921                        0       -0.585525650363188       -0.585525650363188                        0
       351                        0       -0.579767736368597                        0       -0.578233536793515       -0.578233536793515                        0
       360                        0       -0.579790354416459                        0       -0.582146410974288       -0.582146410974288                        0
       369                        0       -0.579918186563109                        0       -0.583298086508823       -0.583298086508823                        0
       378                        0       -0.579692244077758                        0       -0.578389901981465       -0.578389901981465                        0
       387                        0       -0.579803269792564                        0       -0.583201568699789       -0.583201568699789                        0
       396                        0       -0.579807673799355                        0       -0.581251909241257       -0.581251909241257                        0
       405                        0       -0.579673629886996                        0       -0.579364606400161       -0.579364606400161                        0
       414                        0       -0.579789831088314                        0       -0.583171032318242       -0.583171032318242                        0
       423                        0       -0.579723109906037                        0       -0.579934366393616       -0.579934366393616                        0
       432                        0       -0.579677846115715                        0       -0.580481060610375       -0.580481060610375                        0
       441                        0       -0.579757194192096                        0       -0.582421681364819       -0.582421681364819                        0
       450                        0       -0.579671174170175                        0       -0.579437454977187       -0.579437454977187                        0
       459                        0       -0.579684202005943                        0       -0.581290196024644       -0.581290196024644                        0
       468                        0       -0.579716502491837                        0       -0.581426377646305       -0.581426377646305                        0
       477                        0       -0.579646283773672                        0       -0.579557703228398       -0.579557703228398                        0
       486                        0       -0.579683724650287                        0       -0.581611535480542       -0.581611535480542                        0
       495                        0       -0.579678207221873                        0       -0.580566783627139       -0.580566783627139                        0
       504                        0       -0.579637942412649                        0        -0.57998296361867        -0.57998296361867                        0
       513                        0       -0.579674944760227                        0        -0.58148943380231        -0.58148943380231                        0
       522                        0       -0.579648835286425                        0       -0.580038210345694       -0.580038210345694                        0
       531                        0       -0.579636553173342                        0       -0.580431121121205       -0.580431121121205                        0
       540                        0        -0.57966032856456                        0       -0.581098623991392       -0.581098623991392                        0
       549                        0         -0.5796300697661                        0       -0.579856660832289       -0.579856660832289                        0
       558                        0       -0.579635861230017                        0       -0.580723400586554       -0.580723400586554                        0
       567                        0        -0.57964372960217                        0       -0.580640187346101       -0.580640187346101                        0
       576                        0       -0.579620040804627                        0       -0.579923762809108       -0.579923762809108                        0
       585                        0       -0.579632987096318                        0       -0.580800037004535       -0.580800037004535                        0
       594                        0       -0.579628580245983                        0       -0.580265215245631       -0.580265215245631                        0
       603                        0       -0.579615443607112                        0       -0.580102338257207       -0.580102338257207                        0
       612                        0       -0.579627489652863                        0       -0.580694998438582       -0.580694998438582                        0
       621                        0       -0.579616868873505                        0       -0.580043406539258       -0.580043406539258                        0
       630                        0       -0.579613203350119                        0       -0.580273992887038       -0.580273992887038                        0
       639                        0       -0.579620290762939                        0       -0.580490670662799       -0.580490670662799                        0
       648                        0       -0.579608988824476                        0       -0.579970884493231       -0.579970884493231                        0
       657                        0        -0.57961125766635                        0       -0.580368809077774       -0.580368809077774                        0
       666                        0       -0.579612755048492                        0       -0.580273178891911       -0.580273178891911                        0
       675                        0       -0.579604220617212                        0       -0.579999164121586       -0.579999164121586                        0
       684                        0        -0.57960864712543                        0       -0.580369142734876       -0.580369142734876                        0
       693                        0       -0.579606035245022                        0       -0.580102719407965       -0.580102719407965                        0
       702                        0       -0.579601406773049                        0       -0.580067284247677       -0.580067284247677                        0
       711                        0       -0.579605252933281                        0       -0.580295801593737       -0.580295801593737                        0
