#square and square, nu_xymn_2
#MM NN: 2 1
#quadrature order: 16
#numpanels            c*(gradu.n)^2                      BEM        0.5*(gradu)^2 ex.       Boundary Formula 1       Boundary Formula 2
        18                        0        0.286767625847563                        0         0.30940085067841         0.30940085067841                        0
        27                        0        0.300246616491757                        0        0.347742978666559        0.347742978666559                        0
        36                        0        0.295481517457206                        0        0.319445804488115        0.319445804488115                        0
        45                        0        0.300035811355374                        0        0.363516545763207        0.363516545763207                        0
        54                        0        0.298795065729487                        0         0.31026634367037         0.31026634367037                        0
        63                        0        0.290720834904281                        0        0.310559306047774        0.310559306047774                        0
        72                        0        0.295986418392935                        0        0.333761210704546        0.333761210704546                        0
        81                        0        0.291125727993949                        0        0.293733594249713        0.293733594249713                        0
        90                        0        0.290815909043396                        0        0.306971031688813        0.306971031688813                        0
        99                        0        0.292972667452801                        0        0.309063494363987        0.309063494363987                        0
       108                        0        0.289947237880988                        0        0.290042792011538        0.290042792011538                        0
       117                        0        0.290816867170935                        0        0.303839532147427        0.303839532147427                        0
       126                        0        0.291259746465436                        0        0.296318252774117        0.296318252774117                        0
       135                        0        0.289838169253203                        0        0.290699184617954        0.290699184617954                        0
       144                        0        0.290711328790883                        0        0.300597389697675        0.300597389697675                        0
       153                        0        0.290343014909242                        0        0.290639461916098        0.290639461916098                        0
       162                        0        0.289912436780098                        0        0.292160614510272        0.292160614510272                        0
       171                        0        0.290517181559912                        0        0.296953935045255        0.296953935045255                        0
       180                        0        0.289953218095275                        0        0.288911317261213        0.288911317261213                        0
       189                        0        0.289983188950228                        0         0.29325434937208         0.29325434937208                        0
       198                        0        0.290279503749624                        0        0.293565180532421        0.293565180532421                        0
       207                        0         0.28983065472225                        0        0.289023504435786        0.289023504435786                        0
       216                        0        0.290015753826638                        0        0.293557408755224        0.293557408755224                        0
       225                        0        0.290063064687201                        0        0.291124878082934        0.291124878082934                        0
       234                        0        0.289817413719781                        0        0.289818665843785        0.289818665843785                        0
       243                        0        0.290009130901841                        0        0.293079484190119        0.293079484190119                        0
       252                        0        0.289915553777832                        0         0.28983358605272         0.28983358605272                        0
       261                        0        0.289835912473006                        0        0.290656563336869        0.290656563336869                        0
       270                        0        0.289971382575835                        0        0.292120511671751        0.292120511671751                        0
       279                        0        0.289839026084846                        0        0.289447492411778        0.289447492411778                        0
       288                        0         0.28985470376166                        0        0.291206117921111        0.291206117921111                        0
       297                        0        0.289917886838337                        0        0.291090575900898        0.291090575900898                        0
       306                        0        0.289810626995585                        0         0.28959916415373         0.28959916415373                        0
       315                        0        0.289863451363585                        0        0.291356478926855        0.291356478926855                        0
       324                        0        0.289866812356134                        0        0.290304119743704        0.290304119743704                        0
       333                        0        0.289806583267753                        0        0.289965191098884        0.289965191098884                        0
       342                        0        0.289860395697025                        0        0.291162592073489        0.291162592073489                        0
       351                        0        0.289829891386777                        0        0.289876182649435        0.289876182649435                        0
       360                        0        0.289811093134669                        0        0.290316416020072        0.290316416020072                        0
       369                        0        0.289848079219169                        0        0.290778921038635        0.290778921038635                        0
       378                        0        0.289809121286843                        0         0.28976189422077         0.28976189422077                        0
       387                        0         0.28981590694684                        0        0.290525907767414        0.290525907767414                        0
       396                        0        0.289831549386743                        0        0.290376310180187        0.290376310180187                        0
       405                        0        0.289800494621502                        0        0.289844420944467        0.289844420944467                        0
       414                        0        0.289817586030672                        0         0.29055983468132         0.29055983468132                        0
       423                        0        0.289815971150872                        0        0.290073281756537        0.290073281756537                        0
       432                        0        0.289798688046092                        0        0.290001494173086        0.290001494173086                        0
       441                        0        0.289815466014104                        0        0.290454172839798        0.290454172839798                        0
       450                        0        0.289804464286668                        0         0.28991213060507         0.28991213060507                        0
       459                        0        0.289799517078304                        0        0.290140762636128        0.290140762636128                        0
       468                        0        0.289810521993078                        0        0.290279918777065        0.290279918777065                        0
       477                        0        0.289797632748609                        0        0.289874931122922        0.289874931122922                        0
       486                        0        0.289800452053151                        0        0.290212793398822        0.290212793398822                        0
       495                        0        0.289804472582695                        0        0.290107146545527        0.290107146545527                        0
       504                        0        0.289794468217783                        0         0.28991404086963         0.28991404086963                        0
       513                        0        0.289800334581061                        0        0.290208982917299        0.290208982917299                        0
       522                        0        0.289798910282784                        0        0.289981078749896        0.289981078749896                        0
       531                        0        0.289793472876158                        0        0.289978546561028        0.289978546561028                        0
       540                        0        0.289798967984334                        0        0.290149386546521        0.290149386546521                        0
       549                        0        0.289794745445269                        0        0.289915912600815        0.289915912600815                        0
       558                        0        0.289793354465079                        0        0.290030487033054        0.290030487033054                        0
       567                        0        0.289796735999042                        0        0.290066021569096        0.290066021569096                        0
       576                        0        0.289792141760922                        0        0.289902015024848        0.289902015024848                        0
       585                        0        0.289793272930796                        0         0.29005108889628         0.29005108889628                        0
       594                        0        0.289794239358557                        0        0.289987919099026        0.289987919099026                        0
       603                        0        0.289790778206775                        0        0.289918159045324        0.289918159045324                        0
       612                        0        0.289792835806732                        0        0.290039280990655        0.290039280990655                        0
       621                        0        0.289791997400138                        0        0.289932479670449        0.289932479670449                        0
       630                        0         0.28979016621188                        0        0.289942498615595        0.289942498615595                        0
       639                        0        0.289791992286071                        0        0.290005492770829        0.290005492770829                        0
       648                        0        0.289790291314341                        0        0.289903994854169        0.289903994854169                        0
       657                        0        0.289789867129144                        0        0.289959447297166        0.289959447297166                        0
       666                        0        0.289790893092272                        0        0.289964051511421        0.289964051511421                        0
       675                        0        0.289789159430025                        0        0.289897117469581        0.289897117469581                        0
       684                        0        0.289789588644607                        0        0.289962090887292        0.289962090887292                        0
       693                        0         0.28978975250185                        0        0.289927030670612        0.289927030670612                        0
       702                        0        0.289788482626496                        0        0.289902130681562        0.289902130681562                        0
       711                        0        0.289789196349712                        0        0.289951093755287        0.289951093755287                        0
       720                        0        0.289788745784213                        0        0.289901082186015        0.289901082186015                        0
