#square and square, nu_xymn_1
#MM NN: 4 5
#quadrature order: 16
#numpanels            c*(gradu.n)^2                      BEM        0.5*(gradu)^2 ex.       Boundary Formula 1       Boundary Formula 2
        18                        0       0.0129791487584538                        0      -0.0672119524535308      -0.0672119524535308                        0
        27                        0       0.0260695345027212                        0      -0.0696490716728716      -0.0696490716728716                        0
        36                        0       0.0158512788157475                        0      -0.0503593442338991      -0.0503593442338991                        0
        45                        0       0.0286778573949305                        0      -0.0191321004621287      -0.0191321004621287                        0
        54                        0      0.00516595236864936                        0      -0.0523991179652097      -0.0523991179652097                        0
        63                        0      0.00108187523161563                        0     -0.00149328275741138     -0.00149328275741138                        0
        72                        0      -0.0119208239569076                        0      -0.0271666870061569      -0.0271666870061569                        0
        81                        0     -0.00338057531456265                        0      -0.0223536214947045      -0.0223536214947045                        0
        90                        0      -0.0121275713049649                        0     -0.00718055827278583     -0.00718055827278583                        0
        99                        0       -0.011904854545761                        0      -0.0284189691564381      -0.0284189691564381                        0
       108                        0     -0.00946268584475973                        0      -0.0142150205155644      -0.0142150205155644                        0
       117                        0      -0.0148590895939265                        0      -0.0134195373415539      -0.0134195373415539                        0
       126                        0      -0.0116500855466298                        0      -0.0240539366698439      -0.0240539366698439                        0
       135                        0      -0.0127979638394066                        0      -0.0133239665430489      -0.0133239665430489                        0
       144                        0      -0.0149486756912763                        0      -0.0167363137258009      -0.0167363137258009                        0
       153                        0      -0.0124562096495885                        0      -0.0205498193094374      -0.0205498193094374                        0
       162                        0       -0.014283202448477                        0      -0.0135730478524133      -0.0135730478524133                        0
       171                        0      -0.0145005073776004                        0      -0.0185651704247215      -0.0185651704247215                        0
       180                        0      -0.0133381520648774                        0      -0.0178669198947879      -0.0178669198947879                        0
       189                        0      -0.0148305899421229                        0      -0.0141618391910267      -0.0141618391910267                        0
       198                        0      -0.0141904889725629                        0      -0.0190311491066158      -0.0190311491066158                        0
       207                        0      -0.0140207017759908                        0      -0.0160745627654703      -0.0160745627654703                        0
       216                        0      -0.0149142353277348                        0      -0.0149373982488387      -0.0149373982488387                        0
       225                        0      -0.0141470247941438                        0      -0.0184538656937457      -0.0184538656937457                        0
       234                        0      -0.0144683724487343                        0      -0.0150196607681827      -0.0150196607681827                        0
       243                        0      -0.0148070990055933                        0       -0.015752438686898       -0.015752438686898                        0
       252                        0      -0.0142660003892611                        0      -0.0173849719793727      -0.0173849719793727                        0
       261                        0      -0.0147125243537411                        0      -0.0145646243846766      -0.0145646243846766                        0
       270                        0      -0.0146768783512207                        0      -0.0163570003683302      -0.0163570003683302                        0
       279                        0      -0.0144353566244257                        0      -0.0162980916622114      -0.0162980916622114                        0
       288                        0      -0.0148063653850797                        0      -0.0145639287886466      -0.0145639287886466                        0
       297                        0      -0.0146031405722401                        0      -0.0165547874266889      -0.0165547874266889                        0
       306                        0      -0.0145899842610501                        0      -0.0154406398958515      -0.0154406398958515                        0
       315                        0      -0.0148089174193738                        0        -0.01484512517379        -0.01484512517379                        0
       324                        0      -0.0145949196387311                        0      -0.0163564317343595      -0.0163564317343595                        0
       333                        0      -0.0147014856224427                        0      -0.0149000460835699      -0.0149000460835699                        0
       342                        0      -0.0147736675150124                        0      -0.0152111369022513      -0.0152111369022513                        0
       351                        0      -0.0146288586735339                        0      -0.0159293736631701      -0.0159293736631701                        0
       360                        0      -0.0147646816289845                        0      -0.0146680532276852      -0.0146680532276852                        0
       369                        0      -0.0147383353813407                        0      -0.0154856667144302      -0.0154856667144302                        0
       378                        0      -0.0146786210728856                        0      -0.0154584800438954      -0.0154584800438954                        0
       387                        0      -0.0147882640370566                        0      -0.0146767919518685      -0.0146767919518685                        0
       396                        0      -0.0147203371699722                        0      -0.0155759378264255      -0.0155759378264255                        0
       405                        0      -0.0147255867102501                        0      -0.0150716489251737      -0.0150716489251737                        0
       414                        0      -0.0147872996306458                        0      -0.0148236526272777      -0.0148236526272777                        0
       423                        0      -0.0147210382092261                        0      -0.0154906703443499      -0.0154906703443499                        0
       432                        0      -0.0147600617870277                        0      -0.0148284793712416      -0.0148284793712416                        0
       441                        0       -0.014776778967171                        0      -0.0150000694000248      -0.0150000694000248                        0
       450                        0      -0.0147340690445676                        0       -0.015301058520887       -0.015301058520887                        0
       459                        0      -0.0147796909156387                        0      -0.0147325286800636      -0.0147325286800636                        0
       468                        0      -0.0147672015613273                        0      -0.0151238075833897      -0.0151238075833897                        0
       477                        0      -0.0147517523416478                        0      -0.0150890400560331      -0.0150890400560331                        0
       486                        0      -0.0147870421370135                        0      -0.0147490268748292      -0.0147490268748292                        0
       495                        0      -0.0147632738180446                        0      -0.0151594421331522      -0.0151594421331522                        0
       504                        0      -0.0147682091560988                        0      -0.0149153682004187      -0.0149153682004187                        0
       513                        0      -0.0147869385866736                        0      -0.0148244907992005      -0.0148244907992005                        0
       522                        0      -0.0147652142610618                        0         -0.0151157303561         -0.0151157303561                        0
       531                        0      -0.0147802625042167                        0      -0.0148094386214478      -0.0148094386214478                        0
       540                        0      -0.0147841233660901                        0      -0.0149066126848642      -0.0149066126848642                        0
       549                        0      -0.0147709685590331                        0      -0.0150263623081453      -0.0150263623081453                        0
       558                        0      -0.0147872053178482                        0      -0.0147721814460395      -0.0147721814460395                        0
       567                        0      -0.0147818372728808                        0      -0.0149597700631507      -0.0149597700631507                        0
       576                        0       -0.014778016447292                        0      -0.0149288847759072      -0.0149288847759072                        0
       585                        0       -0.014790011045257                        0      -0.0147851995889263      -0.0147851995889263                        0
       594                        0      -0.0147814841984259                        0      -0.0149711534338267      -0.0149711534338267                        0
       603                        0      -0.0147843940083026                        0      -0.0148509835936184      -0.0148509835936184                        0
       612                        0      -0.0147903733417792                        0      -0.0148221088031798      -0.0148221088031798                        0
       621                        0      -0.0147830579393367                        0      -0.0149470592936884      -0.0149470592936884                        0
       630                        0      -0.0147890628958297                        0      -0.0148054442095319      -0.0148054442095319                        0
       639                        0      -0.0147898992879081                        0      -0.0148588927206028      -0.0148588927206028                        0
       648                        0      -0.0147858236501912                        0      -0.0149037934973505      -0.0149037934973505                        0
       657                        0      -0.0147918502621439                        0      -0.0147914571497429      -0.0147914571497429                        0
       666                        0      -0.0147896560257705                        0      -0.0148805346669677      -0.0148805346669677                        0
       675                        0      -0.0147888996231859                        0      -0.0148585827658856      -0.0148585827658856                        0
       684                        0      -0.0147931581099516                        0      -0.0147994113589904      -0.0147994113589904                        0
       693                        0      -0.0147900838717003                        0      -0.0148826847095672      -0.0148826847095672                        0
       702                        0      -0.0147916101588204                        0      -0.0148236658550167      -0.0148236658550167                        0
       711                        0      -0.0147936130739235                        0      -0.0148166975370948      -0.0148166975370948                        0
       720                        0      -0.0147911481330048                        0      -0.0148692442978399      -0.0148692442978399                        0
