#square and square, nu_xymn_1
#MM NN: 1 1
#quadrature order: 16
#numpanels            c*(gradu.n)^2                      BEM        0.5*(gradu)^2 ex.       Boundary Formula 1       Boundary Formula 2
        18                        0        0.276736033602654                        0        0.193403601125893        0.193403601125893                        0
        27                        0        0.281842671608384                        0        0.221874207708062        0.221874207708062                        0
        36                        0         0.28203102949126                        0         0.21776457425625         0.21776457425625                        0
        45                        0        0.288954039079573                        0        0.235971624426131        0.235971624426131                        0
        54                        0        0.284701537678058                        0        0.240637429944239        0.240637429944239                        0
        63                        0        0.291486497544356                        0        0.261553948490491        0.261553948490491                        0
        72                        0         0.29038231415757                        0        0.274951480246692        0.274951480246692                        0
        81                        0        0.291050356293148                        0        0.273265239106168        0.273265239106168                        0
        90                        0         0.29307363002185                        0        0.280439066803178        0.280439066803178                        0
        99                        0        0.291790842210771                        0        0.285000861518498        0.285000861518498                        0
       108                        0        0.292740237490724                        0        0.284616483130545        0.284616483130545                        0
       117                        0        0.293347600184395                        0        0.288646685915212        0.288646685915212                        0
       126                        0        0.292626365926835                        0        0.290526777432007        0.290526777432007                        0
       135                        0         0.29338427388729                        0         0.28964146296013         0.28964146296013                        0
       144                        0        0.293353284519128                        0        0.292489466733204        0.292489466733204                        0
       153                        0        0.293145407187894                        0        0.292473315827715        0.292473315827715                        0
       162                        0        0.293631907534172                        0        0.291997766704883        0.291997766704883                        0
       171                        0         0.29337616162305                        0        0.294203572285921        0.294203572285921                        0
       180                        0        0.293444400304154                        0        0.293174214872303        0.293174214872303                        0
       189                        0        0.293698181852369                        0        0.293263788689949        0.293263788689949                        0
       198                        0        0.293453548208994                        0        0.294745784309448        0.294745784309448                        0
       207                        0        0.293615270284217                        0        0.293404439870012        0.293404439870012                        0
       216                        0        0.293691259029638                        0        0.294031169039361        0.294031169039361                        0
       225                        0        0.293549195861527                        0        0.294659304813863        0.294659304813863                        0
       234                        0        0.293706200708123                        0        0.293535488738419        0.293535488738419                        0
       243                        0        0.293674063070335                        0        0.294473014650324        0.294473014650324                        0
       252                        0         0.29363241923651                        0        0.294346826224755        0.294346826224755                        0
       261                        0        0.293744767410498                        0        0.293699857955458        0.293699857955458                        0
       270                        0        0.293673049755852                        0        0.294629603122695        0.294629603122695                        0
       279                        0        0.293693999183627                        0        0.294040919577204        0.294040919577204                        0
       288                        0        0.293752587914664                        0        0.293904384557758        0.293904384557758                        0
       297                        0        0.293688716728648                        0        0.294555883481376        0.294555883481376                        0
       306                        0        0.293734538035285                        0         0.29384312893714         0.29384312893714                        0
       315                        0        0.293748041242912                        0        0.294096418764482        0.294096418764482                        0
       324                        0        0.293711842508631                        0        0.294351943379311        0.294351943379311                        0
       333                        0        0.293757296873676                        0        0.293772995682708        0.293772995682708                        0
       342                        0        0.293743578658541                        0        0.294216835887789        0.294216835887789                        0
       351                        0        0.293734532275683                        0        0.294122031964936        0.294122031964936                        0
       360                        0        0.293766865763304                        0        0.293803054480366        0.293803054480366                        0
       369                        0        0.293744265588999                        0         0.29423759508087         0.29423759508087                        0
       378                        0        0.293752767316011                        0          0.2939376344382          0.2939376344382                        0
       387                        0          0.2937686531462                        0        0.293883762891365        0.293883762891365                        0
       396                        0        0.293749734061019                        0        0.294172409000718        0.294172409000718                        0
       405                        0        0.293765278219369                        0        0.293829197717043        0.293829197717043                        0
       414                        0        0.293767609083598                        0        0.293964595205339        0.293964595205339                        0
       423                        0        0.293757517186236                        0        0.294061507482512        0.294061507482512                        0
       432                        0        0.293772423305051                        0        0.293794414923128        0.293794414923128                        0
       441                        0        0.293766977752011                        0        0.294010681064073        0.294010681064073                        0
       450                        0        0.293765310961939                        0        0.293947890807791        0.293947890807791                        0
       459                        0        0.293775543463837                        0        0.293811111906273        0.293811111906273                        0
       468                        0        0.293767986641428                        0        0.294010597654624        0.294010597654624                        0
       477                        0        0.293771711124458                        0        0.293861213707864        0.293861213707864                        0
       486                        0         0.29377637220478                        0        0.293850094864829        0.293850094864829                        0
       495                        0        0.293770442639965                        0        0.293973366914018        0.293973366914018                        0
       504                        0        0.293776177620332                        0        0.293813092370298        0.293813092370298                        0
       513                        0        0.293776442736418                        0         0.29388587015672         0.29388587015672                        0
       522                        0        0.293773580549669                        0        0.293918418068684        0.293918418068684                        0
       531                        0        0.293778810457095                        0        0.293800080817447        0.293800080817447                        0
       540                        0        0.293776709966163                        0        0.293903312655072        0.293903312655072                        0
       549                        0         0.29377665339781                        0        0.293865071598343        0.293865071598343                        0
       558                        0        0.293780094162599                        0        0.293809928993857        0.293809928993857                        0
       567                        0        0.293777508736315                        0        0.293899136950464        0.293899136950464                        0
       576                        0        0.293779179874486                        0         0.29382600226084         0.29382600226084                        0
       585                        0        0.293780634513322                        0        0.293828176207657        0.293828176207657                        0
       594                        0        0.293778750593021                        0        0.293878919574087        0.293878919574087                        0
       603                        0        0.293780977987107                        0        0.293805464073734        0.293805464073734                        0
       612                        0        0.293780941746129                        0        0.293843245856699        0.293843245856699                        0
       621                        0        0.293780173093069                        0        0.293852060505007        0.293852060505007                        0
       630                        0        0.293782101901124                        0        0.293800885600986        0.293800885600986                        0
       639                        0        0.293781319199922                        0        0.293849041308805        0.293849041308805                        0
       648                        0         0.29378151999147                        0        0.293827227349882        0.293827227349882                        0
       657                        0         0.29378274107884                        0        0.293806000182513        0.293806000182513                        0
       666                        0        0.293781864337101                        0        0.293844963308189        0.293844963308189                        0
       675                        0        0.293782627527822                        0        0.293809724767114        0.293809724767114                        0
       684                        0        0.293783117366481                        0         0.29381401918635         0.29381401918635                        0
       693                        0        0.293782537628561                        0        0.293834131244613        0.293834131244613                        0
       702                        0        0.293783440947346                        0        0.293800942739842        0.293800942739842                        0
       711                        0        0.293783409213008                        0        0.293819891985898        0.293819891985898                        0
       720                        0        0.293783244132624                        0        0.293821001407983        0.293821001407983                        0
