#square and square, nu_xymn_1
#MM NN: 3 3
#quadrature order: 16
#numpanels            c*(gradu.n)^2                      BEM        0.5*(gradu)^2 ex.       Boundary Formula 1       Boundary Formula 2
        18                        0       0.0565373879743325                        0       0.0394879710203685       0.0394879710203685                        0
        27                        0       0.0586582790686993                        0       0.0437032428059474       0.0437032428059474                        0
        36                        0       0.0583288345849402                        0       0.0432974608358726       0.0432974608358726                        0
        45                        0       0.0593671629526673                        0       0.0441817116816567       0.0441817116816567                        0
        54                        0       0.0592909449699005                        0       0.0479831586085862       0.0479831586085862                        0
        63                        0       0.0587196787566431                        0       0.0519180109060141       0.0519180109060141                        0
        72                        0       0.0588601783321978                        0       0.0533933940571466       0.0533933940571466                        0
        81                        0       0.0587511634535871                        0       0.0547695898160932       0.0547695898160932                        0
        90                        0       0.0586161094021687                        0       0.0555336876561254       0.0555336876561254                        0
        99                        0       0.0586960423176052                        0        0.056139903274131        0.056139903274131                        0
       108                        0       0.0586204590777812                        0       0.0568219116446332       0.0568219116446332                        0
       117                        0       0.0585866106042446                        0       0.0571441588444604       0.0571441588444604                        0
       126                        0       0.0586277294085443                        0        0.057489450017427        0.057489450017427                        0
       135                        0        0.058576009995238                        0       0.0577548569368498       0.0577548569368498                        0
       144                        0       0.0585787878237896                        0       0.0578946306673002       0.0578946306673002                        0
       153                        0       0.0585918220753715                        0       0.0580816659338728       0.0580816659338728                        0
       162                        0        0.058561336662054                        0       0.0581849424978791       0.0581849424978791                        0
       171                        0       0.0585747319416476                        0       0.0582594904380519       0.0582594904380519                        0
       180                        0       0.0585719980371766                        0       0.0583545429325797       0.0583545429325797                        0
       189                        0       0.0585575542794339                        0        0.058391658970997        0.058391658970997                        0
       198                        0       0.0585700740037015                        0       0.0584374971009753       0.0584374971009753                        0
       207                        0       0.0585613853395805                        0       0.0584805672266204       0.0584805672266204                        0
       216                        0       0.0585574264394312                        0       0.0584934890969824       0.0584934890969824                        0
       225                        0       0.0585649170163747                        0        0.058522971593202        0.058522971593202                        0
       234                        0       0.0585562655652333                        0       0.0585386562610801       0.0585386562610801                        0
       243                        0       0.0585578721581863                        0       0.0585444940739048       0.0585444940739048                        0
       252                        0       0.0585602890037316                        0       0.0585622008415894       0.0585622008415894                        0
       261                        0       0.0585542695302207                        0       0.0585652153732331       0.0585652153732331                        0
       270                        0       0.0585577469448785                        0       0.0585697928340702       0.0585697928340702                        0
       279                        0       0.0585568166985247                        0       0.0585787008645013       0.0585787008645013                        0
       288                        0       0.0585538323094891                        0       0.0585771775948809       0.0585771775948809                        0
       297                        0       0.0585569291597841                        0       0.0585814829808713       0.0585814829808713                        0
       306                        0        0.058554597869134                        0       0.0585844227549099       0.0585844227549099                        0
       315                        0       0.0585539560712706                        0       0.0585823133362072       0.0585823133362072                        0
       324                        0       0.0585557371413811                        0       0.0585857991181012       0.0585857991181012                        0
       333                        0       0.0585534129401766                        0       0.0585853392939605       0.0585853392939605                        0
       342                        0       0.0585540848148386                        0       0.0585840970778471       0.0585840970778471                        0
       351                        0       0.0585545399810193                        0       0.0585862124575394       0.0585862124575394                        0
       360                        0       0.0585529263251769                        0       0.0585843337518128       0.0585843337518128                        0
       369                        0       0.0585540005851503                        0       0.0585840701008677       0.0585840701008677                        0
       378                        0       0.0585535762796695                        0       0.0585847348976806       0.0585847348976806                        0
       387                        0        0.058552813935016                        0       0.0585827017638533       0.0585827017638533                        0
       396                        0       0.0585537051067505                        0        0.058582976695716        0.058582976695716                        0
       405                        0       0.0585529281218328                        0        0.058582515588524        0.058582515588524                        0
       414                        0       0.0585528300599095                        0       0.0585809451291579       0.0585809451291579                        0
       423                        0        0.058553299981381                        0       0.0585812618192877       0.0585812618192877                        0
       432                        0       0.0585525656427416                        0       0.0585801682680574       0.0585801682680574                        0
       441                        0       0.0585528297898543                        0       0.0585792028833681       0.0585792028833681                        0
       450                        0       0.0585528961566738                        0       0.0585792458695469       0.0585792458695469                        0
       459                        0        0.058552404458086                        0       0.0585779759581362       0.0585779759581362                        0
       468                        0       0.0585527588215342                        0       0.0585774843024983       0.0585774843024983                        0
       477                        0       0.0585525674081372                        0       0.0585771650086126       0.0585771650086126                        0
       486                        0       0.0585523516359519                        0       0.0585760271313132       0.0585760271313132                        0
       495                        0       0.0585526239770837                        0       0.0585757817380258       0.0585757817380258                        0
       504                        0       0.0585523407192665                        0        0.058575176338763        0.058575176338763                        0
       513                        0       0.0585523337350864                        0       0.0585743091558221       0.0585743091558221                        0
       522                        0       0.0585524595673912                        0       0.0585741086095423       0.0585741086095423                        0
       531                        0       0.0585522071958526                        0       0.0585733646933616       0.0585733646933616                        0
       540                        0       0.0585523076784405                        0       0.0585727714383805       0.0585727714383805                        0
       549                        0        0.058552301335287                        0       0.0585724975167029       0.0585724975167029                        0
       558                        0       0.0585521393897816                        0       0.0585717571915364       0.0585717571915364                        0
       567                        0       0.0585522586095987                        0        0.058571363658311        0.058571363658311                        0
       576                        0       0.0585521726421224                        0       0.0585709849902469       0.0585709849902469                        0
       585                        0        0.058552106645368                        0       0.0585703423371733       0.0585703423371733                        0
       594                        0       0.0585521905837275                        0       0.0585700530179368       0.0585700530179368                        0
       603                        0       0.0585520814271226                        0       0.0585695981342828       0.0585695981342828                        0
       612                        0       0.0585520848770652                        0       0.0585690891971704       0.0585690891971704                        0
       621                        0       0.0585521158089422                        0       0.0585688261661602       0.0585688261661602                        0
       630                        0       0.0585520236980315                        0        0.058568348421125        0.058568348421125                        0
       639                        0       0.0585520603359512                        0       0.0585679629967817       0.0585679629967817                        0
       648                        0       0.0585520463382716                        0       0.0585676828802069       0.0585676828802069                        0
       657                        0       0.0585519893597098                        0       0.0585672321680534       0.0585672321680534                        0
       666                        0       0.0585520287666927                        0       0.0585669349700516       0.0585669349700516                        0
       675                        0        0.058551989691085                        0       0.0585666277989121       0.0585666277989121                        0
       684                        0       0.0585519675031419                        0       0.0585662351203058       0.0585662351203058                        0
       693                        0       0.0585519921210375                        0       0.0585659861963607       0.0585659861963607                        0
       702                        0       0.0585519479835809                        0       0.0585656640664133       0.0585656640664133                        0
       711                        0       0.0585519497627123                        0       0.0585653383744045       0.0585653383744045                        0
