#square and square, nu_xymn_2
#MM NN: 3 3
#quadrature order: 16
#numpanels            c*(gradu.n)^2                      BEM        0.5*(gradu)^2 ex.       Boundary Formula 1       Boundary Formula 2
        18                        0         0.16502986263323                        0        0.176142255215383        0.176142255215383                        0
        27                        0        0.179374392995169                        0        0.211235291287775        0.211235291287775                        0
        36                        0        0.168506853680675                        0        0.173394840187686        0.173394840187686                        0
        45                        0         0.17216571907299                        0        0.201347851576697        0.201347851576697                        0
        54                        0        0.170052330879439                        0        0.170491016573504        0.170491016573504                        0
        63                        0        0.164940103266723                        0        0.167425317151226        0.167425317151226                        0
        72                        0        0.167683650514391                        0        0.183676596912864        0.183676596912864                        0
        81                        0        0.164783028081131                        0        0.160657696285853        0.160657696285853                        0
        90                        0          0.1647409989473                        0        0.168278899734583        0.168278899734583                        0
        99                        0        0.165826262914082                        0        0.172519300452671        0.172519300452671                        0
       108                        0        0.164125954269168                        0        0.160585357279805        0.160585357279805                        0
       117                        0        0.164650500171605                        0        0.168524649077884        0.168524649077884                        0
       126                        0        0.164853355118881                        0        0.166001204138337        0.166001204138337                        0
       135                        0        0.164096564822146                        0        0.162135094877037        0.162135094877037                        0
       144                        0        0.164555075838447                        0            0.16822376675            0.16822376675                        0
       153                        0        0.164363233771503                        0        0.163179039479123        0.163179039479123                        0
       162                        0        0.164151909466981                        0        0.163651582038876        0.163651582038876                        0
       171                        0        0.164451157713478                        0        0.167196824855548        0.167196824855548                        0
       180                        0        0.164165241629254                        0        0.162485508252063        0.162485508252063                        0
       189                        0        0.164193058251325                        0        0.164766975643784        0.164766975643784                        0
       198                        0        0.164340273526515                        0        0.165725930376145        0.165725930376145                        0
       207                        0        0.164109938423046                        0        0.162744728815837        0.162744728815837                        0
       216                        0        0.164209106569936                        0        0.165374976678339        0.165374976678339                        0
       225                        0        0.164237108974385                        0        0.164449489184776        0.164449489184776                        0
       234                        0        0.164109890534777                        0        0.163345723296043        0.163345723296043                        0
       243                        0        0.164206480074748                        0        0.165469819353545        0.165469819353545                        0
       252                        0        0.164164611729929                        0        0.163724144149262        0.163724144149262                        0
       261                        0        0.164123296339566                        0        0.163966534416104        0.163966534416104                        0
       270                        0         0.16419110932511                        0        0.165156457067067        0.165156457067067                        0
       279                        0        0.164127011543215                        0        0.163504750130503        0.163504750130503                        0
       288                        0        0.164134544035234                        0        0.164436314376865        0.164436314376865                        0
       297                        0        0.164168091383188                        0        0.164662172472604        0.164662172472604                        0
       306                        0        0.164113887507575                        0        0.163607515782406        0.163607515782406                        0
       315                        0        0.164139956596862                        0        0.164678111319613        0.164678111319613                        0
       324                        0          0.1641446149136                        0        0.164223294944816        0.164223294944816                        0
       333                        0        0.164113014195914                        0        0.163855256819063        0.163855256819063                        0
       342                        0        0.164139787163077                        0        0.164691829211749        0.164691829211749                        0
       351                        0         0.16412686499126                        0        0.163962254452565        0.163962254452565                        0
       360                        0        0.164116136277006                        0        0.164116044511412        0.164116044511412                        0
       369                        0        0.164135259006421                        0        0.164544889248583        0.164544889248583                        0
       378                        0        0.164116712508706                        0        0.163884306591064        0.163884306591064                        0
       387                        0        0.164119179291816                        0        0.164307515492678        0.164307515492678                        0
       396                        0        0.164128301918437                        0         0.16433965735159         0.16433965735159                        0
       405                        0         0.16411259500118                        0        0.163934380326564        0.163934380326564                        0
       414                        0        0.164120658128246                        0        0.164394506545893        0.164394506545893                        0
       423                        0        0.164121231399521                        0         0.16416404347913         0.16416404347913                        0
       432                        0        0.164111924516812                        0        0.164043905279564        0.164043905279564                        0
       441                        0        0.164120323266196                        0        0.164383656026893        0.164383656026893                        0
       450                        0        0.164115758797873                        0        0.164061861396778        0.164061861396778                        0
       459                        0        0.164112594691639                        0        0.164155303559894        0.164155303559894                        0
       468                        0        0.164118537515443                        0        0.164310579219994        0.164310579219994                        0
       477                        0        0.164112434404803                        0        0.164034972587477        0.164034972587477                        0
       486                        0        0.164113353576671                        0        0.164232124017493        0.164232124017493                        0
       495                        0          0.1641160122173                        0        0.164219684096533        0.164219684096533                        0
       504                        0        0.164110908013201                        0        0.164060887758938        0.164060887758938                        0
       513                        0        0.164113631332356                        0        0.164261120530984        0.164261120530984                        0
       522                        0        0.164113510426232                        0        0.164145530000051        0.164145530000051                        0
       531                        0         0.16411048906282                        0        0.164110038758264        0.164110038758264                        0
       540                        0        0.164113295045524                        0        0.164248517240721        0.164248517240721                        0
       549                        0         0.16411155087843                        0        0.164104266736302        0.164104266736302                        0
       558                        0        0.164110546309917                        0        0.164157201441034        0.164157201441034                        0
       567                        0         0.16411247704706                        0        0.164211849730561        0.164211849730561                        0
       576                        0         0.16411029861901                        0          0.1640953528173          0.1640953528173                        0
       585                        0        0.164110657816632                        0        0.164187089389588        0.164187089389588                        0
       594                        0        0.164111438673029                        0        0.164170425751821        0.164170425751821                        0
       603                        0        0.164109651043066                        0        0.164108352345531        0.164108352345531                        0
       612                        0        0.164110611513976                        0        0.164195318428353        0.164195318428353                        0
       621                        0        0.164110440362385                        0         0.16413821072662         0.16413821072662                        0
       630                        0        0.164109391930312                        0        0.164130034628137        0.164130034628137                        0
       639                        0        0.164110356139107                        0        0.164185994184371        0.164185994184371                        0
       648                        0        0.164109649784961                        0        0.164121126794334        0.164121126794334                        0
       657                        0        0.164109309947666                        0        0.164149445778823        0.164149445778823                        0
       666                        0        0.164109943459892                        0        0.164167483422831        0.164167483422831                        0
       675                        0        0.164109117515969                        0        0.164118140157566        0.164118140157566                        0
       684                        0        0.164109254836388                        0        0.164160395695796        0.164160395695796                        0
       693                        0         0.16410947009519                        0        0.164148197737834        0.164148197737834                        0
       702                        0        0.164108806896881                        0        0.164124213852328        0.164124213852328                        0
       711                        0        0.164109148452007                        0        0.164161657321791        0.164161657321791                        0
       720                        0        0.164109027461989                        0        0.164133821736058        0.164133821736058                        0
