#square and square, nu_xymn_1
#MM NN: 1 3
#quadrature order: 16
#numpanels            c*(gradu.n)^2                      BEM        0.5*(gradu)^2 ex.       Boundary Formula 1       Boundary Formula 2
        18                        0        0.102573635179456                        0       0.0808313555890332       0.0808313555890332                        0
        27                        0        0.101547061127731                        0        0.093549362157236        0.093549362157236                        0
        36                        0        0.101632952130812                        0       0.0897065147287135       0.0897065147287135                        0
        45                        0        0.103800286698429                        0         0.09690493307968         0.09690493307968                        0
        54                        0         0.10000811130388                        0       0.0962247884977225       0.0962247884977225                        0
        63                        0        0.102933579344382                        0       0.0983741060731898       0.0983741060731898                        0
        72                        0        0.102420655556157                        0        0.104331493457286        0.104331493457286                        0
        81                        0        0.101819825192812                        0        0.100964200219738        0.100964200219738                        0
        90                        0        0.103384561709547                        0        0.102061056747607        0.102061056747607                        0
        99                        0        0.102384155180614                        0        0.104677000421148        0.104677000421148                        0
       108                        0        0.102662498831377                        0        0.102370984614464        0.102370984614464                        0
       117                        0        0.103330878823625                        0        0.103580275032703        0.103580275032703                        0
       126                        0        0.102595591631456                        0        0.104746610197363        0.104746610197363                        0
       135                        0        0.103090962698936                        0        0.102940715924323        0.102940715924323                        0
       144                        0        0.103192467183011                        0        0.104309698032797        0.104309698032797                        0
       153                        0        0.102859470658502                        0        0.104295069312573        0.104295069312573                        0
       162                        0        0.103271626386788                        0        0.103223314111534        0.103223314111534                        0
       171                        0        0.103113351573013                        0        0.104600315797837        0.104600315797837                        0
       180                        0        0.103058802584445                        0         0.10384750291148         0.10384750291148                        0
       189                        0        0.103316233560136                        0        0.103459763476134        0.103459763476134                        0
       198                        0        0.103110580527684                        0        0.104547503168475        0.104547503168475                        0
       207                        0        0.103191596331155                        0        0.103515915337044        0.103515915337044                        0
       216                        0        0.103299302320097                        0        0.103694429984025        0.103694429984025                        0
       225                        0        0.103151481094405                        0        0.104263634730299        0.104263634730299                        0
       234                        0        0.103268921650259                        0        0.103341980601885        0.103341980601885                        0
       243                        0        0.103270543856658                        0        0.103877312791351        0.103877312791351                        0
       252                        0        0.103203074588158                        0        0.103911052206599        0.103911052206599                        0
       261                        0        0.103303728139103                        0        0.103313612411167        0.103313612411167                        0
       270                        0        0.103254538296282                        0         0.10394648538076         0.10394648538076                        0
       279                        0        0.103248600806047                        0        0.103606442366185        0.103606442366185                        0
       288                        0        0.103310900798338                        0        0.103384628607351        0.103384628607351                        0
       297                        0        0.103255209547406                        0        0.103887521487092        0.103887521487092                        0
       306                        0        0.103281922562536                        0        0.103403153233098        0.103403153233098                        0
       315                        0        0.103305245058486                        0        0.103491488400096        0.103491488400096                        0
       324                        0        0.103266499663425                        0        0.103742280532847        0.103742280532847                        0
       333                        0        0.103302027041546                        0        0.103308298940756        0.103308298940756                        0
       342                        0        0.103297908672851                        0        0.103575128077785        0.103575128077785                        0
       351                        0        0.103281374415935                        0        0.103573622978256        0.103573622978256                        0
       360                        0        0.103310966127066                        0        0.103300280984653        0.103300280984653                        0
       369                        0        0.103294411502914                        0        0.103601451985814        0.103601451985814                        0
       378                        0         0.10329513563799                        0        0.103431353800751        0.103431353800751                        0
       387                        0        0.103312582316368                        0        0.103342769017691        0.103342769017691                        0
       396                        0        0.103295535609238                        0        0.103569002340232        0.103569002340232                        0
       405                        0        0.103305432695088                        0        0.103340219317149        0.103340219317149                        0
       414                        0         0.10331097523919                        0        0.103397602730209        0.103397602730209                        0
       423                        0        0.103299707234182                        0        0.103499792870791        0.103499792870791                        0
       432                        0        0.103311667947341                        0        0.103302427953832        0.103302427953832                        0
       441                        0        0.103309176399331                        0        0.103436052641591        0.103436052641591                        0
       450                        0        0.103304950605608                        0        0.103422423896314        0.103422423896314                        0
       459                        0        0.103314458680421                        0        0.103305171967087        0.103305171967087                        0
       468                        0        0.103308635723745                        0        0.103445247901293        0.103445247901293                        0
       477                        0        0.103309777773245                        0        0.103359094829893        0.103359094829893                        0
       486                        0        0.103315053415666                        0        0.103329020115841        0.103329020115841                        0
       495                        0        0.103309516804185                        0        0.103427548448035        0.103427548448035                        0
       504                        0        0.103313388572256                        0        0.103320513570119        0.103320513570119                        0
       513                        0        0.103314740268082                        0        0.103355442676456        0.103355442676456                        0
       522                        0        0.103311322261392                        0        0.103394429514471        0.103394429514471                        0
       531                        0        0.103315596631897                        0        0.103306710502583        0.103306710502583                        0
       540                        0        0.103314435239726                        0        0.103372033956898        0.103372033956898                        0
       549                        0        0.103313414557964                        0        0.103359098756212        0.103359098756212                        0
       558                        0        0.103316645971134                        0        0.103310725084164        0.103310725084164                        0
       567                        0        0.103314558527625                        0        0.103374387651396        0.103374387651396                        0
       576                        0        0.103315296308965                        0        0.103331303326554        0.103331303326554                        0
       585                        0         0.10331698046465                        0        0.103322998230674        0.103322998230674                        0
       594                        0        0.103315138207846                        0        0.103364759263917        0.103364759263917                        0
       603                        0         0.10331670371969                        0        0.103315349293929        0.103315349293929                        0
       612                        0        0.103317034266521                        0        0.103335084594491        0.103335084594491                        0
       621                        0        0.103315997573155                        0        0.103348904251237        0.103348904251237                        0
       630                        0        0.103317592027305                        0        0.103310640400317        0.103310640400317                        0
       639                        0        0.103317104107064                        0        0.103341852043135        0.103341852043135                        0
       648                        0        0.103316915693669                        0        0.103332851302605        0.103332851302605                        0
       657                        0        0.103318065386553                        0        0.103313544158404        0.103313544158404                        0
       666                        0        0.103317319298496                        0        0.103341933146221        0.103341933146221                        0
       675                        0        0.103317722148127                        0        0.103320782576798        0.103320782576798                        0
       684                        0        0.103318289334611                        0        0.103319533621573        0.103319533621573                        0
