#square and square, nu_xymn_2
#MM NN: 3 2
#quadrature order: 16
#numpanels            c*(gradu.n)^2                      BEM        0.5*(gradu)^2 ex.       Boundary Formula 1       Boundary Formula 2
        18                        0       0.0407762226628779                        0       0.0524412953239718       0.0524412953239718                        0
        27                        0       0.0435162619052801                        0       0.0587961043334843       0.0587961043334843                        0
        36                        0       0.0438779751812843                        0       0.0562909031207604       0.0562909031207604                        0
        45                        0       0.0437578963100785                        0       0.0581784235362539       0.0581784235362539                        0
        54                        0       0.0469752768814672                        0       0.0581336569255756       0.0581336569255756                        0
        63                        0       0.0475133158415676                        0       0.0571352361824723       0.0571352361824723                        0
        72                        0        0.047840324656673                        0       0.0557812211699205       0.0557812211699205                        0
        81                        0       0.0486108375077302                        0       0.0549838689340691       0.0549838689340691                        0
        90                        0       0.0486134587069355                        0       0.0538536700261696       0.0538536700261696                        0
        99                        0       0.0488158813788534                        0        0.053042110667147        0.053042110667147                        0
       108                        0       0.0490363990519297                        0       0.0524487212281272       0.0524487212281272                        0
       117                        0       0.0489944569104704                        0       0.0517493433657414       0.0517493433657414                        0
       126                        0       0.0491418700834182                        0       0.0513738377845561       0.0513738377845561                        0
       135                        0       0.0491754599468697                        0       0.0509921190133469       0.0509921190133469                        0
       144                        0        0.049158473752849                        0       0.0506396781991765       0.0506396781991765                        0
       153                        0       0.0492476652183363                        0       0.0504643921112212       0.0504643921112212                        0
       162                        0       0.0492303197660667                        0        0.050228522922022        0.050228522922022                        0
       171                        0       0.0492395118054868                        0       0.0500690572204384       0.0500690572204384                        0
       180                        0       0.0492806841409539                        0       0.0499733426454949       0.0499733426454949                        0
       189                        0       0.0492587295060041                        0       0.0498346799974262       0.0498346799974262                        0
       198                        0       0.0492798701826257                        0       0.0497701468393723       0.0497701468393723                        0
       207                        0        0.049290568620851                        0       0.0497061340119341       0.0497061340119341                        0
       216                        0       0.0492774648608705                        0       0.0496304626385411       0.0496304626385411                        0
       225                        0       0.0492978829571332                        0       0.0496055089520329       0.0496055089520329                        0
       234                        0       0.0492941920532443                        0       0.0495584386370845       0.0495584386370845                        0
       243                        0       0.0492909423006585                        0       0.0495217823581856       0.0495217823581856                        0
       252                        0       0.0493044076368564                        0       0.0495092018126345       0.0495092018126345                        0
       261                        0       0.0492968978872838                        0       0.0494753905353122       0.0494753905353122                        0
       270                        0       0.0493001320050085                        0       0.0494606379956074       0.0494606379956074                        0
       279                        0       0.0493060116511458                        0       0.0494498904854635       0.0494498904854635                        0
       288                        0       0.0492999282616933                        0       0.0494277153312283       0.0494277153312283                        0
       297                        0       0.0493055779070935                        0       0.0494231333383143       0.0494231333383143                        0
       306                        0       0.0493061157556402                        0       0.0494120753852439       0.0494120753852439                        0
       315                        0       0.0493031135385329                        0       0.0493993963888656       0.0493993963888656                        0
       324                        0        0.049308197138882                        0       0.0493978819953715       0.0493978819953715                        0
       333                        0       0.0493061931607301                        0        0.049387485832156        0.049387485832156                        0
       342                        0       0.0493059508520805                        0       0.0493815165273112       0.0493815165273112                        0
       351                        0       0.0493091034283736                        0       0.0493797033522186       0.0493797033522186                        0
       360                        0       0.0493066787985825                        0       0.0493712837658083       0.0493712837658083                        0
       369                        0       0.0493080684594503                        0       0.0493691770767414       0.0493691770767414                        0
       378                        0       0.0493092353823651                        0       0.0493662167224588       0.0493662167224588                        0
       387                        0       0.0493075207180983                        0       0.0493603947382499       0.0493603947382499                        0
       396                        0       0.0493093771306906                        0       0.0493598452307927       0.0493598452307927                        0
       405                        0       0.0493091890313156                        0       0.0493561699859605       0.0493561699859605                        0
       414                        0       0.0493084949928069                        0       0.0493527792930045       0.0493527792930045                        0
       423                        0       0.0493100240265388                        0       0.0493523433057827       0.0493523433057827                        0
       432                        0       0.0493092451793052                        0       0.0493487279984028       0.0493487279984028                        0
       441                        0       0.0493093818493555                        0       0.0493471057323795       0.0493471057323795                        0
       450                        0       0.0493102580820851                        0       0.0493461820792339       0.0493461820792339                        0
       459                        0       0.0493094694377525                        0       0.0493432202736094       0.0493432202736094                        0
       468                        0       0.0493100498751631                        0       0.0493425688647227       0.0493425688647227                        0
       477                        0       0.0493103103912932                        0       0.0493411505829388       0.0493411505829388                        0
       486                        0       0.0493098128332669                        0       0.0493390816531386       0.0493390816531386                        0
       495                        0       0.0493104713757936                        0       0.0493387430970179       0.0493387430970179                        0
       504                        0       0.0493103357108463                        0       0.0493371061848217       0.0493371061848217                        0
       513                        0       0.0493101890581927                        0       0.0493358589714908       0.0493358589714908                        0
       522                        0       0.0493106930659028                        0        0.049335442428791        0.049335442428791                        0
       531                        0        0.049310406525115                        0        0.049333896331245        0.049333896331245                        0
       540                        0        0.049310523631923                        0       0.0493332246824665       0.0493332246824665                        0
       549                        0       0.0493107916922893                        0       0.0493326007194217       0.0493326007194217                        0
       558                        0       0.0493105340503959                        0       0.0493313502187836       0.0493313502187836                        0
       567                        0       0.0493107763015444                        0        0.049330973103381        0.049330973103381                        0
       576                        0       0.0493108382222611                        0       0.0493301891593891       0.0493301891593891                        0
       585                        0        0.049310696212128                        0        0.049329298268867        0.049329298268867                        0
       594                        0       0.0493109419952542                        0       0.0493289962921561       0.0493289962921561                        0
       603                        0       0.0493108798697164                        0       0.0493281736287753       0.0493281736287753                        0
       612                        0       0.0493108617205359                        0       0.0493275949062423       0.0493275949062423                        0
       621                        0       0.0493110391300018                        0       0.0493272490225013       0.0493272490225013                        0
       630                        0       0.0493109376573205                        0       0.0493265024997052       0.0493265024997052                        0
       639                        0       0.0493110056637531                        0       0.0493261325475536       0.0493261325475536                        0
       648                        0       0.0493110947250805                        0       0.0493257153466654       0.0493257153466654                        0
       657                        0       0.0493110128981468                        0       0.0493251117985443       0.0493251117985443                        0
       666                        0       0.0493111159848494                        0       0.0493248434384445       0.0493248434384445                        0
       675                        0       0.0493111329243424                        0       0.0493243850684594       0.0493243850684594                        0
       684                        0        0.049311096512875                        0        0.049323936573507        0.049323936573507                        0
       693                        0       0.0493111928097668                        0         0.04932369186435         0.04932369186435                        0
       702                        0       0.0493111693321103                        0       0.0493232421684025       0.0493232421684025                        0
       711                        0       0.0493111772119348                        0       0.0493229210989309       0.0493229210989309                        0
       720                        0       0.0493112439070453                        0       0.0493226620182445       0.0493226620182445                        0
