#square and square, nu_xymn_1
#MM NN: 1 5
#quadrature order: 16
#numpanels            c*(gradu.n)^2                      BEM        0.5*(gradu)^2 ex.       Boundary Formula 1       Boundary Formula 2
        18                        0       0.0388594069303798                        0       0.0358500124274479       0.0358500124274479                        0
        27                        0       0.0364660480316492                        0       0.0417336342814113       0.0417336342814113                        0
        36                        0       0.0367723291586014                        0       0.0394242725033317       0.0394242725033317                        0
        45                        0       0.0372824360192048                        0       0.0427852252283002       0.0427852252283002                        0
        54                        0       0.0346981658755811                        0       0.0408693635822536       0.0408693635822536                        0
        63                        0       0.0366330730087457                        0       0.0386259782178931       0.0386259782178931                        0
        72                        0       0.0362530025108721                        0       0.0416647796920817       0.0416647796920817                        0
        81                        0        0.035694737726099                        0       0.0387717952294058       0.0387717952294058                        0
        90                        0       0.0368863713734236                        0       0.0382725196384158       0.0382725196384158                        0
        99                        0        0.036133739788027                        0       0.0399605824704931       0.0399605824704931                        0
       108                        0       0.0362696769142023                        0       0.0377858073332863       0.0377858073332863                        0
       117                        0       0.0368234389634534                        0       0.0380717287196507       0.0380717287196507                        0
       126                        0       0.0362349643498181                        0       0.0389132954238569       0.0389132954238569                        0
       135                        0        0.036591243798535                        0       0.0372733555326037       0.0372733555326037                        0
       144                        0       0.0367022330953232                        0       0.0380105204124136       0.0380105204124136                        0
       153                        0       0.0364101835825594                        0       0.0380580493227586       0.0380580493227586                        0
       162                        0       0.0367327076305179                        0       0.0370439780278296       0.0370439780278296                        0
       171                        0       0.0366256918464404                        0       0.0379555200318122       0.0379555200318122                        0
       180                        0       0.0365562156808646                        0       0.0374523550045622       0.0374523550045622                        0
       189                        0       0.0367688393599963                        0       0.0370065829319675       0.0370065829319675                        0
       198                        0        0.036610306666312                        0       0.0377986662020417       0.0377986662020417                        0
       207                        0       0.0366589923699601                        0       0.0370585545953581       0.0370585545953581                        0
       216                        0       0.0367551500281872                        0       0.0370787054959239       0.0370787054959239                        0
       225                        0       0.0366334224925786                        0       0.0375374176098159       0.0375374176098159                        0
       234                        0        0.036720862176918                        0       0.0368455806861519       0.0368455806861519                        0
       243                        0       0.0367303982235628                        0       0.0371710411407908       0.0371710411407908                        0
       252                        0       0.0366694148281042                        0       0.0372499034365462       0.0372499034365462                        0
       261                        0       0.0367495370125746                        0       0.0367750797663522       0.0367750797663522                        0
       270                        0       0.0367147227148948                        0       0.0372107287705295       0.0372107287705295                        0
       279                        0       0.0367036475363636                        0       0.0370058793372711       0.0370058793372711                        0
       288                        0       0.0367558954375279                        0        0.036799295580622        0.036799295580622                        0
       297                        0       0.0367123150831239                        0       0.0371701881072693       0.0371701881072693                        0
       306                        0       0.0367297629064015                        0        0.036839500255292        0.036839500255292                        0
       315                        0       0.0367514077650314                        0       0.0368647917560216       0.0368647917560216                        0
       324                        0       0.0367191154285475                        0       0.0370693399915329       0.0370693399915329                        0
       333                        0       0.0367459808075298                        0       0.0367552628102633       0.0367552628102633                        0
       342                        0       0.0367450009350246                        0       0.0369237477367369       0.0369237477367369                        0
       351                        0       0.0367296940859284                        0       0.0369489611069921       0.0369489611069921                        0
       360                        0       0.0367534122253769                        0        0.036738052204354        0.036738052204354                        0
       369                        0       0.0367413453297938                        0       0.0369469482956225       0.0369469482956225                        0
       378                        0       0.0367401012789359                        0       0.0368442724118527       0.0368442724118527                        0
       387                        0        0.036754870282638                        0       0.0367620462430766       0.0367620462430766                        0
       396                        0       0.0367413773059815                        0       0.0369293335305201       0.0369293335305201                        0
       405                        0       0.0367481685919571                        0       0.0367742865020716       0.0367742865020716                        0
       414                        0       0.0367535437241232                        0       0.0367994304617098       0.0367994304617098                        0
       423                        0       0.0367440429495535                        0       0.0368840557254978       0.0368840557254978                        0
       432                        0       0.0367531813398937                        0       0.0367422579844898       0.0367422579844898                        0
       441                        0       0.0367518846196373                        0        0.036828394812898        0.036828394812898                        0
       450                        0       0.0367478186194568                        0       0.0368305881494161       0.0368305881494161                        0
       459                        0       0.0367554784837823                        0       0.0367403582671323       0.0367403582671323                        0
       468                        0       0.0367511433529471                        0       0.0368380765347124       0.0368380765347124                        0
       477                        0       0.0367514721851535                        0       0.0367850457387315       0.0367850457387315                        0
       486                        0       0.0367559759773094                        0       0.0367553753050022       0.0367553753050022                        0
       495                        0       0.0367515454316678                        0       0.0368286402487333       0.0368286402487333                        0
       504                        0       0.0367542872539744                        0       0.0367559403520624       0.0367559403520624                        0
       513                        0       0.0367556783658006                        0       0.0367740620541845       0.0367740620541845                        0
       522                        0       0.0367527524810894                        0       0.0368073082570815       0.0368073082570815                        0
       531                        0       0.0367560434760502                        0       0.0367442477876848       0.0367442477876848                        0
       540                        0       0.0367553317808616                        0       0.0367870427941306       0.0367870427941306                        0
       549                        0       0.0367542715023655                        0        0.036783188912512        0.036783188912512                        0
       558                        0       0.0367568853004978                        0       0.0367457181690187       0.0367457181690187                        0
       567                        0       0.0367553038642685                        0       0.0367904443930318       0.0367904443930318                        0
       576                        0       0.0367556924076506                        0       0.0367634212679646       0.0367634212679646                        0
       585                        0       0.0367571402919114                        0       0.0367538763647942       0.0367538763647942                        0
       594                        0       0.0367556475324593                        0       0.0367852261342807       0.0367852261342807                        0
       603                        0       0.0367567799582331                        0       0.0367515130517235       0.0367515130517235                        0
       612                        0       0.0367571481883252                        0       0.0367626874826115       0.0367626874826115                        0
       621                        0       0.0367562399495401                        0        0.036775097411771        0.036775097411771                        0
       630                        0       0.0367574743656256                        0       0.0367474975562731       0.0367474975562731                        0
       639                        0       0.0367571520653353                        0         0.03676824292725         0.03676824292725                        0
       648                        0       0.0367569093934542                        0       0.0367642488220598       0.0367642488220598                        0
       657                        0       0.0367578413936529                        0       0.0367491166736188       0.0367491166736188                        0
       666                        0       0.0367572665161353                        0       0.0367692364938379       0.0367692364938379                        0
       675                        0       0.0367575150706293                        0        0.036755769654654        0.036755769654654                        0
       684                        0       0.0367580040969955                        0       0.0367532910250082       0.0367532910250082                        0
       693                        0       0.0367575019111591                        0       0.0367664420927636       0.0367664420927636                        0
       702                        0       0.0367579802704026                        0       0.0367510233423309       0.0367510233423309                        0
       711                        0       0.0367580830753984                        0       0.0367573421055341       0.0367573421055341                        0
       720                        0        0.036757810938515                        0       0.0367616944542759       0.0367616944542759                        0
