#square and square, nu_xymn_1
#MM NN: 3 4
#quadrature order: 16
#numpanels            c*(gradu.n)^2                      BEM        0.5*(gradu)^2 ex.       Boundary Formula 1       Boundary Formula 2
        18                        0        0.467196924847581                        0        0.258381533196824        0.258381533196824                        0
        27                        0        0.485447535543285                        0        0.308150287380242        0.308150287380242                        0
        36                        0        0.481743779804765                        0        0.313795195091384        0.313795195091384                        0
        45                        0        0.504529837764712                        0        0.374975477892495        0.374975477892495                        0
        54                        0        0.483136891679896                        0        0.356357930373139        0.356357930373139                        0
        63                        0        0.496691889125994                        0        0.434993015908292        0.434993015908292                        0
        72                        0        0.485616586662096                        0        0.444567682962864        0.444567682962864                        0
        81                        0        0.493602022824474                        0        0.442649449881672        0.442649449881672                        0
        90                        0        0.491685975409142                        0        0.470102693378991        0.470102693378991                        0
        99                        0        0.489401779537034                        0        0.463678741119002        0.463678741119002                        0
       108                        0        0.493253066264223                        0        0.472539409256123        0.472539409256123                        0
       117                        0        0.490526916713329                        0        0.482345147489093        0.482345147489093                        0
       126                        0        0.491470487499234                        0        0.477649887620325        0.477649887620325                        0
       135                        0        0.492225465678192                        0        0.483907473419587        0.483907473419587                        0
       144                        0        0.490578432656603                        0        0.487576241603063        0.487576241603063                        0
       153                        0        0.492018114796574                        0        0.484140716597743        0.484140716597743                        0
       162                        0        0.491651540453648                        0        0.488745284990809        0.488745284990809                        0
       171                        0        0.490995242622682                        0        0.489555705001178        0.489555705001178                        0
       180                        0        0.492005905558039                        0        0.487665080070099        0.487665080070099                        0
       189                        0        0.491394168603254                        0        0.490957379031635        0.490957379031635                        0
       198                        0        0.491394450479118                        0        0.490219024059823        0.490219024059823                        0
       207                        0        0.491853005650793                        0        0.489604625657248        0.489604625657248                        0
       216                        0        0.491333547347914                        0        0.491937438062912        0.491937438062912                        0
       225                        0          0.4916284118475                        0        0.490438592446407        0.490438592446407                        0
       234                        0         0.49170444915954                        0         0.49076587145522         0.49076587145522                        0
       243                        0        0.491389528021669                        0        0.492204430086043        0.492204430086043                        0
       252                        0        0.491713483176039                        0        0.490614938282813        0.490614938282813                        0
       261                        0        0.491601992071926                        0        0.491504133639773        0.491504133639773                        0
       270                        0        0.491489796388387                        0         0.49205662430084         0.49205662430084                        0
       279                        0        0.491713756152717                        0        0.490845642696517        0.490845642696517                        0
       288                        0         0.49155124550893                        0        0.491948743262651        0.491948743262651                        0
       297                        0        0.491578882106745                        0        0.491756656327804        0.491756656327804                        0
       306                        0        0.491680622908141                        0        0.491129067591666        0.491129067591666                        0
       315                        0        0.491543781603285                        0        0.492138071532524        0.492138071532524                        0
       324                        0        0.491633159024538                        0        0.491497592205508        0.491497592205508                        0
       333                        0        0.491643645310786                        0        0.491425612660531        0.491425612660531                        0
       342                        0        0.491563573689653                        0        0.492113547333189        0.492113547333189                        0
       351                        0        0.491654411056306                        0        0.491363669556449        0.491363669556449                        0
       360                        0        0.491616664510208                        0        0.491682010078349        0.491682010078349                        0
       369                        0        0.491592682474085                        0        0.491956031525396        0.491956031525396                        0
       378                        0        0.491654370910074                        0        0.491357951702248        0.491357951702248                        0
       387                        0        0.491603891513745                        0        0.491851549120087        0.491851549120087                        0
       396                        0        0.491617851366043                        0        0.491763173657993        0.491763173657993                        0
       405                        0        0.491644733547137                        0        0.491442421475271        0.491442421475271                        0
       414                        0        0.491603608473331                        0        0.491913452728123        0.491913452728123                        0
       423                        0        0.491633408130656                        0        0.491609415356066        0.491609415356066                        0
       432                        0        0.491633718233177                        0         0.49156544764138         0.49156544764138                        0
       441                        0        0.491610943143979                        0        0.491881508005313        0.491881508005313                        0
       450                        0        0.491639606633372                        0        0.491528200848761        0.491528200848761                        0
       459                        0        0.491625815374431                        0         0.49167932603229         0.49167932603229                        0
       468                        0        0.491620567457656                        0        0.491795001952855        0.491795001952855                        0
       477                        0        0.491639452416061                        0        0.491517789071713        0.491517789071713                        0
       486                        0        0.491622486310786                        0        0.491752128267324        0.491752128267324                        0
       495                        0        0.491628696795379                        0        0.491698521137311        0.491698521137311                        0
       504                        0        0.491636330670902                        0        0.491555809586619        0.491555809586619                        0
       513                        0        0.491623107805176                        0        0.491773423976777        0.491773423976777                        0
       522                        0        0.491633718542334                        0         0.49162464375819         0.49162464375819                        0
       531                        0        0.491632846511768                        0        0.491613234857719        0.491613234857719                        0
       540                        0        0.491626025361653                        0        0.491752206466147        0.491752206466147                        0
       549                        0        0.491635719335409                        0        0.491587289213081        0.491587289213081                        0
       558                        0        0.491630482610505                        0        0.491664883536742        0.491664883536742                        0
       567                        0        0.491629515329244                        0        0.491708386814345        0.491708386814345                        0
       576                        0        0.491635647865732                        0        0.491584165492102        0.491584165492102                        0
       585                        0        0.491629691989716                        0        0.491695629555811        0.491695629555811                        0
       594                        0        0.491632390068941                        0        0.491662619121337        0.491662619121337                        0
       603                        0        0.491634621329042                        0         0.49160338433732         0.49160338433732                        0
       612                        0        0.491630210810554                        0        0.491701952115761        0.491701952115761                        0
       621                        0        0.491634158151139                        0        0.491629148779998        0.491629148779998                        0
       630                        0        0.491633522612699                        0        0.491630427157643        0.491630427157643                        0
       639                        0         0.49163144615707                        0        0.491689398299179        0.491689398299179                        0
       648                        0        0.491634873549363                        0        0.491613428193348        0.491613428193348                        0
       657                        0        0.491632849520422                        0         0.49165342952562         0.49165342952562                        0
       666                        0        0.491632808625843                        0        0.491667801037488        0.491667801037488                        0
       675                        0        0.491634875933645                        0        0.491613517375069        0.491613517375069                        0
       684                        0        0.491632735631535                        0        0.491665936075766        0.491665936075766                        0
       693                        0        0.491633904805123                        0        0.491646594291275        0.491646594291275                        0
       702                        0        0.491634562005845                        0        0.491623306410736        0.491623306410736                        0
       711                        0        0.491633066283144                        0        0.491667112107701        0.491667112107701                        0
       720                        0        0.491634581711636                        0        0.491631871569174        0.491631871569174                        0
