#square and square, nu_xymn_2
#MM NN: 4 1
#quadrature order: 16
#numpanels            c*(gradu.n)^2                      BEM        0.5*(gradu)^2 ex.       Boundary Formula 1       Boundary Formula 2
        18                        0        0.025977334890442                        0       0.0360323985984865       0.0360323985984865                        0
        27                        0       0.0276325713711603                        0        0.041006818933411        0.041006818933411                        0
        36                        0        0.028284746398822                        0       0.0382342346384042       0.0382342346384042                        0
        45                        0       0.0281461421203735                        0       0.0383511643993118       0.0383511643993118                        0
        54                        0       0.0307473748383299                        0       0.0395059067090462       0.0395059067090462                        0
        63                        0       0.0319847807750359                        0       0.0398310738394097       0.0398310738394097                        0
        72                        0       0.0324097015193765                        0       0.0386589159532651       0.0386589159532651                        0
        81                        0       0.0330458073037378                        0       0.0383249549705893       0.0383249549705893                        0
        90                        0       0.0332466065062838                        0       0.0376050147635261       0.0376050147635261                        0
        99                        0       0.0334133851772848                        0       0.0368561802519171       0.0368561802519171                        0
       108                        0       0.0336211132985953                        0       0.0364605693328634       0.0364605693328634                        0
       117                        0       0.0336645261842485                        0        0.035926762950924        0.035926762950924                        0
       126                        0       0.0337589135224505                        0       0.0355632670201069       0.0355632670201069                        0
       135                        0        0.033816731595928                        0       0.0353010922593442       0.0353010922593442                        0
       144                        0       0.0338289993958668                        0       0.0350094746356929       0.0350094746356929                        0
       153                        0        0.033883080767275                        0        0.034842936196221        0.034842936196221                        0
       162                        0        0.033893361931374                        0        0.034683301090255        0.034683301090255                        0
       171                        0       0.0339037013690836                        0       0.0345374671464105       0.0345374671464105                        0
       180                        0       0.0339307700621437                        0       0.0344581961567157       0.0344581961567157                        0
       189                        0       0.0339286889359747                        0       0.0343646560150269       0.0343646560150269                        0
       198                        0         0.03394037871359                        0       0.0342969986556957       0.0342969986556957                        0
       207                        0       0.0339506238580324                        0       0.0342542393699584       0.0342542393699584                        0
       216                        0       0.0339478990322834                        0       0.0342008707111802       0.0342008707111802                        0
       225                        0       0.0339584300730518                        0       0.0341712866688725       0.0341712866688725                        0
       234                        0       0.0339600633969757                        0       0.0341446627374183       0.0341446627374183                        0
       243                        0       0.0339597295574685                        0       0.0341155911709556       0.0341155911709556                        0
       252                        0       0.0339670529795079                        0        0.034102469096231        0.034102469096231                        0
       261                        0       0.0339655231666068                        0       0.0340844934908189       0.0340844934908189                        0
       270                        0       0.0339673582789727                        0       0.0340697933509582       0.0340697933509582                        0
       279                        0       0.0339711681191781                        0       0.0340627576636885       0.0340627576636885                        0
       288                        0       0.0339693595102948                        0       0.0340505668094237       0.0340505668094237                        0
       297                        0        0.033972136918536                        0       0.0340437835703508       0.0340437835703508                        0
       306                        0       0.0339733089416506                        0       0.0340386781298928       0.0340386781298928                        0
       315                        0       0.0339723585671718                        0       0.0340308150143408       0.0340308150143408                        0
       324                        0       0.0339749355231063                        0       0.0340278189538772       0.0340278189538772                        0
       333                        0       0.0339746777549122                        0       0.0340234627746722       0.0340234627746722                        0
       342                        0       0.0339747218944097                        0       0.0340188052130032       0.0340188052130032                        0
       351                        0       0.0339764825788515                        0       0.0340172136758333       0.0340172136758333                        0
       360                        0       0.0339757795517582                        0       0.0340135326075898       0.0340135326075898                        0
       369                        0        0.033976486421335                        0       0.0340110411255692       0.0340110411255692                        0
       378                        0       0.0339773436885639                        0       0.0340097335472854       0.0340097335472854                        0
       387                        0       0.0339767746733789                        0       0.0340068689526099       0.0340068689526099                        0
       396                        0       0.0339777029038554                        0       0.0340056298788348       0.0340056298788348                        0
       405                        0        0.033977889214377                        0       0.0340042681756173       0.0340042681756173                        0
       414                        0       0.0339776711173697                        0       0.0340022562411255       0.0340022562411255                        0
       423                        0       0.0339784805486603                        0       0.0340015822738822       0.0340015822738822                        0
       432                        0       0.0339783205466994                        0       0.0340002054945366       0.0340002054945366                        0
       441                        0       0.0339784306082025                        0       0.0339989295203807       0.0339989295203807                        0
       450                        0       0.0339789590580278                        0       0.0339984047403845       0.0339984047403845                        0
       459                        0       0.0339787214660134                        0       0.0339971567464045       0.0339971567464045                        0
       468                        0       0.0339790244234903                        0       0.0339964062955265       0.0339964062955265                        0
       477                        0       0.0339792661190409                        0       0.0339958526273655       0.0339958526273655                        0
       486                        0       0.0339791073833973                        0       0.0339948431134614       0.0339948431134614                        0
       495                        0       0.0339794543515059                        0       0.0339943951317864       0.0339943951317864                        0
       504                        0       0.0339794929498126                        0       0.0339937916146886       0.0339937916146886                        0
       513                        0       0.0339794633337335                        0       0.0339930530881803       0.0339930530881803                        0
       522                        0       0.0339797492748766                        0       0.0339927322562971       0.0339927322562971                        0
       531                        0        0.033979690838339                        0       0.0339921297393061       0.0339921297393061                        0
       540                        0       0.0339797694341164                        0       0.0339916280772337       0.0339916280772337                        0
       549                        0       0.0339799502497515                        0       0.0339913312597059       0.0339913312597059                        0
       558                        0       0.0339798796948714                        0       0.0339907899673061       0.0339907899673061                        0
       567                        0       0.0339800145348135                        0       0.0339904560363531       0.0339904560363531                        0
       576                        0       0.0339800959549748                        0       0.0339901456512447       0.0339901456512447                        0
       585                        0       0.0339800603197281                        0       0.0339897029759029       0.0339897029759029                        0
       594                        0       0.0339801998879813                        0       0.0339894642906613       0.0339894642906613                        0
       603                        0       0.0339802144384403                        0       0.0339891452085008       0.0339891452085008                        0
       612                        0       0.0339802255769479                        0       0.0339888081796246       0.0339888081796246                        0
       621                        0       0.0339803361535143                        0       0.0339886096344057       0.0339886096344057                        0
       630                        0       0.0339803213615543                        0       0.0339883040488067       0.0339883040488067                        0
       639                        0       0.0339803682653875                        0       0.0339880564836276       0.0339880564836276                        0
       648                        0       0.0339804378270495                        0       0.0339878675582024       0.0339878675582024                        0
       657                        0       0.0339804223702108                        0       0.0339875966228502       0.0339875966228502                        0
       666                        0       0.0339804851068377                        0       0.0339874116121043       0.0339874116121043                        0
       675                        0       0.0339805183428245                        0        0.033987223145481        0.033987223145481                        0
       684                        0       0.0339805170618128                        0       0.0339869979594477       0.0339869979594477                        0
       693                        0       0.0339805774092019                        0       0.0339868491215944       0.0339868491215944                        0
       702                        0       0.0339805873504169                        0       0.0339866650290008       0.0339866650290008                        0
       711                        0       0.0339806027612574                        0       0.0339864854302289       0.0339864854302289                        0
       720                        0       0.0339806496714364                        0        0.033986353668895        0.033986353668895                        0
