#square and square, nu_xymn_2
#MM NN: 1 5
#quadrature order: 16
#numpanels            c*(gradu.n)^2                      BEM        0.5*(gradu)^2 ex.       Boundary Formula 1       Boundary Formula 2
        18                        0       -0.406255507631861                        0       -0.441326327983599       -0.441326327983599                        0
        27                        0       -0.422128909943568                        0       -0.478304183619565       -0.478304183619565                        0
        36                        0       -0.423775380815986                        0        -0.47511793557027        -0.47511793557027                        0
        45                        0       -0.425948295888708                        0       -0.530539397521303       -0.530539397521303                        0
        54                        0       -0.436696625702646                        0       -0.474699305315647       -0.474699305315647                        0
        63                        0       -0.425373780671637                        0       -0.475448366956362       -0.475448366956362                        0
        72                        0       -0.433551752055733                        0       -0.495397389915705       -0.495397389915705                        0
        81                        0       -0.429045816104694                        0       -0.450269231689184       -0.450269231689184                        0
        90                        0       -0.428780760343352                        0         -0.4635443916818         -0.4635443916818                        0
        99                        0       -0.431715671077772                        0       -0.459863750899177       -0.459863750899177                        0
       108                        0       -0.428680486022482                        0        -0.44000778026003        -0.44000778026003                        0
       117                        0       -0.429773538740199                        0       -0.453712605241436       -0.453712605241436                        0
       126                        0       -0.430395932586253                        0       -0.441863664729457       -0.441863664729457                        0
       135                        0       -0.429026182069936                        0       -0.436888816701206       -0.436888816701206                        0
       144                        0       -0.430017548918408                        0       -0.445986176782889       -0.445986176782889                        0
       153                        0       -0.429682971159262                        0       -0.433709318040557       -0.433709318040557                        0
       162                        0       -0.429295524249986                        0       -0.436183207789387       -0.436183207789387                        0
       171                        0       -0.429963116711107                        0       -0.439527158273323       -0.439527158273323                        0
       180                        0       -0.429395374521868                        0       -0.430815222616858       -0.430815222616858                        0
       189                        0       -0.429454890937307                        0       -0.435896748831888       -0.435896748831888                        0
       198                        0       -0.429777142961888                        0       -0.434647178773288       -0.434647178773288                        0
       207                        0       -0.429324861759299                        0       -0.430374325951358       -0.430374325951358                        0
       216                        0       -0.429533146131107                        0       -0.435177510313989       -0.435177510313989                        0
       225                        0       -0.429582272327947                        0       -0.431562972945173       -0.431562972945173                        0
       234                        0       -0.429339926858475                        0       -0.430867672232888       -0.430867672232888                        0
       243                        0       -0.429549878446247                        0       -0.433903965766452       -0.433903965766452                        0
       252                        0       -0.429447711404997                        0       -0.430052656939062       -0.430052656939062                        0
       261                        0       -0.429375191418984                        0       -0.431466933531663       -0.431466933531663                        0
       270                        0        -0.42952151622103                        0       -0.432395520701467       -0.432395520701467                        0
       279                        0        -0.42938064055601                        0       -0.429625412575509       -0.429625412575509                        0
       288                        0       -0.429404749742095                        0       -0.431762771320317       -0.431762771320317                        0
       297                        0       -0.429470743533388                        0       -0.431064994223976       -0.431064994223976                        0
       306                        0       -0.429359362257115                        0       -0.429784184287779       -0.429784184287779                        0
       315                        0       -0.429420205442538                        0       -0.431644165287716       -0.431644165287716                        0
       324                        0       -0.429420897998644                        0       -0.430163444126118       -0.430163444126118                        0
       333                        0       -0.429360680930364                        0       -0.430139421122356       -0.430139421122356                        0
       342                        0       -0.429420488804975                        0       -0.431208731942473       -0.431208731942473                        0
       351                        0       -0.429385544782589                        0       -0.429723567639312       -0.429723567639312                        0
       360                        0       -0.429369217441584                        0        -0.43043634706261        -0.43043634706261                        0
       369                        0       -0.429409194405478                        0       -0.430651940581535       -0.430651940581535                        0
       378                        0       -0.429366719523501                        0        -0.42963539623403        -0.42963539623403                        0
       387                        0       -0.429376894340287                        0       -0.430552393692032       -0.430552393692032                        0
       396                        0       -0.429392747647309                        0       -0.430155440196167       -0.430155440196167                        0
       405                        0       -0.429360075796937                        0       -0.429740852559615       -0.429740852559615                        0
       414                        0       -0.429380309793582                        0       -0.430477011515583       -0.430477011515583                        0
       423                        0       -0.429377266010184                        0       -0.429820921359047       -0.429820921359047                        0
       432                        0        -0.42936004542651                        0       -0.429897283558961       -0.429897283558961                        0
       441                        0       -0.429378966845429                        0       -0.430273350162875       -0.430273350162875                        0
       450                        0       -0.429366177069042                        0        -0.42966335988477        -0.42966335988477                        0
       459                        0       -0.429362305391822                        0       -0.430008795088477       -0.430008795088477                        0
       468                        0       -0.429374212375927                        0       -0.430030052037161       -0.430030052037161                        0
       477                        0       -0.429360018624979                        0       -0.429640184518398       -0.429640184518398                        0
       486                        0         -0.4293642503544                        0       -0.430034272559636       -0.430034272559636                        0
       495                        0       -0.429368165459919                        0       -0.429820468031686       -0.429820468031686                        0
       504                        0       -0.429357619763233                        0       -0.429687363016076       -0.429687363016076                        0
       513                        0        -0.42936472285211                        0       -0.429978742347027       -0.429978742347027                        0
       522                        0       -0.429362669283807                        0       -0.429682375480725       -0.429682375480725                        0
       531                        0       -0.429357344107268                        0       -0.429746770775485       -0.429746770775485                        0
       540                        0       -0.429363619488804                        0       -0.429874527413045       -0.429874527413045                        0
       549                        0       -0.429358707952593                        0       -0.429618424455651       -0.429618424455651                        0
       558                        0       -0.429357809557764                        0       -0.429780911574479       -0.429780911574479                        0
       567                        0       -0.429361471621401                        0       -0.429760294667868       -0.429760294667868                        0
       576                        0        -0.42935641227781                        0       -0.429608542044636       -0.429608542044636                        0
       585                        0       -0.429358136521494                        0       -0.429776247750568       -0.429776247750568                        0
       594                        0       -0.429359014152207                        0       -0.429665488279828       -0.429665488279828                        0
       603                        0       -0.429355394416415                        0       -0.429624797632234       -0.429624797632234                        0
       612                        0       -0.429357941937324                        0       -0.429738312042018       -0.429738312042018                        0
       621                        0        -0.42935684400148                        0       -0.429603712605494       -0.429603712605494                        0
       630                        0       -0.429355105185274                        0       -0.429642892959172       -0.429642892959172                        0
       639                        0       -0.429357221143669                        0       -0.429682710777881       -0.429682710777881                        0
       648                        0       -0.429355262415602                        0       -0.429574022686691       -0.429574022686691                        0
       657                        0       -0.429355066962448                        0       -0.429648179687497       -0.429648179687497                        0
       666                        0       -0.429356183682434                        0       -0.429626150764034       -0.429626150764034                        0
       675                        0       -0.429354292449282                        0       -0.429566553646024       -0.429566553646024                        0
       684                        0       -0.429354973656147                        0       -0.429636518918139       -0.429636518918139                        0
       693                        0        -0.42935509190475                        0       -0.429580403913464       -0.429580403913464                        0
       702                        0       -0.429353787517108                        0       -0.429568885644995       -0.429568885644995                        0
       711                        0       -0.429354698909758                        0       -0.429611587648219       -0.429611587648219                        0
       720                        0       -0.429354147097247                        0       -0.429550163545311       -0.429550163545311                        0
