#square and square, nu_xymn_2
#MM NN: 3 5
#quadrature order: 16
#numpanels            c*(gradu.n)^2                      BEM        0.5*(gradu)^2 ex.       Boundary Formula 1       Boundary Formula 2
        18                        0       0.0175890638763536                        0       0.0216909228701575       0.0216909228701575                        0
        27                        0       0.0187869742027477                        0       0.0241478609480342       0.0241478609480342                        0
        36                        0       0.0187913684935579                        0       0.0233737265062638       0.0233737265062638                        0
        45                        0       0.0187624761650415                        0       0.0246009281856535       0.0246009281856535                        0
        54                        0       0.0198584864432789                        0       0.0239254818935774       0.0239254818935774                        0
        63                        0       0.0196277500911185                        0       0.0229327625390047       0.0229327625390047                        0
        72                        0       0.0196279868416993                        0        0.022433648812026        0.022433648812026                        0
        81                        0       0.0198931349619663                        0        0.022000502189639        0.022000502189639                        0
        90                        0       0.0197855806204725                        0       0.0214843930796019       0.0214843930796019                        0
        99                        0       0.0198429439152976                        0        0.021231258794819        0.021231258794819                        0
       108                        0        0.019906402506886                        0        0.020994997124456        0.020994997124456                        0
       117                        0       0.0198486766619278                        0       0.0207296476433688       0.0207296476433688                        0
       126                        0       0.0199081399270844                        0       0.0206298416109708       0.0206298416109708                        0
       135                        0        0.019905247981188                        0       0.0204834876727722       0.0204834876727722                        0
       144                        0       0.0198837482519217                        0       0.0203621458244671       0.0203621458244671                        0
       153                        0       0.0199224685641489                        0       0.0203189989096797       0.0203189989096797                        0
       162                        0       0.0199047108715424                        0       0.0202271606348945       0.0202271606348945                        0
       171                        0       0.0199046582989429                        0       0.0201793756334394       0.0201793756334394                        0
       180                        0       0.0199220611644077                        0       0.0201526601779523       0.0201526601779523                        0
       189                        0       0.0199066568528303                        0       0.0200978387123457       0.0200978387123457                        0
       198                        0       0.0199155705960158                        0        0.020083322655665        0.020083322655665                        0
       207                        0       0.0199188745587405                        0       0.0200609529820569       0.0200609529820569                        0
       216                        0       0.0199101576376672                        0       0.0200315653716197       0.0200315653716197                        0
       225                        0       0.0199196891111501                        0       0.0200285701399169       0.0200285701399169                        0
       234                        0       0.0199164557700008                        0       0.0200093524414894       0.0200093524414894                        0
       243                        0       0.0199138245626062                        0       0.0199963221371346       0.0199963221371346                        0
       252                        0         0.01992013940212                        0       0.0199948223579163       0.0199948223579163                        0
       261                        0       0.0199154577869544                        0       0.0199799628919648       0.0199799628919648                        0
       270                        0       0.0199166379585315                        0       0.0199760676244438       0.0199760676244438                        0
       279                        0       0.0199192167591408                        0       0.0199729258227557       0.0199729258227557                        0
       288                        0       0.0199155911843589                        0       0.0199630244582116       0.0199630244582116                        0
       297                        0       0.0199182212666042                        0       0.0199630026403784       0.0199630026403784                        0
       306                        0       0.0199181637055243                        0       0.0199584090894286       0.0199584090894286                        0
       315                        0       0.0199163236777246                        0       0.0199529693315164       0.0199529693315164                        0
       324                        0       0.0199187481228521                        0       0.0199536071246564       0.0199536071246564                        0
       333                        0       0.0199174727867074                        0       0.0199487716420605       0.0199487716420605                        0
       342                        0       0.0199171702123055                        0       0.0199465675118811       0.0199465675118811                        0
       351                        0       0.0199186412507126                        0       0.0199464368491969       0.0199464368491969                        0
       360                        0       0.0199172219478561                        0       0.0199424023538105       0.0199424023538105                        0
       369                        0       0.0199178217082019                        0       0.0199420131721617       0.0199420131721617                        0
       378                        0       0.0199182987269225                        0       0.0199409084126606       0.0199409084126606                        0
       387                        0       0.0199172994181815                        0       0.0199381599245874       0.0199381599245874                        0
       396                        0       0.0199181701743572                        0       0.0199384006566829       0.0199384006566829                        0
       405                        0       0.0199179750872577                        0       0.0199367162528806       0.0199367162528806                        0
       414                        0       0.0199175385231201                        0       0.0199352204466862       0.0199352204466862                        0
       423                        0       0.0199182567043163                        0       0.0199353573326897       0.0199353573326897                        0
       432                        0       0.0199177808088183                        0       0.0199336091447271       0.0199336091447271                        0
       441                        0       0.0199177948991066                        0       0.0199330215170497       0.0199330215170497                        0
       450                        0       0.0199181879247773                        0        0.019932773020201        0.019932773020201                        0
       459                        0       0.0199177266027147                        0       0.0199313352166986       0.0199313352166986                        0
       468                        0       0.0199179821355287                        0         0.01993122384663         0.01993122384663                        0
       477                        0       0.0199180680501175                        0       0.0199306256557897       0.0199306256557897                        0
       486                        0        0.019917771433726                        0       0.0199296521401905       0.0199296521401905                        0
       495                        0       0.0199180745408814                        0       0.0199296602094595       0.0199296602094595                        0
       504                        0       0.0199179660056751                        0        0.019928893768286        0.019928893768286                        0
       513                        0       0.0199178601381072                        0       0.0199283533001652       0.0199283533001652                        0
       522                        0       0.0199180887063908                        0       0.0199282731276647       0.0199282731276647                        0
       531                        0       0.0199179110748065                        0       0.0199275288394738       0.0199275288394738                        0
       540                        0       0.0199179472684699                        0       0.0199272871678122       0.0199272871678122                        0
       549                        0       0.0199180587918401                        0       0.0199270568691353       0.0199270568691353                        0
       558                        0       0.0199179030287507                        0       0.0199264594961971       0.0199264594961971                        0
       567                        0       0.0199180074468989                        0       0.0199263612949284       0.0199263612949284                        0
       576                        0       0.0199180172022478                        0       0.0199260166980069       0.0199260166980069                        0
       585                        0       0.0199179261073613                        0        0.019925607448228        0.019925607448228                        0
       594                        0       0.0199180349122142                        0       0.0199255319886382       0.0199255319886382                        0
       603                        0       0.0199179849532167                        0       0.0199251483942057       0.0199251483942057                        0
       612                        0       0.0199179610789838                        0       0.0199249031931973       0.0199249031931973                        0
       621                        0       0.0199180368494405                        0       0.0199247864727217       0.0199247864727217                        0
       630                        0       0.0199179702504794                        0       0.0199244335807969       0.0199244335807969                        0
       639                        0       0.0199179929482992                        0       0.0199242955728985       0.0199242955728985                        0
       648                        0       0.0199180253568712                        0       0.0199241252729107       0.0199241252729107                        0
       657                        0       0.0199179717364009                        0       0.0199238440374474       0.0199238440374474                        0
       666                        0       0.0199180139884901                        0       0.0199237537778359       0.0199237537778359                        0
       675                        0       0.0199180113665692                        0        0.019923549807905        0.019923549807905                        0
       684                        0       0.0199179832072096                        0       0.0199233490368933       0.0199233490368933                        0
       693                        0       0.0199180231473292                        0       0.0199232635263886       0.0199232635263886                        0
       702                        0       0.0199180016644518                        0       0.0199230564722696       0.0199230564722696                        0
       711                        0        0.019917997732771                        0       0.0199229217204699       0.0199229217204699                        0
