#square and square, nu_xymn_1
#MM NN: 5 5
#quadrature order: 16
#numpanels            c*(gradu.n)^2                      BEM        0.5*(gradu)^2 ex.       Boundary Formula 1       Boundary Formula 2
        18                        0       -0.244931912122549                        0       -0.240847279862271       -0.240847279862271                        0
        27                        0       -0.241836260466172                        0       -0.254560193635308       -0.254560193635308                        0
        36                        0       -0.258850305964657                        0       -0.242167720846651       -0.242167720846651                        0
        45                        0        -0.24475458347702                        0       -0.208914327237945       -0.208914327237945                        0
        54                        0       -0.284955287586953                        0       -0.277611222151117       -0.277611222151117                        0
        63                        0       -0.290598802010988                        0        -0.24523202538375        -0.24523202538375                        0
        72                        0       -0.304594116465808                        0       -0.289317886468532       -0.289317886468532                        0
        81                        0       -0.296145099985732                        0        -0.29252087461617        -0.29252087461617                        0
        90                        0       -0.306353846325211                        0       -0.280072893182777       -0.280072893182777                        0
        99                        0        -0.30567703898877                        0       -0.311222604039237       -0.311222604039237                        0
       108                        0       -0.303030470713179                        0       -0.297440956843877       -0.297440956843877                        0
       117                        0       -0.309323944831734                        0       -0.299093599064134       -0.299093599064134                        0
       126                        0        -0.30537303059281                        0       -0.314547547823811       -0.314547547823811                        0
       135                        0       -0.306810442678298                        0       -0.302579133648538       -0.302579133648538                        0
       144                        0       -0.309326169651711                        0       -0.308040945548036       -0.308040945548036                        0
       153                        0       -0.306295421093562                        0       -0.313742203160229       -0.313742203160229                        0
       162                        0       -0.308512765721859                        0        -0.30562336918783        -0.30562336918783                        0
       171                        0       -0.308748019466681                        0       -0.312466634689885       -0.312466634689885                        0
       180                        0       -0.307332721617845                        0       -0.311961513736275       -0.311961513736275                        0
       189                        0       -0.309142550643745                        0       -0.307609219286517       -0.307609219286517                        0
       198                        0       -0.308356777680051                        0       -0.313997731322529       -0.313997731322529                        0
       207                        0       -0.308145774093111                        0       -0.310428091237779       -0.310428091237779                        0
       216                        0       -0.309233294210423                        0       -0.309155981827753       -0.309155981827753                        0
       225                        0       -0.308296129916678                        0       -0.313685970615788       -0.313685970615788                        0
       234                        0       -0.308683159457107                        0       -0.309428911009139       -0.309428911009139                        0
       243                        0       -0.309099529841667                        0       -0.310434289717008       -0.310434289717008                        0
       252                        0       -0.308435995642439                        0       -0.312517370634091       -0.312517370634091                        0
       261                        0       -0.308978179943823                        0       -0.309001334268409       -0.309001334268409                        0
       270                        0       -0.308938856907981                        0       -0.311294473325219       -0.311294473325219                        0
       279                        0       -0.308639218752041                        0       -0.311219009542291       -0.311219009542291                        0
       288                        0       -0.309092530097154                        0       -0.309057552698807       -0.309057552698807                        0
       297                        0       -0.308846839267163                        0       -0.311570925986598       -0.311570925986598                        0
       306                        0        -0.30882623935985                        0       -0.310161247964021       -0.310161247964021                        0
       315                        0       -0.309096134692867                        0       -0.309424806501207       -0.309424806501207                        0
       324                        0       -0.308834762754456                        0       -0.311318112735136       -0.311318112735136                        0
       333                        0       -0.308961983471547                        0       -0.309480484912818       -0.309480484912818                        0
       342                        0       -0.309053218115808                        0       -0.309876910343749       -0.309876910343749                        0
       351                        0       -0.308874566932187                        0       -0.310766283387795       -0.310766283387795                        0
       360                        0       -0.309039512866691                        0       -0.309177925887978       -0.309177925887978                        0
       369                        0        -0.30900962326139                        0       -0.310203988178673       -0.310203988178673                        0
       378                        0        -0.30893433568877                        0       -0.310156418665165       -0.310156418665165                        0
       387                        0       -0.309068856593967                        0       -0.309173292647301       -0.309173292647301                        0
       396                        0       -0.308986855744349                        0       -0.310296283445044       -0.310296283445044                        0
       405                        0       -0.308991314516521                        0        -0.30965246944193        -0.30965246944193                        0
       414                        0       -0.309068032409951                        0       -0.309340043264158       -0.309340043264158                        0
       423                        0       -0.308986900652625                        0       -0.310168491820277       -0.310168491820277                        0
       432                        0       -0.309033474022266                        0       -0.309330146020641       -0.309330146020641                        0
       441                        0       -0.309055219107004                        0        -0.30954329206764        -0.30954329206764                        0
       450                        0       -0.309002197370155                        0       -0.309911676155911       -0.309911676155911                        0
       459                        0       -0.309057692873874                        0       -0.309193847978306       -0.309193847978306                        0
       468                        0       -0.309043300559355                        0       -0.309680920070906       -0.309680920070906                        0
       477                        0       -0.309023449369321                        0       -0.309629102067279       -0.309629102067279                        0
       486                        0       -0.309066906921292                        0       -0.309199667865465       -0.309199667865465                        0
       495                        0       -0.309038164305723                        0       -0.309709285613104       -0.309709285613104                        0
       504                        0       -0.309043445233757                        0       -0.309396789362777       -0.309396789362777                        0
       513                        0       -0.309066898721417                        0       -0.309280342278902       -0.309280342278902                        0
       522                        0       -0.309040207211842                        0       -0.309639823511301       -0.309639823511301                        0
       531                        0       -0.309058214435917                        0       -0.309251171160888       -0.309251171160888                        0
       540                        0       -0.309063443782919                        0       -0.309370274907641       -0.309370274907641                        0
       549                        0       -0.309046998628581                        0       -0.309514890608225       -0.309514890608225                        0
       558                        0       -0.309066795094074                        0       -0.309192975485849       -0.309192975485849                        0
       567                        0       -0.309060540471063                        0       -0.309424911875543       -0.309424911875543                        0
       576                        0       -0.309055481979456                        0       -0.309381425318943       -0.309381425318943                        0
       585                        0        -0.30907030411497                        0       -0.309198812801732       -0.309198812801732                        0
       594                        0       -0.309059962246372                        0       -0.309428306578515       -0.309428306578515                        0
       603                        0       -0.309063238708967                        0       -0.309273871572191       -0.309273871572191                        0
       612                        0       -0.309070776696112                        0       -0.309235428261516       -0.309235428261516                        0
       621                        0       -0.309061750767085                        0       -0.309388389132943       -0.309388389132943                        0
       630                        0       -0.309068961668506                        0       -0.309207968834601       -0.309207968834601                        0
       639                        0       -0.309070175577806                        0       -0.309272653538658       -0.309272653538658                        0
       648                        0       -0.309065035568644                        0       -0.309325540695409       -0.309325540695409                        0
       657                        0       -0.309072401453527                        0       -0.309182459808165       -0.309182459808165                        0
       666                        0       -0.309069823114396                        0       -0.309291661028357       -0.309291661028357                        0
       675                        0        -0.30906874459725                        0       -0.309261224336345       -0.309261224336345                        0
       684                        0          -0.309074023171                        0       -0.309185130293943       -0.309185130293943                        0
       693                        0       -0.309070280662459                        0       -0.309286997865364       -0.309286997865364                        0
       702                        0       -0.309072042322027                        0        -0.30921062005292        -0.30921062005292                        0
       711                        0       -0.309074581760038                        0       -0.309200081554944       -0.309200081554944                        0
