#square and square, nu_xymn_1
#MM NN: 2 3
#quadrature order: 16
#numpanels            c*(gradu.n)^2                      BEM        0.5*(gradu)^2 ex.       Boundary Formula 1       Boundary Formula 2
        18                        0        0.757429269258668                        0        0.495918042638698        0.495918042638698                        0
        27                        0        0.777735433925127                        0         0.57229789314449         0.57229789314449                        0
        36                        0        0.777563198401636                        0        0.567710862171916        0.567710862171916                        0
        45                        0        0.800603937623927                        0        0.627624074599423        0.627624074599423                        0
        54                        0        0.787747674987565                        0        0.634714608985219        0.634714608985219                        0
        63                        0        0.807510031397399                        0        0.712893752016378        0.712893752016378                        0
        72                        0        0.801789898273558                        0        0.745422453891494        0.745422453891494                        0
        81                        0        0.806903778900389                        0         0.74389489969832         0.74389489969832                        0
        90                        0        0.810072840728397                        0        0.770764306649747        0.770764306649747                        0
        99                        0        0.807065698506688                        0        0.778121477513899        0.778121477513899                        0
       108                        0        0.810558833210984                        0        0.782387813410044        0.782387813410044                        0
       117                        0        0.810598016238558                        0          0.7950818954981          0.7950818954981                        0
       126                        0        0.809792884251903                        0        0.797294103554302        0.797294103554302                        0
       135                        0        0.811529658136977                        0        0.798941521454835        0.798941521454835                        0
       144                        0        0.810817269240373                        0        0.806268740192248        0.806268740192248                        0
       153                        0        0.811091187262233                        0        0.805104708857021        0.805104708857021                        0
       162                        0        0.811824852782983                        0        0.806536468582789        0.806536468582789                        0
       171                        0        0.811111827910758                        0         0.81117642412328         0.81117642412328                        0
       180                        0         0.81167813536125                        0        0.808633114654772        0.808633114654772                        0
       189                        0        0.811877700343852                        0        0.810393256193874        0.810393256193874                        0
       198                        0        0.811454217036088                        0        0.812901877189979        0.812901877189979                        0
       207                        0        0.811944088410089                        0        0.810262451205765        0.810262451205765                        0
       216                        0        0.811862879818374                        0        0.812506541353907        0.812506541353907                        0
       225                        0        0.811742028646291                        0        0.813060974650997        0.813060974650997                        0
       234                        0        0.812056285122912                        0        0.811194643622144        0.811194643622144                        0
       243                        0        0.811869144330169                        0        0.813572016863864        0.813572016863864                        0
       252                        0         0.81193623361268                        0        0.812680440674158        0.812680440674158                        0
       261                        0        0.812089414427781                        0        0.811911292510288        0.811911292510288                        0
       270                        0        0.811917443254355                        0        0.813867661919211        0.813867661919211                        0
       279                        0        0.812051495247043                        0        0.812282497132097        0.812282497132097                        0
       288                        0         0.81208720439776                        0        0.812525420134742        0.812525420134742                        0
       297                        0        0.811987674361258                        0        0.813642161608472        0.813642161608472                        0
       306                        0        0.812112926393085                        0        0.812076885936004        0.812076885936004                        0
       315                        0        0.812079734835466                        0        0.812981895947591        0.812981895947591                        0
       324                        0         0.81205472245333                        0        0.813178308614453        0.813178308614453                        0
       333                        0        0.812140069429563                        0        0.812094175660565        0.812094175660565                        0
       342                        0        0.812082778190183                        0        0.813203736210025        0.813203736210025                        0
       351                        0        0.812105959570024                        0        0.812711456032359        0.812711456032359                        0
       360                        0         0.81214747107172                        0        0.812267894398675        0.812267894398675                        0
       369                        0        0.812098084842785                        0        0.813180698214374        0.813180698214374                        0
       378                        0         0.81213963809016                        0        0.812377750509118        0.812377750509118                        0
       387                        0        0.812146687342624                        0        0.812491745357465        0.812491745357465                        0
       396                        0        0.812119667861026                        0         0.81298234184801         0.81298234184801                        0
       405                        0        0.812158746123822                        0        0.812218446442319        0.812218446442319                        0
       414                        0        0.812145828942852                        0        0.812667281382559        0.812667281382559                        0
       423                        0        0.812140931199882                        0        0.812715297044133        0.812715297044133                        0
       432                        0        0.812167558938639                        0        0.812208255540069        0.812208255540069                        0
       441                        0        0.812148641288855                        0        0.812738180305746        0.812738180305746                        0
       450                        0        0.812158017403172                        0        0.812473155093303        0.812473155093303                        0
       459                        0         0.81217041714567                        0        0.812287047997254        0.812287047997254                        0
       468                        0        0.812155113321612                        0        0.812700928507492        0.812700928507492                        0
       477                        0        0.812169797295033                        0        0.812309764132646        0.812309764132646                        0
       486                        0        0.812171027981947                        0        0.812388491842814        0.812388491842814                        0
       495                        0        0.812163363143011                        0        0.812591189760727        0.812591189760727                        0
       504                        0        0.812176804391315                        0        0.812237041659785        0.812237041659785                        0
       513                        0        0.812171853703264                        0        0.812461978358614        0.812461978358614                        0
       522                        0        0.812171399912512                        0        0.812458417248754        0.812458417248754                        0
       531                        0        0.812180347298026                        0          0.8122365057901          0.8122365057901                        0
       540                        0        0.812173902418865                        0        0.812483872585297        0.812483872585297                        0
       549                        0        0.812177971860428                        0        0.812343915102545        0.812343915102545                        0
       558                        0        0.812181921486673                        0         0.81227522278253         0.81227522278253                        0
       567                        0        0.812177059175285                        0        0.812456652458148        0.812456652458148                        0
       576                        0        0.812182652140748                        0         0.81226994752552         0.81226994752552                        0
       585                        0        0.812182794535967                        0        0.812320462748446        0.812320462748446                        0
       594                        0        0.812180685027125                        0        0.812399252495786        0.812399252495786                        0
       603                        0        0.812185605409595                        0        0.812239310776603        0.812239310776603                        0
       612                        0        0.812183762472888                        0        0.812349629371272        0.812349629371272                        0
       621                        0        0.812184123629274                        0        0.812334886319568        0.812334886319568                        0
       630                        0        0.812187307485959                        0        0.812241207930585        0.812241207930585                        0
       639                        0        0.812185118553898                        0        0.812353925946791        0.812353925946791                        0
       648                        0        0.812186955994665                        0         0.81228172446958         0.81228172446958                        0
       657                        0        0.812188306599089                        0        0.812259201782595        0.812259201782595                        0
       666                        0        0.812186794345023                        0        0.812336390086439        0.812336390086439                        0
       675                        0        0.812189043560312                        0        0.812248673043224        0.812248673043224                        0
       684                        0        0.812189053398108                        0        0.812278168681994        0.812278168681994                        0
       693                        0        0.812188561292975                        0        0.812306690202579        0.812306690202579                        0
       702                        0        0.812190461334166                        0         0.81223571996462         0.81223571996462                        0
       711                        0        0.812189817585839                        0        0.812288514697414        0.812288514697414                        0
