#square and square, nu_xymn_2
#MM NN: 1 1
#quadrature order: 16
#numpanels            c*(gradu.n)^2                      BEM        0.5*(gradu)^2 ex.       Boundary Formula 1       Boundary Formula 2
        18                        0        0.191133642867628                        0        0.212368676399958        0.212368676399958                        0
        27                        0        0.200488117536101                        0        0.238709186154833        0.238709186154833                        0
        36                        0        0.198169115481979                        0        0.220417233982946        0.220417233982946                        0
        45                        0        0.200695012805534                        0        0.246703624612875        0.246703624612875                        0
        54                        0        0.201924747869355                        0        0.215763945370508        0.215763945370508                        0
        63                        0        0.197608117401857                        0        0.215209368087753        0.215209368087753                        0
        72                        0         0.20078778425867                        0        0.227597484820923        0.227597484820923                        0
        81                        0        0.198475018642298                        0        0.203983766881089        0.203983766881089                        0
        90                        0        0.198277609805275                        0        0.210856200563668        0.210856200563668                        0
        99                        0        0.199630304760116                        0        0.211495579144609        0.211495579144609                        0
       108                        0        0.198026360865272                        0        0.200171833045488        0.200171833045488                        0
       117                        0        0.198489390944417                        0        0.207679780767391        0.207679780767391                        0
       126                        0        0.198833920142101                        0        0.203094788453854        0.203094788453854                        0
       135                        0        0.198033256003265                        0        0.199622772302223        0.199622772302223                        0
       144                        0        0.198520791164612                        0        0.205107192320128        0.205107192320128                        0
       153                        0        0.198364380860972                        0        0.199260281125557        0.199260281125557                        0
       162                        0        0.198102606337472                        0        0.199991649253012        0.199991649253012                        0
       171                        0         0.19845509384724                        0         0.20265133008348         0.20265133008348                        0
       180                        0        0.198156104911467                        0        0.197964406070636        0.197964406070636                        0
       189                        0        0.198157585085611                        0        0.200382080813259        0.200382080813259                        0
       198                        0        0.198341206431669                        0        0.200517735129467        0.200517735129467                        0
       207                        0        0.198089147823832                        0        0.197867351221871        0.197867351221871                        0
       216                        0        0.198186385900784                        0        0.200432923359572        0.200432923359572                        0
       225                        0        0.198226549298127                        0        0.199015405459225        0.199015405459225                        0
       234                        0        0.198082300850217                        0        0.198236964455722        0.198236964455722                        0
       243                        0        0.198190154712511                        0        0.200091447883338        0.200091447883338                        0
       252                        0        0.198144842195419                        0        0.198215823723539        0.198215823723539                        0
       261                        0        0.198093782003983                        0        0.198670167827568        0.198670167827568                        0
       270                        0        0.198173673672942                        0        0.199502301579289        0.199502301579289                        0
       279                        0        0.198101179522757                        0        0.197958951885827        0.197958951885827                        0
       288                        0        0.198106005119102                        0        0.198958126930431        0.198958126930431                        0
       297                        0        0.198145946422228                        0        0.198887475413472        0.198887475413472                        0
       306                        0        0.198084461073487                        0        0.198024114704991        0.198024114704991                        0
       315                        0        0.198112752499833                        0        0.199027452521886        0.199027452521886                        0
       324                        0        0.198117931818665                        0        0.198420522224133        0.198420522224133                        0
       333                        0        0.198081877859847                        0        0.198220306716554        0.198220306716554                        0
       342                        0        0.198112594619299                        0        0.198904858401388        0.198904858401388                        0
       351                        0        0.198097047408863                        0        0.198164030807999        0.198164030807999                        0
       360                        0        0.198084573683922                        0        0.198412754816325        0.198412754816325                        0
       369                        0        0.198106706731441                        0        0.198676656127193        0.198676656127193                        0
       378                        0        0.198085014989318                        0        0.198090603174169        0.198090603174169                        0
       387                        0        0.198087738865199                        0        0.198526628353979        0.198526628353979                        0
       396                        0        0.198097914000713                        0        0.198439652180013        0.198439652180013                        0
       405                        0        0.198079894330805                        0        0.198132273344027        0.198132273344027                        0
       414                        0        0.198089228197625                        0        0.198541385440874        0.198541385440874                        0
       423                        0        0.198089271625252                        0        0.198261157500665        0.198261157500665                        0
       432                        0        0.198078793537259                        0        0.198218228843496        0.198218228843496                        0
       441                        0        0.198088502034522                        0        0.198477085112141        0.198477085112141                        0
       450                        0        0.198082726623397                        0        0.198165055944072        0.198165055944072                        0
       459                        0        0.198079340963544                        0         0.19829498245302         0.19829498245302                        0
       468                        0        0.198086027481684                        0        0.198374157922894        0.198374157922894                        0
       477                        0        0.198078769338749                        0        0.198140838056951        0.198140838056951                        0
       486                        0        0.198080044132349                        0        0.198333824879836        0.198333824879836                        0
       495                        0        0.198082770505874                        0        0.198272625647763        0.198272625647763                        0
       504                        0        0.198076915749505                        0        0.198161000780619        0.198161000780619                        0
       513                        0         0.19808017598856                        0        0.198329610066497        0.198329610066497                        0
       522                        0        0.198079674244493                        0        0.198198313167905        0.198198313167905                        0
       531                        0        0.198076348800374                        0        0.198196185484094        0.198196185484094                        0
       540                        0        0.198079571511869                        0        0.198293727732934        0.198293727732934                        0
       549                        0        0.198077309514932                        0        0.198159283110675        0.198159283110675                        0
       558                        0         0.19807633077094                        0         0.19822449034771         0.19822449034771                        0
       567                        0        0.198078422943578                        0        0.198244477385313        0.198244477385313                        0
       576                        0        0.198075814569245                        0        0.198149945587921        0.198149945587921                        0
       585                        0        0.198076362676099                        0        0.198235057069496        0.198235057069496                        0
       594                        0        0.198077070931416                        0        0.198198465475284        0.198198465475284                        0
       603                        0        0.198075034162519                        0        0.198158067249717        0.198158067249717                        0
       612                        0        0.198076197143466                        0        0.198227215820982        0.198227215820982                        0
       621                        0        0.198075824920879                        0         0.19816563628495         0.19816563628495                        0
       630                        0        0.198074700176432                        0        0.198171066424823        0.198171066424823                        0
       639                        0        0.198075787695582                        0        0.198206915737804        0.198206915737804                        0
       648                        0        0.198074863225009                        0        0.198148420324774        0.198148420324774                        0
       657                        0        0.198074560626706                        0        0.198179962661074        0.198179962661074                        0
       666                        0        0.198075212363523                        0        0.198182352119969        0.198182352119969                        0
       675                        0        0.198074222879779                        0        0.198143723113432        0.198143723113432                        0
       684                        0         0.19807444100717                        0        0.198180762123777        0.198180762123777                        0
       693                        0        0.198074593822528                        0        0.198160431399174        0.198160431399174                        0
       702                        0        0.198073845065982                        0        0.198145947295832        0.198145947295832                        0
       711                        0         0.19807425623063                        0        0.198173827767871        0.198173827767871                        0
       720                        0        0.198074037405657                        0        0.198144952112192        0.198144952112192                        0
