#square and square, nu_xymn_2
#MM NN: 2 2
#quadrature order: 16
#numpanels            c*(gradu.n)^2                      BEM        0.5*(gradu)^2 ex.       Boundary Formula 1       Boundary Formula 2
        18                        0       0.0774514701693207                        0       0.0945142859632136       0.0945142859632136                        0
        27                        0       0.0823147835152893                        0        0.105721723125682        0.105721723125682                        0
        36                        0       0.0822355955943665                        0        0.100643370426764        0.100643370426764                        0
        45                        0       0.0825418460628653                        0        0.107199263788851        0.107199263788851                        0
        54                        0       0.0860440782326243                        0        0.101437128484652        0.101437128484652                        0
        63                        0       0.0847806558645927                        0       0.0980647021530658       0.0980647021530658                        0
        72                        0       0.0854292289538943                        0       0.0981523859597736       0.0981523859597736                        0
        81                        0       0.0859881339443506                        0       0.0942070911706428       0.0942070911706428                        0
        90                        0       0.0855613973701272                        0       0.0928240394692418       0.0928240394692418                        0
        99                        0       0.0860247700048187                        0       0.0923262548067425       0.0923262548067425                        0
       108                        0       0.0860370784444155                        0       0.0903009998580349       0.0903009998580349                        0
       117                        0       0.0858621801018626                        0       0.0898612616856413       0.0898612616856413                        0
       126                        0       0.0861751350537644                        0        0.089365321653554        0.089365321653554                        0
       135                        0        0.086043571173133                        0       0.0883363257855714       0.0883363257855714                        0
       144                        0        0.086012513707362                        0       0.0883114443315392       0.0883114443315392                        0
       153                        0       0.0861730951468856                        0       0.0878464505192261       0.0878464505192261                        0
       162                        0       0.0860484281113675                        0       0.0873758825210097       0.0873758825210097                        0
       171                        0        0.086092870132532                        0       0.0874599616661399       0.0874599616661399                        0
       180                        0       0.0861410163285096                        0       0.0870653607474418       0.0870653607474418                        0
       189                        0       0.0860611001319901                        0       0.0869063003727087       0.0869063003727087                        0
       198                        0       0.0861268399981463                        0       0.0869573830025518       0.0869573830025518                        0
       207                        0        0.086113856622441                        0       0.0866638465988032       0.0866638465988032                        0
       216                        0       0.0860786227720506                        0        0.086664995457411        0.086664995457411                        0
       225                        0       0.0861315937482656                        0       0.0866449227110703       0.0866449227110703                        0
       234                        0       0.0860982685147541                        0       0.0864612604802618       0.0864612604802618                        0
       243                        0       0.0860951192796843                        0       0.0865227631643705       0.0865227631643705                        0
       252                        0       0.0861233159275859                        0        0.086449620271108        0.086449620271108                        0
       261                        0       0.0860925513815594                        0       0.0863614968939378       0.0863614968939378                        0
       270                        0       0.0861061938611596                        0       0.0864219064855384       0.0864219064855384                        0
       279                        0       0.0861126952597647                        0       0.0863310601110843       0.0863310601110843                        0
       288                        0       0.0860931914428171                        0       0.0863111760523014       0.0863111760523014                        0
       297                        0       0.0861106497616838                        0       0.0863418577190901       0.0863418577190901                        0
       306                        0       0.0861044763138776                        0       0.0862628591427884       0.0862628591427884                        0
       315                        0       0.0860967415215919                        0       0.0862807788659262       0.0862807788659262                        0
       324                        0       0.0861100763027129                        0       0.0862782781858093       0.0862782781858093                        0
       333                        0       0.0860997842963107                        0        0.086226216547735        0.086226216547735                        0
       342                        0       0.0861005242415226                        0       0.0862556850816424       0.0862556850816424                        0
       351                        0       0.0861070768919848                        0       0.0862309088398857       0.0862309088398857                        0
       360                        0       0.0860981000365203                        0       0.0862073790221818       0.0862073790221818                        0
       369                        0       0.0861029988118787                        0       0.0862308534031446       0.0862308534031446                        0
       378                        0       0.0861037523239367                        0       0.0861985875798344       0.0861985875798344                        0
       387                        0       0.0860983434951383                        0       0.0861966777060081       0.0861966777060081                        0
       396                        0       0.0861037807322483                        0       0.0862065724886333       0.0862065724886333                        0
       405                        0        0.086101219545601                        0       0.0861785144527502       0.0861785144527502                        0
       414                        0       0.0860994172213513                        0        0.086188125407382        0.086188125407382                        0
       423                        0       0.0861032780651074                        0       0.0861849567549671       0.0861849567549671                        0
       432                        0       0.0860997913273678                        0       0.0861670059229005       0.0861670059229005                        0
       441                        0       0.0861004914804699                        0       0.0861789413622664       0.0861789413622664                        0
       450                        0       0.0861021718009778                        0       0.0861677187420229       0.0861677187420229                        0
       459                        0       0.0860993103316937                        0       0.0861604241303277       0.0861604241303277                        0
       468                        0       0.0861011244485101                        0       0.0861687172960658       0.0861687172960658                        0
       477                        0       0.0861010346844361                        0       0.0861553492111364       0.0861553492111364                        0
       486                        0       0.0860994247145827                        0       0.0861558724557606       0.0861558724557606                        0
       495                        0       0.0861012337379732                        0       0.0861583251862336       0.0861583251862336                        0
       504                        0       0.0861001875074073                        0       0.0861472356711795       0.0861472356711795                        0
       513                        0       0.0860997732214129                        0       0.0861515451618588       0.0861515451618588                        0
       522                        0        0.086100963248547                        0       0.0861489092935042       0.0861489092935042                        0
       531                        0       0.0860997189422523                        0       0.0861421547010685       0.0861421547010685                        0
       540                        0       0.0861000913263537                        0       0.0861467194530032       0.0861467194530032                        0
       549                        0       0.0861005285613811                        0       0.0861412523768944       0.0861412523768944                        0
       558                        0       0.0860995680465258                        0       0.0861387816301761       0.0861387816301761                        0
       567                        0       0.0861002486518637                        0       0.0861414689359843       0.0861414689359843                        0
       576                        0       0.0861001088403741                        0       0.0861355702662382       0.0861355702662382                        0
       585                        0       0.0860996096428273                        0       0.0861360553518072       0.0861360553518072                        0
       594                        0        0.086100231493591                        0        0.086136255786266        0.086136255786266                        0
       603                        0       0.0860998035017997                        0       0.0861316053727563       0.0861316053727563                        0
       612                        0       0.0860997188017849                        0       0.0861333475488694       0.0861333475488694                        0
       621                        0       0.0861000951850285                        0       0.0861315690821479       0.0861315690821479                        0
       630                        0       0.0860996361575166                        0       0.0861288483190646       0.0861288483190646                        0
       639                        0       0.0860998078184136                        0       0.0861304522535193       0.0861304522535193                        0
       648                        0       0.0860999142439537                        0       0.0861277102165645       0.0861277102165645                        0
       657                        0       0.0860995804969009                        0       0.0861267598722151       0.0861267598722151                        0
       666                        0        0.086099837005327                        0       0.0861274566618079       0.0861274566618079                        0
       675                        0       0.0860997485773475                        0       0.0861247360766822       0.0861247360766822                        0
       684                        0       0.0860995895880381                        0       0.0861249240251869       0.0861249240251869                        0
       693                        0       0.0860998062439803                        0       0.0861245731702441       0.0861245731702441                        0
       702                        0       0.0860996299729614                        0       0.0861225114883894       0.0861225114883894                        0
       711                        0       0.0860996186784234                        0        0.086123110932511        0.086123110932511                        0
       720                        0       0.0860997374980337                        0       0.0861220001362648       0.0861220001362648                        0
       729                        0        0.086099563824615                        0       0.0861208074830788       0.0861208074830788                        0
       738                        0       0.0860996378077929                        0       0.0861212622126283       0.0861212622126283                        0
       747                        0       0.0860996577201614                        0       0.0861198454002835       0.0861198454002835                        0
       756                        0       0.0860995384453668                        0       0.0861193949703058       0.0861193949703058                        0
       765                        0       0.0860996346915864                        0       0.0861194303660947       0.0861194303660947                        0
       774                        0       0.0860995876325563                        0       0.0861181123910049       0.0861181123910049                        0
       783                        0       0.0860995356881766                        0        0.086118105671532        0.086118105671532                        0
       792                        0       0.0860996109007348                        0       0.0861177078152716       0.0861177078152716                        0
