#square and square, nu_xymn_1
#MM NN: 4 3
#quadrature order: 16
#numpanels            c*(gradu.n)^2                      BEM        0.5*(gradu)^2 ex.       Boundary Formula 1       Boundary Formula 2
        18                        0       0.0600382156168978                        0       0.0212036331492509       0.0212036331492509                        0
        27                        0       0.0386465172512392                        0        0.079692575913919        0.079692575913919                        0
        36                        0       0.0336032458539975                        0       0.0598580037910112       0.0598580037910112                        0
        45                        0       0.0562794641027557                        0        0.154014075330792        0.154014075330792                        0
        54                        0     0.000755980053483929                        0       0.0508010220584051       0.0508010220584051                        0
        63                        0       0.0345299515757412                        0       0.0766100251018401       0.0766100251018401                        0
        72                        0       0.0166372810467016                        0       0.0859194819791105       0.0859194819791105                        0
        81                        0       0.0218429673386948                        0       0.0369640187796007       0.0369640187796007                        0
        90                        0         0.02866643261516                        0       0.0604578935258156       0.0604578935258156                        0
        99                        0       0.0196481497249744                        0       0.0512029179375586       0.0512029179375586                        0
       108                        0       0.0260264703316101                        0       0.0363662026704709       0.0363662026704709                        0
       117                        0       0.0263494257540721                        0       0.0478013360806154       0.0478013360806154                        0
       126                        0       0.0231503474810419                        0       0.0394441184138934       0.0394441184138934                        0
       135                        0        0.027056206487738                        0       0.0331384632963303       0.0331384632963303                        0
       144                        0       0.0254449755432501                        0       0.0413379849694204       0.0413379849694204                        0
       153                        0       0.0253327647237357                        0       0.0325336955999632       0.0325336955999632                        0
       162                        0       0.0272485435469045                        0       0.0312642588135684       0.0312642588135684                        0
       171                        0       0.0254606226428578                        0       0.0372038159179592       0.0372038159179592                        0
       180                        0       0.0264595891224188                        0       0.0289791638101381       0.0289791638101381                        0
       189                        0       0.0271117811995261                        0       0.0307110328377506       0.0307110328377506                        0
       198                        0       0.0259304095260392                        0       0.0338909147638687       0.0338909147638687                        0
       207                        0         0.02700783435395                        0        0.027193767573543        0.027193767573543                        0
       216                        0       0.0269133494972567                        0       0.0308619841737153       0.0308619841737153                        0
       225                        0       0.0264576335995465                        0       0.0309464313861809       0.0309464313861809                        0
       234                        0       0.0272359798649352                        0       0.0266388726859825       0.0266388726859825                        0
       243                        0         0.02681477745551                        0       0.0309630846002909       0.0309630846002909                        0
       252                        0       0.0268611311619699                        0       0.0286403139033198       0.0286403139033198                        0
       261                        0       0.0272842847521881                        0       0.0269051023506278       0.0269051023506278                        0
       270                        0       0.0268511568630822                        0       0.0305530828333355       0.0305530828333355                        0
       279                        0        0.027118977191514                        0       0.0271375549187712       0.0271375549187712                        0
       288                        0       0.0272497055603182                        0       0.0275705971030025       0.0275705971030025                        0
       297                        0       0.0269698372959663                        0       0.0296313263122289       0.0296313263122289                        0
       306                        0       0.0272608754597511                        0        0.026423085316037        0.026423085316037                        0
       315                        0       0.0272042372723413                        0       0.0282190433644008       0.0282190433644008                        0
       324                        0       0.0271047268272137                        0       0.0285085585154143       0.0285085585154143                        0
       333                        0       0.0273215340581745                        0       0.0263447566962529       0.0263447566962529                        0
       342                        0        0.027187476085128                        0        0.028551434409507        0.028551434409507                        0
       351                        0       0.0272168653070067                        0       0.0275201305579735       0.0275201305579735                        0
       360                        0       0.0273328650236534                        0       0.0266667058893591       0.0266667058893591                        0
       369                        0       0.0272055918014566                        0       0.0284766021067997       0.0284766021067997                        0
       378                        0       0.0272940101851755                        0       0.0268654485600828       0.0268654485600828                        0
       387                        0       0.0273229591524288                        0       0.0271282957678424       0.0271282957678424                        0
       396                        0       0.0272450522273012                        0       0.0280965744548422       0.0280965744548422                        0
       405                        0       0.0273382096248274                        0       0.0265883901428161       0.0265883901428161                        0
       414                        0       0.0273124772964235                        0       0.0275112713039291       0.0275112713039291                        0
       423                        0       0.0272891899785301                        0       0.0276031229700877       0.0276031229700877                        0
       432                        0        0.027357448929255                        0        0.026618909511035        0.026618909511035                        0
       441                        0       0.0273116083320344                        0       0.0276937996923356       0.0276937996923356                        0
       450                        0       0.0273268877711964                        0       0.0271701649670766       0.0271701649670766                        0
       459                        0       0.0273616143137737                        0       0.0268279136068554       0.0268279136068554                        0
       468                        0       0.0273211587269392                        0        0.027664562687578        0.027664562687578                        0
       477                        0       0.0273535838118577                        0       0.0268972789793719       0.0268972789793719                        0
       486                        0       0.0273598449558909                        0       0.0270795419458475       0.0270795419458475                        0
       495                        0       0.0273368650284812                        0       0.0274922494999118       0.0274922494999118                        0
       504                        0       0.0273693129279023                        0       0.0268037446516464       0.0268037446516464                        0
       513                        0       0.0273585192174345                        0       0.0272720276989736       0.0272720276989736                        0
       522                        0       0.0273536679874496                        0       0.0272736893623581       0.0272736893623581                        0
       531                        0       0.0273766317660428                        0       0.0268505056815636       0.0268505056815636                        0
       540                        0        0.027360487530716                        0        0.027358464999756        0.027358464999756                        0
       549                        0       0.0273680137444601                        0       0.0270898274150956       0.0270898274150956                        0
       558                        0       0.0273789995543944                        0       0.0269711782785589       0.0269711782785589                        0
       567                        0       0.0273657334403789                        0        0.027344212711574        0.027344212711574                        0
       576                        0       0.0273783439556194                        0       0.0269840435629652       0.0269840435629652                        0
       585                        0       0.0273795565709833                        0       0.0271006451936979       0.0271006451936979                        0
       594                        0        0.027372771462275                        0       0.0272672851424845       0.0272672851424845                        0
       603                        0       0.0273846907457861                        0       0.0269613449028025       0.0269613449028025                        0
       612                        0       0.0273803811393474                        0       0.0271943794899602       0.0271943794899602                        0
       621                        0       0.0273799098961843                        0       0.0271740264479356       0.0271740264479356                        0
       630                        0       0.0273880231296785                        0       0.0270000474863743       0.0270000474863743                        0
       639                        0       0.0273823212350076                        0       0.0272354355699308       0.0272354355699308                        0
       648                        0       0.0273859556432292                        0       0.0271006147205376       0.0271006147205376                        0
       657                        0       0.0273896220879767                        0       0.0270675334163094       0.0270675334163094                        0
       666                        0       0.0273852880516852                        0        0.027230359767082        0.027230359767082                        0
       675                        0       0.0273904016538564                        0       0.0270647559374316       0.0270647559374316                        0
       684                        0       0.0273906072792006                        0       0.0271339867211825       0.0271339867211825                        0
       693                        0       0.0273887342406719                        0       0.0271987630431584       0.0271987630431584                        0
