#square and square, nu_xymn_1
#MM NN: 3 3
#quadrature order: 16
#numpanels            c*(gradu.n)^2                      BEM        0.5*(gradu)^2 ex.       Boundary Formula 1       Boundary Formula 2
        18                        0        0.574459846811341                        0        0.370610806596415        0.370610806596415                        0
        27                        0        0.580050228374802                        0        0.449004189293797        0.449004189293797                        0
        36                        0        0.577680851042515                        0        0.437930997810068        0.437930997810068                        0
        45                        0          0.6035137940961                        0        0.518290052332027        0.518290052332027                        0
        54                        0        0.569888737731309                        0        0.482330004997683        0.482330004997683                        0
        63                        0        0.595026243742189                        0        0.547275687731029        0.547275687731029                        0
        72                        0        0.583191442445411                        0        0.572896182752319        0.572896182752319                        0
        81                        0        0.588279501555038                        0        0.552002358441121        0.552002358441121                        0
        90                        0        0.592777072332037                        0        0.579699348568615        0.579699348568615                        0
        99                        0        0.586891152012626                        0         0.58063947683587         0.58063947683587                        0
       108                        0        0.591660983284303                        0        0.577405925570351        0.577405925570351                        0
       117                        0        0.591678142548312                        0        0.590474714449365        0.590474714449365                        0
       126                        0        0.589777978788249                        0        0.588435529031613        0.588435529031613                        0
       135                        0        0.592456754481475                        0        0.586869344439675        0.586869344439675                        0
       144                        0        0.591273473987861                        0        0.595063989131021        0.595063989131021                        0
       153                        0        0.591391676573298                        0         0.59061185058171         0.59061185058171                        0
       162                        0         0.59262635357236                        0        0.590981478327852        0.590981478327852                        0
       171                        0        0.591402184766736                        0        0.596498049840779        0.596498049840779                        0
       180                        0        0.592178834688497                        0        0.591369186088543        0.591369186088543                        0
       189                        0         0.59255971028445                        0        0.593218057368285        0.593218057368285                        0
       198                        0        0.591788647270625                        0        0.596196534608423        0.596196534608423                        0
       207                        0        0.592548646162949                        0        0.591635480751248        0.591635480751248                        0
       216                        0         0.59244656720216                        0        0.594629055539491        0.594629055539491                        0
       225                        0        0.592178350486192                        0        0.595029310045614        0.595029310045614                        0
       234                        0        0.592700286208571                        0         0.59197647014531         0.59197647014531                        0
       243                        0        0.592398892609797                        0        0.595345768606268        0.595345768606268                        0
       252                        0          0.5924622294789                        0        0.593782625168658        0.593782625168658                        0
       261                        0        0.592733057242173                        0        0.592533363653087        0.592533363653087                        0
       270                        0        0.592439488919533                        0         0.59534975658472         0.59534975658472                        0
       279                        0        0.592637735790788                        0        0.592867971764301        0.592867971764301                        0
       288                        0        0.592712127673723                        0        0.593199434857382        0.593199434857382                        0
       297                        0        0.592530816038927                        0        0.594800023117338        0.594800023117338                        0
       306                        0        0.592732287048759                        0        0.592416105411829        0.592416105411829                        0
       315                        0        0.592685270101089                        0        0.593760286565514        0.593760286565514                        0
       324                        0        0.592627865194283                        0        0.594011327054293        0.594011327054293                        0
       333                        0        0.592772264010784                        0        0.592382365015388        0.592382365015388                        0
       342                        0        0.592678324991472                        0        0.594037231141571        0.594037231141571                        0
       351                        0        0.592705771714622                        0        0.593278870289716        0.593278870289716                        0
       360                        0        0.592779869492877                        0        0.592623022726619        0.592623022726619                        0
       369                        0        0.592694488864508                        0        0.593983670808076        0.593983670808076                        0
       378                        0        0.592758166611514                        0        0.592775920898056        0.592775920898056                        0
       387                        0        0.592773948556853                        0        0.592957723895576        0.592957723895576                        0
       396                        0        0.592723941965762                        0         0.59368745083346         0.59368745083346                        0
       405                        0        0.592787773925616                        0        0.592547998085961        0.592547998085961                        0
       414                        0         0.59276814250204                        0        0.593229166654103        0.593229166654103                        0
       423                        0        0.592755315339334                        0        0.593299039152112        0.593299039152112                        0
       432                        0        0.592800620335077                        0        0.592548868198108        0.592548868198108                        0
       441                        0        0.592768975046941                        0        0.593348462944286        0.593348462944286                        0
       450                        0        0.592781424973662                        0         0.59295307720043         0.59295307720043                        0
       459                        0        0.592803563756201                        0        0.592684460487261        0.592684460487261                        0
       468                        0        0.592776672798386                        0        0.593308143768886        0.593308143768886                        0
       477                        0         0.59279962682322                        0        0.592726878484595        0.592726878484595                        0
       486                        0        0.592802749937376                        0        0.592853733100176        0.592853733100176                        0
       495                        0        0.592788175767767                        0        0.593160352093868        0.593160352093868                        0
       504                        0           0.592810274326                        0        0.592636386048114        0.592636386048114                        0
       513                        0        0.592802380569695                        0        0.592980335541122        0.592980335541122                        0
       522                        0        0.592800053989174                        0        0.592978271779579        0.592978271779579                        0
       531                        0        0.592815267880196                        0        0.592652963043753        0.592652963043753                        0
       540                        0          0.5928042567396                        0        0.593028787949363        0.593028787949363                        0
       549                        0         0.59281000442609                        0        0.592823112228143        0.592823112228143                        0
       558                        0        0.592817000766906                        0        0.592726931200592        0.592726931200592                        0
       567                        0        0.592808268196605                        0        0.593002842465265        0.593002842465265                        0
       576                        0        0.592817098459904                        0        0.592727772327658        0.592727772327658                        0
       585                        0        0.592817585166166                        0        0.592809261065022        0.592809261065022                        0
       594                        0        0.592813363773024                        0        0.592930877677336        0.592930877677336                        0
       603                        0        0.592821454098545                        0        0.592696190522795        0.592696190522795                        0
       612                        0        0.592818386908816                        0        0.592866256348389        0.592866256348389                        0
       621                        0        0.592818404049789                        0        0.592847635149353        0.592847635149353                        0
       630                        0        0.592823779446579                        0        0.592712115025215        0.592712115025215                        0
       639                        0        0.592819936212281                        0        0.592884923172878        0.592884923172878                        0
       648                        0        0.592822616757686                        0        0.592780283172295        0.592780283172295                        0
       657                        0        0.592824957915971                        0        0.592750968476239        0.592750968476239                        0
       666                        0        0.592822142067422                        0        0.592869963030662        0.592869963030662                        0
       675                        0        0.592825699461116                        0        0.592742127743487        0.592742127743487                        0
       684                        0        0.592825741900949                        0        0.592790210762323        0.592790210762323                        0
       693                        0        0.592824622169917                        0        0.592835959904987        0.592835959904987                        0
       702                        0          0.5928277255386                        0        0.592733151952239        0.592733151952239                        0
       711                        0        0.592826594544075                        0        0.592815608001331        0.592815608001331                        0
       720                        0        0.592826978921761                        0        0.592799025530332        0.592799025530332                        0
