#square and square, nu_xymn_1
#MM NN: 2 4
#quadrature order: 16
#numpanels            c*(gradu.n)^2                      BEM        0.5*(gradu)^2 ex.       Boundary Formula 1       Boundary Formula 2
        18                        0       0.0482165998671594                        0       0.0362725065550469       0.0362725065550469                        0
        27                        0       0.0487720543910048                        0       0.0404237595567384       0.0404237595567384                        0
        36                        0        0.048442489015766                        0       0.0396081528503079       0.0396081528503079                        0
        45                        0       0.0496645595708011                        0        0.041071921105373        0.041071921105373                        0
        54                        0       0.0477398175457201                        0       0.0426663282394467       0.0426663282394467                        0
        63                        0       0.0473002154929346                        0       0.0442719307804215       0.0442719307804215                        0
        72                        0        0.047506897023409                        0       0.0450872618176586       0.0450872618176586                        0
        81                        0       0.0468836447145943                        0       0.0455531222544018       0.0455531222544018                        0
        90                        0       0.0469653043101308                        0        0.045662388097074        0.045662388097074                        0
        99                        0       0.0469615244873578                        0       0.0459867323390992       0.0459867323390992                        0
       108                        0       0.0467328520369299                        0       0.0462302918079791       0.0462302918079791                        0
       117                        0       0.0468344322157517                        0       0.0462256547956142       0.0462256547956142                        0
       126                        0       0.0467707490902973                        0       0.0464673655787787       0.0464673655787787                        0
       135                        0       0.0466999467201138                        0       0.0464972395918211       0.0464972395918211                        0
       144                        0       0.0467652663843625                        0       0.0464901311849858       0.0464901311849858                        0
       153                        0       0.0467022551680393                        0        0.046647534261821        0.046647534261821                        0
       162                        0       0.0466940085584286                        0       0.0466002453313698       0.0466002453313698                        0
       171                        0       0.0467221738885309                        0       0.0466296026214154       0.0466296026214154                        0
       180                        0       0.0466777321299469                        0         0.04670661426411         0.04670661426411                        0
       189                        0       0.0466916953734143                        0       0.0466459775107802       0.0466459775107802                        0
       198                        0       0.0466952192584742                        0       0.0467004627866911       0.0467004627866911                        0
       207                        0       0.0466705640508014                        0       0.0467149406723993       0.0467149406723993                        0
       216                        0       0.0466876283632646                        0       0.0466726381863765       0.0466726381863765                        0
       225                        0        0.046679469705352                        0       0.0467283359192576       0.0467283359192576                        0
       234                        0       0.0466699117242607                        0       0.0467068405244264       0.0467068405244264                        0
       243                        0       0.0466819855614558                        0       0.0466921082388282       0.0466921082388282                        0
       252                        0       0.0466711756038019                        0       0.0467309538611283       0.0467309538611283                        0
       261                        0       0.0466707993073568                        0       0.0466975340760638       0.0466975340760638                        0
       270                        0       0.0466762630550639                        0       0.0467055783047564       0.0467055783047564                        0
       279                        0       0.0466674903740295                        0       0.0467216102880722       0.0467216102880722                        0
       288                        0        0.046671166172126                        0       0.0466924537022452       0.0466924537022452                        0
       297                        0       0.0466715811260358                        0       0.0467118764236771       0.0467118764236771                        0
       306                        0       0.0466663637102707                        0       0.0467090125412903       0.0467090125412903                        0
       315                        0       0.0466705602719666                        0       0.0466918458226726       0.0466918458226726                        0
       324                        0       0.0466683318761856                        0       0.0467113332005781       0.0467113332005781                        0
       333                        0       0.0466663608803163                        0       0.0466979881373251       0.0466979881373251                        0
       342                        0       0.0466692864901964                        0       0.0466935810178078       0.0466935810178078                        0
       351                        0       0.0466664080075927                        0        0.046706082283352        0.046706082283352                        0
       360                        0       0.0466665867675972                        0       0.0466905202830887       0.0466905202830887                        0
       369                        0       0.0466678268339906                        0       0.0466951736010844       0.0466951736010844                        0
       378                        0       0.0466654790506238                        0       0.0466988124022214       0.0466988124022214                        0
       387                        0       0.0466666152947028                        0       0.0466866653530197       0.0466866653530197                        0
       396                        0       0.0466665409462863                        0       0.0466950587049233       0.0466950587049233                        0
       405                        0       0.0466651615679284                        0       0.0466917288583223       0.0466917288583223                        0
       414                        0       0.0466663603336467                        0       0.0466853681505428       0.0466853681505428                        0
       423                        0       0.0466655953348367                        0       0.0466929479192569       0.0466929479192569                        0
       432                        0       0.0466651208931248                        0       0.0466861427145193       0.0466861427145193                        0
       441                        0       0.0466659153074893                        0       0.0466852113200557       0.0466852113200557                        0
       450                        0       0.0466650050172301                        0       0.0466894602877682       0.0466894602877682                        0
       459                        0       0.0466651282854167                        0       0.0466824790773514       0.0466824790773514                        0
       468                        0       0.0466654185358989                        0        0.046685014357146        0.046685014357146                        0
       477                        0       0.0466646976502803                        0       0.0466855294120796       0.0466855294120796                        0
       486                        0       0.0466650725389011                        0       0.0466804961592838       0.0466804961592838                        0
       495                        0       0.0466649771977687                        0       0.0466841503566844       0.0466841503566844                        0
       504                        0       0.0466645682834871                        0        0.046681955256062        0.046681955256062                        0
       513                        0       0.0466649341847222                        0       0.0466795937027628       0.0466795937027628                        0
       522                        0       0.0466646446045128                        0       0.0466825477101545       0.0466825477101545                        0
       531                        0       0.0466645193250053                        0       0.0466791953253956       0.0466791953253956                        0
       540                        0       0.0466647435285851                        0       0.0466791187069483       0.0466791187069483                        0
       549                        0       0.0466644272709106                        0       0.0466804880576412       0.0466804880576412                        0
       558                        0        0.046664483280002                        0       0.0466773461781337       0.0466773461781337                        0
       567                        0       0.0466645435113565                        0        0.046678586632742        0.046678586632742                        0
       576                        0       0.0466643023737936                        0       0.0466783616955667       0.0466783616955667                        0
       585                        0       0.0466644279776954                        0       0.0466762388200288       0.0466762388200288                        0
       594                        0       0.0466643676510957                        0       0.0466777717876407       0.0466777717876407                        0
       603                        0       0.0466642356992737                        0       0.0466764879834046       0.0466764879834046                        0
       612                        0       0.0466643489794057                        0       0.0466755798058943       0.0466755798058943                        0
       621                        0       0.0466642324848389                        0       0.0466766779243064       0.0466766779243064                        0
       630                        0       0.0466641955036634                        0       0.0466750323691463       0.0466750323691463                        0
       639                        0       0.0466642568333332                        0       0.0466750825618882       0.0466750825618882                        0
       648                        0       0.0466641391568311                        0       0.0466754427831343       0.0466754427831343                        0
       657                        0       0.0466641601759612                        0       0.0466740050157583       0.0466740050157583                        0
       666                        0       0.0466641656958003                        0       0.0466745516908382       0.0466745516908382                        0
       675                        0       0.0466640790253972                        0       0.0466742356435892       0.0466742356435892                        0
       684                        0       0.0466641197687128                        0       0.0466733091195261       0.0466733091195261                        0
       693                        0       0.0466640863861587                        0       0.0466739082702209       0.0466739082702209                        0
       702                        0       0.0466640398559287                        0       0.0466731852430961       0.0466731852430961                        0
       711                        0       0.0466640733320607                        0        0.046672806005419        0.046672806005419                        0
       720                        0       0.0466640238953771                        0       0.0466731681052687       0.0466731681052687                        0
