#square and square, nu_xymn_2
#MM NN: 5 3
#quadrature order: 16
#numpanels            c*(gradu.n)^2                      BEM        0.5*(gradu)^2 ex.       Boundary Formula 1       Boundary Formula 2
        18                        0        0.123178385185585                        0       0.0835660055504021       0.0835660055504021                        0
        27                        0        0.134660591340277                        0       0.0993080724027577       0.0993080724027577                        0
        36                        0        0.119417406884481                        0       0.0810857456769379       0.0810857456769379                        0
        45                        0        0.127977266294488                        0        0.128688589803701        0.128688589803701                        0
        54                        0        0.117936200179894                        0       0.0870341241461856       0.0870341241461856                        0
        63                        0        0.110738270939671                        0       0.0934058110919335       0.0934058110919335                        0
        72                        0        0.117266610801151                        0        0.127196080858266        0.127196080858266                        0
        81                        0        0.110099030798499                        0       0.0919808758597453       0.0919808758597453                        0
        90                        0        0.110739811758846                        0        0.108612704207575        0.108612704207575                        0
        99                        0        0.113012557341397                        0        0.118168090586249        0.118168090586249                        0
       108                        0        0.109273371858865                        0       0.0992963637280223       0.0992963637280223                        0
       117                        0        0.110656697804589                        0        0.114253669868104        0.114253669868104                        0
       126                        0         0.11087109184135                        0        0.110705544159051        0.110705544159051                        0
       135                        0        0.109377056913801                        0        0.104740089734253        0.104740089734253                        0
       144                        0        0.110460929963357                        0        0.115650295814956        0.115650295814956                        0
       153                        0        0.109884232596477                        0        0.107298251867929        0.107298251867929                        0
       162                        0        0.109555075394711                        0        0.108396171067336        0.108396171067336                        0
       171                        0        0.110205830815362                        0        0.114592146198343        0.114592146198343                        0
       180                        0        0.109527065545928                        0        0.106666465179573        0.106666465179573                        0
       189                        0        0.109665765684939                        0         0.11067931214696         0.11067931214696                        0
       198                        0        0.109937098488228                        0        0.112326918392497        0.112326918392497                        0
       207                        0        0.109450565601749                        0        0.107313030764368        0.107313030764368                        0
       216                        0        0.109705105352359                        0         0.11182557519502         0.11182557519502                        0
       225                        0        0.109711336050347                        0        0.110233623096049        0.110233623096049                        0
       234                        0        0.109473042654009                        0        0.108396397702385        0.108396397702385                        0
       243                        0        0.109693702618017                        0        0.111997334043727        0.111997334043727                        0
       252                        0        0.109568286846228                        0        0.109020375770114        0.109020375770114                        0
       261                        0         0.10951307650522                        0        0.109452364752973        0.109452364752973                        0
       270                        0        0.109651415665214                        0        0.111445523015546        0.111445523015546                        0
       279                        0        0.109502423980127                        0        0.108644218858143        0.108644218858143                        0
       288                        0        0.109541657019133                        0        0.110227912698935        0.110227912698935                        0
       297                        0        0.109596527816081                        0        0.110584477598675        0.110584477598675                        0
       306                        0        0.109485415375975                        0        0.108804894849198        0.108804894849198                        0
       315                        0         0.10955313454778                        0        0.110610196729014        0.110610196729014                        0
       324                        0        0.109546625589241                        0        0.109822424873577        0.109822424873577                        0
       333                        0        0.109490473928158                        0        0.109206793495131        0.109206793495131                        0
       342                        0        0.109550160080953                        0        0.110607853742704        0.110607853742704                        0
       351                        0        0.109512554241261                        0        0.109365988005309        0.109365988005309                        0
       360                        0        0.109500776796988                        0        0.109629197941649        0.109629197941649                        0
       369                        0        0.109537749509872                        0        0.110338861240452        0.110338861240452                        0
       378                        0        0.109495427793702                        0        0.109221688127875        0.109221688127875                        0
       387                        0        0.109508495361075                        0        0.109934797863908        0.109934797863908                        0
       396                        0        0.109521656034754                        0        0.109976912114362        0.109976912114362                        0
       405                        0        0.109490362053438                        0         0.10929472422773         0.10929472422773                        0
       414                        0        0.109511316149278                        0        0.110065749488949        0.110065749488949                        0
       423                        0        0.109507024111979                        0        0.109669301069161        0.109669301069161                        0
       432                        0        0.109491391901425                        0        0.109468562886614        0.109468562886614                        0
       441                        0        0.109509630400753                        0        0.110034267248626        0.110034267248626                        0
       450                        0        0.109496804453382                        0        0.109488287031995        0.109488287031995                        0
       459                        0         0.10949409990625                        0          0.1096460314684          0.1096460314684                        0
       468                        0         0.10950500965626                        0        0.109900730087428        0.109900730087428                        0
       477                        0        0.109491384067291                        0        0.109435632380482        0.109435632380482                        0
       486                        0        0.109496095787385                        0        0.109766013241445        0.109766013241445                        0
       495                        0        0.109499377719461                        0        0.109739666957519        0.109739666957519                        0
       504                        0        0.109489525895693                        0        0.109472613999207        0.109472613999207                        0
       513                        0        0.109496532464053                        0        0.109806586176481        0.109806586176481                        0
       522                        0        0.109494348912057                        0        0.109608626838702        0.109608626838702                        0
       531                        0        0.109489569105224                        0        0.109549100266966        0.109549100266966                        0
       540                        0        0.109495494619407                        0        0.109778471476653        0.109778471476653                        0
       549                        0         0.10949079056688                        0        0.109534102579578        0.109534102579578                        0
       558                        0        0.109490175066418                        0        0.109622619646526        0.109622619646526                        0
       567                        0        0.109493531960713                        0        0.109711182352746        0.109711182352746                        0
       576                        0        0.109488797837433                        0        0.109514652676104        0.109514652676104                        0
       585                        0        0.109490557091109                        0        0.109667585788423        0.109667585788423                        0
       594                        0        0.109491312767879                        0         0.10963699828151         0.10963699828151                        0
       603                        0        0.109487981180191                        0        0.109532418018582        0.109532418018582                        0
       612                        0        0.109490416929044                        0        0.109676764006696        0.109676764006696                        0
       621                        0        0.109489369303948                        0        0.109579107381232        0.109579107381232                        0
       630                        0        0.109487808938699                        0        0.109565039122208        0.109565039122208                        0
       639                        0        0.109489787011173                        0        0.109657118692318        0.109657118692318                        0
       648                        0        0.109487970146775                        0        0.109547180307769        0.109547180307769                        0
       657                        0        0.109487835653095                        0        0.109594111706286        0.109594111706286                        0
       666                        0        0.109488869918922                        0        0.109622675820483        0.109622675820483                        0
       675                        0        0.109487131188247                        0        0.109539271220784        0.109539271220784                        0
       684                        0         0.10948778987525                        0        0.109609288670162        0.109609288670162                        0
       693                        0        0.109487903708702                        0        0.109587460348343        0.109587460348343                        0
       702                        0        0.109486712529534                        0          0.1095468019265          0.1095468019265                        0
       711                        0         0.10948756815055                        0        0.109608554350077        0.109608554350077                        0
       720                        0         0.10948706948975                        0        0.109560885818512        0.109560885818512                        0
