#square and square, nu_xymn_1
#MM NN: 1 3
#quadrature order: 16
#numpanels            c*(gradu.n)^2                      BEM        0.5*(gradu)^2 ex.       Boundary Formula 1       Boundary Formula 2
        18                        0        0.521533787150709                        0        0.342498831495698        0.342498831495698                        0
        27                        0        0.538248051382386                        0        0.389833455693669        0.389833455693669                        0
        36                        0        0.538774039986565                        0        0.388624285762096        0.388624285762096                        0
        45                        0        0.552438734432133                        0        0.420903594306288        0.420903594306288                        0
        54                        0        0.550391469857231                        0        0.436608935552782        0.436608935552782                        0
        63                        0        0.562049575125531                        0        0.489495089861055        0.489495089861055                        0
        72                        0        0.560246282033194                        0        0.512088279050891        0.512088279050891                        0
        81                        0        0.563636657731514                        0        0.516294942811711        0.516294942811711                        0
        90                        0        0.565413284482067                        0        0.533187153792316        0.533187153792316                        0
        99                        0        0.564327164147866                        0        0.539664517934974        0.539664517934974                        0
       108                        0        0.566260516209736                        0        0.544420263274055        0.544420263274055                        0
       117                        0        0.566332031503824                        0        0.552448790017548        0.552448790017548                        0
       126                        0         0.56613067955485                        0         0.55503759815396         0.55503759815396                        0
       135                        0        0.567007070286814                        0        0.556982638571258        0.556982638571258                        0
       144                        0        0.566693880544881                        0        0.561443005861385        0.561443005861385                        0
       153                        0        0.566916811908396                        0        0.561609082344374        0.561609082344374                        0
       162                        0        0.567260783133944                        0        0.562829344260171        0.562829344260171                        0
       171                        0          0.5669487494732                        0        0.565560246211612        0.565560246211612                        0
       180                        0        0.567256581717195                        0        0.564652985331971        0.564652985331971                        0
       189                        0        0.567340436173378                        0         0.56576305885431         0.56576305885431                        0
       198                        0        0.567165582183633                        0        0.567238659908293        0.567238659908293                        0
       207                        0        0.567407636293415                        0        0.566088114855233        0.566088114855233                        0
       216                        0        0.567364055025731                        0        0.567320799128486        0.567320799128486                        0
       225                        0        0.567327130098323                        0        0.567718398930985        0.567718398930985                        0
       234                        0        0.567473437969139                        0        0.566858847503572        0.566858847503572                        0
       243                        0        0.567386010426646                        0        0.568106255655327        0.568106255655327                        0
       252                        0        0.567430041448219                        0        0.567723219478724        0.567723219478724                        0
       261                        0         0.56749733104331                        0        0.567368539305408        0.567368539305408                        0
       270                        0        0.567420837492353                        0        0.568381371530785        0.568381371530785                        0
       279                        0        0.567489346547979                        0        0.567618150421724        0.567618150421724                        0
       288                        0        0.567502512568514                        0        0.567751514545682        0.567751514545682                        0
       297                        0         0.56746117622862                        0        0.568331174620147        0.568331174620147                        0
       306                        0        0.567520910659365                        0        0.567559518677096        0.567559518677096                        0
       315                        0        0.567503922801563                        0        0.568017623980164        0.568017623980164                        0
       324                        0        0.567496717131259                        0        0.568128083099385        0.568128083099385                        0
       333                        0        0.567535618400263                        0        0.567588027517411        0.567588027517411                        0
       342                        0        0.567509173838966                        0        0.568146535829019        0.568146535829019                        0
       351                        0        0.567522849820228                        0        0.567906103466311        0.567906103466311                        0
       360                        0        0.567540851123339                        0        0.567682897276453        0.567682897276453                        0
       369                        0        0.567519137371411                        0        0.568142205970556        0.568142205970556                        0
       378                        0        0.567539766595581                        0        0.567742009810847        0.567742009810847                        0
       387                        0        0.567542121396042                        0        0.567796989360333        0.567796989360333                        0
       396                        0        0.567531108148787                        0           0.568044232771           0.568044232771                        0
       405                        0        0.567549480165317                        0        0.567661023225615        0.567661023225615                        0
       414                        0        0.567543178749973                        0        0.567883930960388        0.567883930960388                        0
       423                        0        0.567542205512844                        0         0.56790868184639         0.56790868184639                        0
       432                        0        0.567554274812414                        0         0.56765284736821         0.56765284736821                        0
       441                        0        0.567545705847939                        0        0.567916926147885        0.567916926147885                        0
       450                        0        0.567550882661958                        0        0.567783993116672        0.567783993116672                        0
       459                        0        0.567556266135491                        0        0.567688543087291        0.567688543087291                        0
       468                        0        0.567549658663298                        0        0.567894930275754        0.567894930275754                        0
       477                        0        0.567556835207321                        0        0.567698068401238        0.567698068401238                        0
       486                        0        0.567557181926848                        0        0.567735428359533        0.567735428359533                        0
       495                        0        0.567554170428616                        0        0.567836213507169        0.567836213507169                        0
       504                        0        0.567560457694838                        0        0.567657412711013        0.567657412711013                        0
       513                        0         0.56755813921289                        0        0.567768374632642        0.567768374632642                        0
       522                        0        0.567558367373708                        0        0.567765811341197        0.567765811341197                        0
       531                        0        0.567562431475304                        0        0.567653051277353        0.567653051277353                        0
       540                        0        0.567559578284218                        0        0.567775618411077        0.567775618411077                        0
       549                        0        0.567561738028192                        0        0.567704597018405        0.567704597018405                        0
       558                        0        0.567563474763567                        0         0.56766861209011         0.56766861209011                        0
       567                        0        0.567561431970338                        0        0.567758423040727        0.567758423040727                        0
       576                        0        0.567564147227099                        0        0.567663846380748        0.567663846380748                        0
       585                        0        0.567564174164908                        0        0.567687733280384        0.567687733280384                        0
       594                        0        0.567563408316901                        0        0.567726283816383        0.567726283816383                        0
       603                        0          0.5675657142463                        0        0.567645032874595        0.567645032874595                        0
       612                        0        0.567564888559928                        0        0.567699082902165        0.567699082902165                        0
       621                        0        0.567565221252028                        0        0.567690841110575        0.567690841110575                        0
       630                        0        0.567566681932266                        0        0.567642779748258        0.567642779748258                        0
       639                        0        0.567565744708487                        0         0.56769822493639         0.56769822493639                        0
       648                        0        0.567566699923479                        0        0.567661210069697        0.567661210069697                        0
       657                        0        0.567567311734832                        0        0.567648854949003        0.567648854949003                        0
       666                        0         0.56756670751587                        0        0.567686651410263        0.567686651410263                        0
       675                        0        0.567567800851031                        0        0.567641861485323        0.567641861485323                        0
       684                        0        0.567567811772539                        0        0.567655665881484        0.567655665881484                        0
       693                        0         0.56756767417579                        0         0.56766918269045         0.56766918269045                        0
       702                        0        0.567568573022461                        0        0.567632791712806        0.567632791712806                        0
       711                        0        0.567568303648807                        0        0.567658381355659        0.567658381355659                        0
       720                        0        0.567568547226018                        0        0.567651171355145        0.567651171355145                        0
