#square and square, nu_xymn_1
#MM NN: 5 4
#quadrature order: 16
#numpanels            c*(gradu.n)^2                      BEM        0.5*(gradu)^2 ex.       Boundary Formula 1       Boundary Formula 2
        18                        0       0.0172465267530941                        0       0.0117508957953679       0.0117508957953679                        0
        27                        0       0.0180839749566235                        0       0.0130070119881355       0.0130070119881355                        0
        36                        0       0.0179672743805593                        0       0.0128871437490374       0.0128871437490374                        0
        45                        0       0.0181900291992052                        0       0.0130507253849936       0.0130507253849936                        0
        54                        0       0.0185031326465357                        0       0.0144420387571968       0.0144420387571968                        0
        63                        0       0.0183938225748082                        0       0.0159376191311702       0.0159376191311702                        0
        72                        0       0.0183538450544068                        0       0.0165082764401923       0.0165082764401923                        0
        81                        0       0.0183904266809689                        0       0.0169783645046552       0.0169783645046552                        0
        90                        0       0.0183448183177611                        0       0.0172802435681325       0.0172802435681325                        0
        99                        0       0.0183415929529194                        0       0.0174984839567981       0.0174984839567981                        0
       108                        0       0.0183376795431046                        0       0.0177167427638693       0.0177167427638693                        0
       117                        0       0.0183166897538895                        0       0.0178419529855853       0.0178419529855853                        0
       126                        0       0.0183223609524597                        0       0.0179521417505354       0.0179521417505354                        0
       135                        0       0.0183137635861734                        0        0.018036466556795        0.018036466556795                        0
       144                        0       0.0183071447693973                        0       0.0180907506173548       0.0180907506173548                        0
       153                        0        0.018311280167446                        0       0.0181451371884539       0.0181451371884539                        0
       162                        0       0.0183041925274831                        0       0.0181798709450689       0.0181798709450689                        0
       171                        0       0.0183040442838438                        0       0.0182071213774285       0.0182071213774285                        0
       180                        0        0.018305009979867                        0       0.0182329823927839       0.0182329823927839                        0
       189                        0       0.0183006635944802                        0       0.0182475507090367       0.0182475507090367                        0
       198                        0       0.0183025743006659                        0       0.0182623544692721       0.0182623544692721                        0
       207                        0       0.0183015266805549                        0       0.0182737809862029       0.0182737809862029                        0
       216                        0       0.0182996086094422                        0       0.0182803285136485       0.0182803285136485                        0
       225                        0       0.0183013768813553                        0       0.0182884951922872       0.0182884951922872                        0
       234                        0        0.018299703318564                        0       0.0182929560798764       0.0182929560798764                        0
       243                        0       0.0182994150392952                        0       0.0182963581775097       0.0182963581775097                        0
       252                        0       0.0183003026858558                        0        0.018300552344827        0.018300552344827                        0
       261                        0       0.0182988645187545                        0       0.0183019719673825       0.0183019719673825                        0
       270                        0       0.0182993718927511                        0       0.0183040340750462       0.0183040340750462                        0
       279                        0       0.0182994446339987                        0       0.0183058198809994       0.0183058198809994                        0
       288                        0       0.0182985706366427                        0       0.0183061288929023       0.0183061288929023                        0
       297                        0       0.0182992389629989                        0       0.0183074239309234       0.0183074239309234                        0
       306                        0       0.0182988519287428                        0       0.0183078658993032       0.0183078658993032                        0
       315                        0       0.0182985270203156                        0        0.018307900930149        0.018307900930149                        0
       324                        0       0.0182990073686359                        0       0.0183086078915546       0.0183086078915546                        0
       333                        0       0.0182985036369513                        0        0.018308422893231        0.018308422893231                        0
       342                        0       0.0182985502417732                        0       0.0183084564424213       0.0183084564424213                        0
       351                        0       0.0182987449707283                        0       0.0183086943261387       0.0183086943261387                        0
       360                        0        0.018298338797774                        0       0.0183083154013845       0.0183083154013845                        0
       369                        0       0.0182985491371281                        0       0.0183083681691734       0.0183083681691734                        0
       378                        0       0.0182985144985534                        0       0.0183082786924257       0.0183082786924257                        0
       387                        0         0.01829828570507                        0       0.0183079219954784       0.0183079219954784                        0
       396                        0       0.0182985002825878                        0        0.018307940253228        0.018307940253228                        0
       405                        0       0.0182983474648104                        0       0.0183076716258121       0.0183076716258121                        0
       414                        0       0.0182982819997224                        0       0.0183074085262941       0.0183074085262941                        0
       423                        0       0.0182984177225951                        0       0.0183073500133249       0.0183073500133249                        0
       432                        0       0.0182982467269415                        0       0.0183070241904079       0.0183070241904079                        0
       441                        0       0.0182982854330867                        0       0.0183068463028691       0.0183068463028691                        0
       450                        0       0.0182983265307661                        0       0.0183067055025757       0.0183067055025757                        0
       459                        0       0.0182981978471362                        0       0.0183064004374161       0.0183064004374161                        0
       468                        0       0.0182982757925609                        0        0.018306269534781        0.018306269534781                        0
       477                        0       0.0182982469481098                        0       0.0183060701090383       0.0183060701090383                        0
       486                        0       0.0182981803121792                        0       0.0183058202122246       0.0183058202122246                        0
       495                        0       0.0182982500422848                        0       0.0183056997117455       0.0183056997117455                        0
       504                        0       0.0182981889090118                        0         0.01830547640502         0.01830547640502                        0
       513                        0       0.0182981756064406                        0       0.0183052841602169       0.0183052841602169                        0
       522                        0       0.0182982144908723                        0       0.0183051531263726       0.0183051531263726                        0
       531                        0        0.018298153030737                        0       0.0183049364829491       0.0183049364829491                        0
       540                        0       0.0182981714087366                        0       0.0183047874035564       0.0183047874035564                        0
       549                        0       0.0182981777233434                        0        0.018304641604599        0.018304641604599                        0
       558                        0       0.0182981342184997                        0       0.0183044502826819       0.0183044502826819                        0
       567                        0        0.018298162287516                        0       0.0183043257483387       0.0183043257483387                        0
       576                        0       0.0182981462747452                        0       0.0183041719073778       0.0183041719073778                        0
       585                        0       0.0182981254542989                        0       0.0183040119583726       0.0183040119583726                        0
       594                        0       0.0182981480507899                        0       0.0183038972673612       0.0183038972673612                        0
       603                        0        0.018298123130136                        0       0.0183037458839343       0.0183037458839343                        0
       612                        0       0.0182981205695564                        0       0.0183036142096105       0.0183036142096105                        0
       621                        0       0.0182981312170143                        0       0.0183035015919504       0.0183035015919504                        0
       630                        0       0.0182981081344354                        0       0.0183033615688537       0.0183033615688537                        0
       639                        0       0.0182981156211822                        0       0.0183032506897214       0.0183032506897214                        0
       648                        0       0.0182981147921848                        0       0.0183031386160779       0.0183031386160779                        0
       657                        0       0.0182980992554366                        0       0.0183030147362423       0.0183030147362423                        0
       666                        0       0.0182981090298342                        0       0.0183029168522088       0.0183029168522088                        0
       675                        0       0.0182981009301146                        0       0.0183028075468312       0.0183028075468312                        0
       684                        0       0.0182980939116078                        0        0.018302700385392        0.018302700385392                        0
       693                        0       0.0182981009429679                        0       0.0183026097794139       0.0183026097794139                        0
       702                        0       0.0182980904983339                        0       0.0183025065751326       0.0183025065751326                        0
       711                        0        0.018298089925926                        0       0.0183024138204214       0.0183024138204214                        0
