#square and square, nu_xymn_1
#MM NN: 2 5
#quadrature order: 16
#numpanels            c*(gradu.n)^2                      BEM        0.5*(gradu)^2 ex.       Boundary Formula 1       Boundary Formula 2
        18                        0       0.0303480790761241                        0       0.0236635109458857       0.0236635109458857                        0
        27                        0       0.0303229347523283                        0       0.0264076893628238       0.0264076893628238                        0
        36                        0       0.0300908987097453                        0       0.0257676628422334       0.0257676628422334                        0
        45                        0       0.0309539964268386                        0       0.0268362030858886       0.0268362030858886                        0
        54                        0       0.0291594063268719                        0       0.0273928250446351       0.0273928250446351                        0
        63                        0       0.0288158039177869                        0         0.02780688512958         0.02780688512958                        0
        72                        0       0.0289838457861386                        0       0.0281500885056668       0.0281500885056668                        0
        81                        0       0.0284122883924237                        0       0.0282447812500098       0.0282447812500098                        0
        90                        0       0.0285052800699349                        0       0.0281184146728223       0.0281184146728223                        0
        99                        0       0.0284897162946782                        0       0.0282560885126581       0.0282560885126581                        0
       108                        0       0.0282854140006413                        0       0.0283043607935862       0.0283043607935862                        0
       117                        0       0.0283843601957581                        0       0.0282050341288959       0.0282050341288959                        0
       126                        0       0.0283183702089331                        0        0.028336299195994        0.028336299195994                        0
       135                        0       0.0282597702465806                        0       0.0282947166400818       0.0282947166400818                        0
       144                        0        0.028319683250985                        0       0.0282462137296438       0.0282462137296438                        0
       153                        0        0.028258697675446                        0       0.0283421934527879       0.0283421934527879                        0
       162                        0       0.0282556046379561                        0       0.0282720775195866       0.0282720775195866                        0
       171                        0       0.0282794602518332                        0       0.0282757716810474       0.0282757716810474                        0
       180                        0       0.0282384948530001                        0       0.0283227894837242       0.0283227894837242                        0
       189                        0       0.0282535141713651                        0       0.0282575432267943       0.0282575432267943                        0
       198                        0       0.0282547368641674                        0       0.0282926585823339       0.0282926585823339                        0
       207                        0       0.0282332572490528                        0       0.0282965512851262       0.0282965512851262                        0
       216                        0       0.0282494724472926                        0       0.0282537576755413       0.0282537576755413                        0
       225                        0       0.0282407317187672                        0       0.0282953699068381       0.0282953699068381                        0
       234                        0       0.0282332646513501                        0       0.0282734703738134       0.0282734703738134                        0
       243                        0       0.0282440280659935                        0       0.0282571091485687       0.0282571091485687                        0
       252                        0       0.0282336804926648                        0       0.0282875856740426       0.0282875856740426                        0
       261                        0       0.0282342490844543                        0       0.0282575665917408       0.0282575665917408                        0
       270                        0       0.0282386755133623                        0       0.0282621073882856       0.0282621073882856                        0
       279                        0       0.0282307593687603                        0        0.028274966628013        0.028274966628013                        0
       288                        0       0.0282345556823423                        0       0.0282492716080954       0.0282492716080954                        0
       297                        0       0.0282344326231331                        0       0.0282645195717589       0.0282645195717589                        0
       306                        0       0.0282300146055614                        0       0.0282621319871834       0.0282621319871834                        0
       315                        0       0.0282339182850371                        0       0.0282468304136774       0.0282468304136774                        0
       324                        0       0.0282315932842704                        0       0.0282629159956076       0.0282629159956076                        0
       333                        0       0.0282301480025594                        0       0.0282518366280025       0.0282518366280025                        0
       342                        0       0.0282326917719793                        0       0.0282474956618465       0.0282474956618465                        0
       351                        0       0.0282299877004614                        0       0.0282581803680824       0.0282581803680824                        0
       360                        0       0.0282303913268952                        0       0.0282451352888946       0.0282451352888946                        0
       369                        0       0.0282313423435514                        0       0.0282486727647741       0.0282486727647741                        0
       378                        0       0.0282292648778878                        0       0.0282521038539378       0.0282521038539378                        0
       387                        0       0.0282304062699201                        0       0.0282417967611848       0.0282417967611848                        0
       396                        0       0.0282301935531057                        0       0.0282487479368333       0.0282487479368333                        0
       405                        0       0.0282290555518117                        0       0.0282463164121393       0.0282463164121393                        0
       414                        0       0.0282301510869256                        0       0.0282408057667202       0.0282408057667202                        0
       423                        0       0.0282293785715795                        0       0.0282472917770883       0.0282472917770883                        0
       432                        0       0.0282290573011154                        0       0.0282418278434111       0.0282418278434111                        0
       441                        0       0.0282297311546934                        0       0.0282409006863519       0.0282409006863519                        0
       450                        0       0.0282288912487592                        0       0.0282447132675393       0.0282447132675393                        0
       459                        0       0.0282290748305545                        0       0.0282389681770209       0.0282389681770209                        0
       468                        0       0.0282292789958556                        0       0.0282410369353714       0.0282410369353714                        0
       477                        0        0.028228652249727                        0       0.0282417409825314       0.0282417409825314                        0
       486                        0       0.0282290213109268                        0       0.0282375328522616       0.0282375328522616                        0
       495                        0       0.0282288898735566                        0       0.0282406426177814       0.0282406426177814                        0
       504                        0       0.0282285608681509                        0       0.0282390284395719       0.0282390284395719                        0
       513                        0       0.0282288899431823                        0       0.0282370203283967       0.0282370203283967                        0
       522                        0       0.0282286060879618                        0       0.0282396221401367       0.0282396221401367                        0
       531                        0       0.0282285294684837                        0       0.0282369626994936       0.0282369626994936                        0
       540                        0       0.0282287142947579                        0       0.0282368795006879       0.0282368795006879                        0
       549                        0       0.0282284273453697                        0       0.0282381899373202       0.0282381899373202                        0
       558                        0       0.0282285009456993                        0       0.0282356362881775       0.0282356362881775                        0
       567                        0       0.0282285351154806                        0       0.0282366944923529       0.0282366944923529                        0
       576                        0       0.0282283288432254                        0       0.0282366650617716       0.0282366650617716                        0
       585                        0       0.0282284507436471                        0       0.0282349187962279       0.0282349187962279                        0
       594                        0       0.0282283818012493                        0       0.0282362640764053       0.0282362640764053                        0
       603                        0       0.0282282780727203                        0       0.0282353171488938       0.0282353171488938                        0
       612                        0       0.0282283783672551                        0       0.0282345708854249       0.0282345708854249                        0
       621                        0       0.0282282671722596                        0       0.0282355812970583       0.0282355812970583                        0
       630                        0       0.0282282467745916                        0       0.0282342921851346       0.0282342921851346                        0
       639                        0       0.0282282952859899                        0       0.0282343535835415       0.0282343535835415                        0
       648                        0       0.0282281901904587                        0       0.0282347560295522       0.0282347560295522                        0
       657                        0       0.0282282168721109                        0       0.0282336071325967       0.0282336071325967                        0
       666                        0       0.0282282147959921                        0       0.0282341005098013       0.0282341005098013                        0
       675                        0       0.0282281417272845                        0       0.0282339294465393       0.0282339294465393                        0
       684                        0       0.0282281809735248                        0       0.0282331875775336       0.0282331875775336                        0
       693                        0       0.0282281462487523                        0       0.0282337415406914       0.0282337415406914                        0
       702                        0       0.0282281103006286                        0       0.0282332123345984       0.0282332123345984                        0
       711                        0        0.028228139425954                        0        0.028232921073717        0.028232921073717                        0
       720                        0       0.0282280933660103                        0       0.0282332867032246       0.0282332867032246                        0
