#square and square, nu_xymn_1
#MM NN: 3 2
#quadrature order: 16
#numpanels            c*(gradu.n)^2                      BEM        0.5*(gradu)^2 ex.       Boundary Formula 1       Boundary Formula 2
        18                        0         0.52071584643782                        0        0.366258499036614        0.366258499036614                        0
        27                        0        0.515671268846972                        0        0.445906145548543        0.445906145548543                        0
        36                        0        0.515128068579127                        0        0.427435783002041        0.427435783002041                        0
        45                        0        0.536708349563886                        0        0.503225484117139        0.503225484117139                        0
        54                        0        0.502632681429071                        0        0.463129627468102        0.463129627468102                        0
        63                        0        0.531210295653449                        0        0.504194498632876        0.504194498632876                        0
        72                        0        0.520997668307672                        0        0.535469233566718        0.535469233566718                        0
        81                        0        0.523359312503401                        0        0.506142860406211        0.506142860406211                        0
        90                        0        0.531525146997807                        0        0.527486856417945        0.527486856417945                        0
        99                        0         0.52423744409597                        0        0.533660089269949        0.533660089269949                        0
       108                        0        0.528750945203985                        0        0.522617783931322        0.522617783931322                        0
       117                        0        0.530749418457892                        0        0.534860691207697        0.534860691207697                        0
       126                        0        0.527194824991515                        0        0.535427289384162        0.535427289384162                        0
       135                        0        0.530713203245154                        0        0.528491455279452        0.528491455279452                        0
       144                        0        0.530120653494544                        0        0.538019687760132        0.538019687760132                        0
       153                        0        0.529251362119755                        0        0.534010761779038        0.534010761779038                        0
       162                        0        0.531398364444833                        0        0.531097402965406        0.531097402965406                        0
       171                        0        0.530021257811115                        0        0.538779369467335        0.538779369467335                        0
       180                        0        0.530456537796703                        0        0.532554644932761        0.532554644932761                        0
       189                        0        0.531490349229602                        0        0.532823930758759        0.532823930758759                        0
       198                        0         0.53031901412255                        0        0.537869912854239        0.537869912854239                        0
       207                        0        0.531133130906041                        0        0.531501296918592        0.531501296918592                        0
       216                        0        0.531364696918735                        0        0.534225519839983        0.534225519839983                        0
       225                        0        0.530739139682054                        0        0.535967826693642        0.535967826693642                        0
       234                        0        0.531475379507598                        0        0.531133482796933        0.531133482796933                        0
       243                        0        0.531251738940821                        0        0.535111135286028        0.535111135286028                        0
       252                        0        0.531107445023835                        0         0.53396433621277         0.53396433621277                        0
       261                        0        0.531602270901049                        0        0.531409868475501        0.531409868475501                        0
       270                        0        0.531239833790939                        0        0.535229247666107        0.535229247666107                        0
       279                        0        0.531374163424478                        0        0.532411600187117        0.532411600187117                        0
       288                        0        0.531608633582102                        0        0.532074782716605        0.532074782716605                        0
       297                        0        0.531312826280192                        0        0.534625332070237        0.534625332070237                        0
       306                        0         0.53154288996087                        0        0.531513261578914        0.531513261578914                        0
       315                        0        0.531573617233126                        0        0.532774479240636        0.532774479240636                        0
       324                        0        0.531420018776684                        0        0.533630550252204        0.533630550252204                        0
       333                        0        0.531631505725144                        0        0.531235142782151        0.531235142782151                        0
       342                        0        0.531548558432209                        0        0.533206828807469        0.533206828807469                        0
       351                        0        0.531522613569417                        0         0.53262641958548         0.53262641958548                        0
       360                        0        0.531663358669718                        0        0.531401743045536        0.531401743045536                        0
       369                        0        0.531551626704536                        0        0.533240927845934        0.533240927845934                        0
       378                        0        0.531602335389596                        0        0.531871591313167        0.531871591313167                        0
       387                        0        0.531663991818666                        0        0.531775980310186        0.531775980310186                        0
       396                        0        0.531577730031597                        0        0.532936637784965        0.532936637784965                        0
       405                        0        0.531654601115962                        0        0.531463396129827        0.531463396129827                        0
       414                        0        0.531655471365106                        0        0.532135769152342        0.532135769152342                        0
       423                        0        0.531613850014297                        0         0.53246511202478         0.53246511202478                        0
       432                        0         0.53168240912509                        0        0.531371070830795        0.531371070830795                        0
       441                        0        0.531651353608124                        0        0.532336688879824        0.532336688879824                        0
       450                        0        0.531648928683756                        0        0.532003886726106        0.532003886726106                        0
       459                        0        0.531692826950667                        0        0.531488580240245        0.531488580240245                        0
       468                        0        0.531655940436168                        0        0.532338354385092        0.532338354385092                        0
       477                        0        0.531676727979642                        0        0.531670402759717        0.531670402759717                        0
       486                        0        0.531694115352096                        0        0.531687462952541        0.531687462952541                        0
       495                        0        0.531667397963595                        0        0.532186234776473        0.532186234776473                        0
       504                        0        0.531695260519422                        0        0.531505179165816        0.531505179165816                        0
       513                        0        0.531693131203822                        0        0.531860485465069        0.531860485465069                        0
       522                        0        0.531681724697435                        0        0.531966228123008        0.531966228123008                        0
       531                        0        0.531705468624733                        0        0.531486631417424        0.531486631417424                        0
       540                        0         0.53169384305563                        0         0.53194763759212         0.53194763759212                        0
       549                        0        0.531695366517026                        0        0.531759946498564        0.531759946498564                        0
       558                        0        0.531709884429743                        0        0.531558661605638        0.531558661605638                        0
       567                        0        0.531697364299408                        0        0.531939904361562        0.531939904361562                        0
       576                        0        0.531706210191781                        0         0.53161841994834         0.53161841994834                        0
       585                        0        0.531711381696433                        0        0.531658719310814        0.531658719310814                        0
       594                        0        0.531702982352317                        0        0.531864720850119        0.531864720850119                        0
       603                        0        0.531713603704533                        0         0.53155626260898         0.53155626260898                        0
       612                        0        0.531712232507089                        0        0.531738774407219        0.531738774407219                        0
       621                        0        0.531709334579924                        0         0.53176375516396         0.53176375516396                        0
       630                        0        0.531717965598859                        0        0.531559712419462        0.531559712419462                        0
       639                        0        0.531713682859477                        0        0.531775257181175        0.531775257181175                        0
       648                        0        0.531715210134816                        0        0.531673739619881        0.531673739619881                        0
       657                        0        0.531720267808453                        0        0.531600565266254        0.531600565266254                        0
       666                        0        0.531716032421667                        0        0.531768029219375        0.531768029219375                        0
       675                        0        0.531719898267247                        0        0.531616019569728        0.531616019569728                        0
       684                        0        0.531721554129238                        0        0.531649720989323        0.531649720989323                        0
       693                        0        0.531718993384116                        0        0.531732064713699        0.531732064713699                        0
       702                        0        0.531723215972596                        0        0.531595010350617        0.531595010350617                        0
       711                        0        0.531722613152729                        0         0.53168644254902         0.53168644254902                        0
       720                        0        0.531722076424746                        0        0.531687058493739        0.531687058493739                        0
