#square and square, nu_xymn_1
#MM NN: 5 2
#quadrature order: 16
#numpanels            c*(gradu.n)^2                      BEM        0.5*(gradu)^2 ex.       Boundary Formula 1       Boundary Formula 2
        18                        0       -0.480270040618884                        0       -0.316625068417372       -0.316625068417372                        0
        27                        0       -0.534469333358297                        0       -0.277221406270692       -0.277221406270692                        0
        36                        0       -0.534547330492376                        0       -0.311436222979534       -0.311436222979534                        0
        45                        0       -0.525057247579058                        0       -0.212895212850347       -0.212895212850347                        0
        54                        0       -0.576315323887698                        0       -0.370320386555657       -0.370320386555657                        0
        63                        0       -0.513126393497708                        0       -0.397040057440916       -0.397040057440916                        0
        72                        0       -0.532382137354835                        0       -0.379013090719671       -0.379013090719671                        0
        81                        0       -0.525608226676682                        0       -0.461132395505022       -0.461132395505022                        0
        90                        0       -0.508079415970183                        0       -0.443580991957335       -0.443580991957335                        0
        99                        0        -0.52200455457694                        0       -0.447335857395232       -0.447335857395232                        0
       108                        0        -0.51252060841735                        0       -0.481874876341239       -0.481874876341239                        0
       117                        0       -0.508160903302116                        0       -0.468696734281196       -0.468696734281196                        0
       126                        0       -0.515073495431116                        0       -0.475834676614309       -0.475834676614309                        0
       135                        0       -0.507841326663309                        0       -0.493437135208425       -0.493437135208425                        0
       144                        0       -0.508855603316181                        0       -0.480643907862402       -0.480643907862402                        0
       153                        0       -0.510593777401027                        0       -0.491664631097317       -0.491664631097317                        0
       162                        0       -0.506221147714586                        0       -0.498757496030026       -0.498757496030026                        0
       171                        0       -0.508840129117712                        0        -0.48762165635957        -0.48762165635957                        0
       180                        0       -0.508016305346277                        0       -0.500151021556759       -0.500151021556759                        0
       189                        0        -0.50592452504975                        0       -0.500441939431227       -0.500441939431227                        0
       198                        0       -0.508180320293028                        0       -0.493076839337863       -0.493076839337863                        0
       207                        0       -0.506589023996279                        0       -0.504621313997305       -0.504621313997305                        0
       216                        0       -0.506104837778026                        0       -0.500307931747833       -0.500307931747833                        0
       225                        0       -0.507323821606564                        0       -0.498078277376891       -0.498078277376891                        0
       234                        0       -0.505873496750844                        0       -0.506433831819047       -0.506433831819047                        0
       243                        0       -0.506287942913619                        0       -0.499905145405217       -0.499905145405217                        0
       252                        0        -0.50657892108363                        0       -0.502212011121916       -0.502212011121916                        0
       261                        0       -0.505602647694247                        0       -0.506487734309737       -0.506487734309737                        0
       270                        0       -0.506293262189173                        0       -0.500215971086078       -0.500215971086078                        0
       279                        0       -0.506039090108472                        0       -0.505096673109526       -0.505096673109526                        0
       288                        0       -0.505575073913384                        0       -0.505587919500434       -0.505587919500434                        0
       297                        0       -0.506143145730472                        0       -0.501433183158461       -0.501433183158461                        0
       306                        0       -0.505697649029868                        0       -0.506663521193454       -0.506663521193454                        0
       315                        0       -0.505632044779568                        0        -0.50449290179576        -0.50449290179576                        0
       324                        0       -0.505929332718496                        0       -0.503143460238209       -0.503143460238209                        0
       333                        0       -0.505517489499788                        0       -0.507102474624666       -0.507102474624666                        0
       342                        0       -0.505673385466263                        0       -0.503778601285779       -0.503778601285779                        0
       351                        0       -0.505725029112236                        0        -0.50478850462115        -0.50478850462115                        0
       360                        0       -0.505450295404282                        0       -0.506768303291041       -0.506768303291041                        0
       369                        0       -0.505663201703468                        0       -0.503693691768699       -0.503693691768699                        0
       378                        0       -0.505566000219638                        0       -0.505982137068126       -0.505982137068126                        0
       387                        0       -0.505444875184972                        0       -0.506082415092165       -0.506082415092165                        0
       396                        0       -0.505610026148863                        0       -0.504152844386587       -0.504152844386587                        0
       405                        0       -0.505461405575043                        0       -0.506587431640226       -0.506587431640226                        0
       414                        0        -0.50545809913306                        0       -0.505423597218466       -0.505423597218466                        0
       423                        0       -0.505538058876402                        0       -0.504879848853279       -0.504879848853279                        0
       432                        0       -0.505405128699155                        0       -0.506668645099212       -0.506668645099212                        0
       441                        0       -0.505463716339912                        0       -0.505033606367132       -0.505033606367132                        0
       450                        0       -0.505468387881104                        0       -0.505585710975521       -0.505585710975521                        0
       459                        0       -0.505383052880735                        0       -0.506407862627291       -0.506407862627291                        0
       468                        0       -0.505453236034451                        0       -0.504978603299474       -0.504978603299474                        0
       477                        0       -0.505413102032789                        0       -0.506079879728347       -0.506079879728347                        0
       486                        0       -0.505378973816951                        0       -0.506020123328313       -0.506020123328313                        0
       495                        0       -0.505429919482969                        0        -0.50518191831401        -0.50518191831401                        0
       504                        0       -0.505376044975444                        0       -0.506298176113745       -0.506298176113745                        0
       513                        0       -0.505379593609118                        0       -0.505682917838036       -0.505682917838036                        0
       522                        0       -0.505401293462191                        0       -0.505500402541686       -0.505500402541686                        0
       531                        0        -0.50535531488211                        0       -0.506278183219281       -0.506278183219281                        0
       540                        0       -0.505377230393058                        0       -0.505494397809032       -0.505494397809032                        0
       549                        0       -0.505374142439451                        0       -0.505798686129961       -0.505798686129961                        0
       558                        0       -0.505345937568825                        0       -0.506113616179549       -0.506113616179549                        0
       567                        0        -0.50536967849802                        0       -0.505467988690566       -0.505467988690566                        0
       576                        0       -0.505352524062907                        0       -0.505992501843482       -0.505992501843482                        0
       585                        0        -0.50534232554126                        0       -0.505908050236951       -0.505908050236951                        0
       594                        0       -0.505358240737228                        0       -0.505556983578646       -0.505556983578646                        0
       603                        0       -0.505337675734487                        0       -0.506058026200307       -0.506058026200307                        0
       612                        0        -0.50534008349961                        0        -0.50574046689514        -0.50574046689514                        0
       621                        0       -0.505345492762743                        0       -0.505691537080444       -0.505691537080444                        0
       630                        0       -0.505328763114126                        0       -0.506018320324655       -0.506018320324655                        0
       639                        0       -0.505336797196532                        0       -0.505649083959557       -0.505649083959557                        0
       648                        0       -0.505333741448151                        0       -0.505810391369656       -0.505810391369656                        0
       657                        0       -0.505323891216743                        0       -0.505920134232598       -0.505920134232598                        0
       666                        0        -0.50533186903809                        0        -0.50563330421718        -0.50563330421718                        0
       675                        0       -0.505324341223399                        0       -0.505878051354918       -0.505878051354918                        0
       684                        0       -0.505321037669848                        0       -0.505811465432549       -0.505811465432549                        0
       693                        0       -0.505325831794877                        0       -0.505667649213445       -0.505667649213445                        0
       702                        0       -0.505317632260234                        0       -0.505887184712477       -0.505887184712477                        0
       711                        0       -0.505318677595981                        0       -0.505726290340163       -0.505726290340163                        0
