#square and square, nu_xymn_2
#MM NN: 5 4
#quadrature order: 16
#numpanels            c*(gradu.n)^2                      BEM        0.5*(gradu)^2 ex.       Boundary Formula 1       Boundary Formula 2
        18                        0        -0.32455699028143                        0       -0.296758182595635       -0.296758182595635                        0
        27                        0       -0.314016068874071                        0       -0.315400665024212       -0.315400665024212                        0
        36                        0       -0.321306259464483                        0       -0.295115973662913       -0.295115973662913                        0
        45                        0       -0.325168585900253                        0       -0.363757063925444       -0.363757063925444                        0
        54                        0       -0.300532647151486                        0        -0.23909811435013        -0.23909811435013                        0
        63                        0       -0.281259349949447                        0       -0.269446606552934       -0.269446606552934                        0
        72                        0       -0.295629363493739                        0       -0.331266654949324       -0.331266654949324                        0
        81                        0       -0.275935629328286                        0       -0.239137752333893       -0.239137752333893                        0
        90                        0       -0.277496068109628                        0       -0.288168359571903       -0.288168359571903                        0
        99                        0       -0.281187743727398                        0       -0.288156640056319       -0.288156640056319                        0
       108                        0       -0.272014229062078                        0       -0.251029310685217       -0.251029310685217                        0
       117                        0       -0.275817932531697                        0       -0.294003031337421       -0.294003031337421                        0
       126                        0       -0.274994696580183                        0       -0.269960529812725       -0.269960529812725                        0
       135                        0       -0.271768014468742                        0        -0.26408664839875        -0.26408664839875                        0
       144                        0       -0.274519130737747                        0       -0.290804848249527       -0.290804848249527                        0
       153                        0       -0.272384303523782                        0       -0.263848542545254       -0.263848542545254                        0
       162                        0       -0.271963161207764                        0        -0.27332847953009        -0.27332847953009                        0
       171                        0        -0.27338368002493                        0       -0.283253067021797       -0.283253067021797                        0
       180                        0       -0.271485299110613                        0        -0.26415516673711        -0.26415516673711                        0
       189                        0       -0.272060742710366                        0        -0.27838478666324        -0.27838478666324                        0
       198                        0       -0.272446956601053                        0       -0.276022949560449       -0.276022949560449                        0
       207                        0       -0.271298005376598                        0       -0.267105425176566       -0.267105425176566                        0
       216                        0       -0.272017048364339                        0       -0.279656103643192       -0.279656103643192                        0
       225                        0       -0.271790195078482                        0        -0.27131964190735        -0.27131964190735                        0
       234                        0       -0.271338207921072                        0       -0.270553823849439       -0.270553823849439                        0
       243                        0       -0.271873094940509                        0       -0.278215077776973       -0.278215077776973                        0
       252                        0       -0.271425141798513                        0       -0.269343000192574       -0.269343000192574                        0
       261                        0       -0.271405755414762                        0       -0.273285720021469       -0.273285720021469                        0
       270                        0       -0.271679712055181                        0       -0.275577918752811       -0.275577918752811                        0
       279                        0       -0.271274996736655                        0       -0.269335195722818       -0.269335195722818                        0
       288                        0       -0.271438670271405                        0       -0.274739472613888       -0.274739472613888                        0
       297                        0       -0.271490551094216                        0       -0.273076084200651       -0.273076084200651                        0
       306                        0       -0.271241652708953                        0       -0.270353908623478       -0.270353908623478                        0
       315                        0       -0.271429693173052                        0       -0.274899304910049       -0.274899304910049                        0
       324                        0       -0.271346592282745                        0       -0.271423973810337       -0.271423973810337                        0
       333                        0       -0.271252563138718                        0       -0.271609713371958       -0.271609713371958                        0
       342                        0       -0.271389167492549                        0       -0.274155509377831       -0.274155509377831                        0
       351                        0       -0.271260797727813                        0       -0.270739749254509       -0.270739749254509                        0
       360                        0       -0.271268768308095                        0       -0.272579256976566       -0.272579256976566                        0
       369                        0       -0.271333298831582                        0       -0.273060230593003       -0.273060230593003                        0
       378                        0       -0.271222456245702                        0       -0.270789694716858       -0.270789694716858                        0
       387                        0       -0.271275006904485                        0       -0.273027751742117       -0.273027751742117                        0
       396                        0        -0.27127869072667                        0        -0.27207636678178        -0.27207636678178                        0
       405                        0       -0.271212272643954                        0       -0.271222676568931       -0.271222676568931                        0
       414                        0       -0.271268590438924                        0       -0.272972307922943       -0.272972307922943                        0
       423                        0       -0.271236706078433                        0       -0.271447871262332       -0.271447871262332                        0
       432                        0       -0.271213648982147                        0       -0.271720743157621       -0.271720743157621                        0
       441                        0       -0.271252648944994                        0       -0.272591126256915       -0.272591126256915                        0
       450                        0       -0.271210765842914                        0       -0.271207357487347       -0.271207357487347                        0
       459                        0       -0.271216419358821                        0       -0.272074167936129       -0.272074167936129                        0
       468                        0       -0.271232592795869                        0       -0.272107634750863       -0.272107634750863                        0
       477                        0       -0.271198153828413                        0       -0.271254479238446       -0.271254479238446                        0
       486                        0       -0.271216053837333                        0       -0.272200812207931       -0.272200812207931                        0
       495                        0       -0.271213637129074                        0       -0.271697257296702       -0.271697257296702                        0
       504                        0       -0.271193739822249                        0       -0.271441803193417       -0.271441803193417                        0
       513                        0       -0.271211690140317                        0       -0.272124490568553       -0.272124490568553                        0
       522                        0       -0.271199054527621                        0       -0.271446226643906       -0.271446226643906                        0
       531                        0       -0.271192832120706                        0       -0.271637921743107       -0.271637921743107                        0
       540                        0       -0.271204460681431                        0       -0.271928787993328       -0.271928787993328                        0
       549                        0       -0.271189692350928                        0       -0.271357986200438       -0.271357986200438                        0
       558                        0       -0.271192352791508                        0       -0.271760794511266       -0.271760794511266                        0
       567                        0       -0.271196243852733                        0       -0.271707354423965       -0.271707354423965                        0
       576                        0       -0.271184636173753                        0       -0.271384543924243       -0.271384543924243                        0
       585                        0       -0.271190858458072                        0       -0.271784357974067       -0.271784357974067                        0
       594                        0        -0.27118873642758                        0       -0.271528793315033       -0.271528793315033                        0
       603                        0       -0.271182267967113                        0       -0.271461455392958       -0.271461455392958                        0
       612                        0        -0.27118810259582                        0       -0.271725916882832       -0.271725916882832                        0
       621                        0       -0.271182922754499                        0       -0.271423317403103       -0.271423317403103                        0
       630                        0       -0.271181081654062                        0       -0.271534082601284       -0.271534082601284                        0
       639                        0       -0.271184521702663                        0       -0.271624398856333       -0.271624398856333                        0
       648                        0        -0.27117899671524                        0        -0.27138739725939        -0.27138739725939                        0
       657                        0       -0.271180062688999                        0       -0.271570866859538       -0.271570866859538                        0
       666                        0       -0.271180781677528                        0       -0.271519465821787       -0.271519465821787                        0
       675                        0       -0.271176604203894                        0       -0.271397611011243       -0.271397611011243                        0
       684                        0       -0.271178733956764                        0       -0.271564592470784       -0.271564592470784                        0
       693                        0       -0.271177448292121                        0       -0.271438113590091       -0.271438113590091                        0
       702                        0       -0.271175177287325                        0       -0.271425506875122       -0.271425506875122                        0
       711                        0       -0.271177031338139                        0       -0.271525566575944       -0.271525566575944                        0
       720                        0       -0.271174823423284                        0        -0.27139049644461        -0.27139049644461                        0
