#square and square, nu_xymn_1
#MM NN: 2 1
#quadrature order: 16
#numpanels            c*(gradu.n)^2                      BEM        0.5*(gradu)^2 ex.       Boundary Formula 1       Boundary Formula 2
        18                        0        0.248467330247452                        0        0.170985647539581        0.170985647539581                        0
        27                        0        0.257162523789635                        0        0.188965728868425        0.188965728868425                        0
        36                        0        0.257142678240324                        0        0.188834697157461        0.188834697157461                        0
        45                        0         0.26186048192518                        0        0.194659622389994        0.194659622389994                        0
        54                        0        0.263233830679826                        0         0.21088646010501         0.21088646010501                        0
        63                        0        0.264452041207968                        0        0.230313487526475        0.230313487526475                        0
        72                        0        0.265652204729149                        0        0.238718194523676        0.238718194523676                        0
        81                        0        0.265727142482338                        0        0.245188796963844        0.245188796963844                        0
        90                        0        0.265963228261955                        0        0.249521012521647        0.249521012521647                        0
        99                        0        0.266369976091441                        0        0.253098352261185        0.253098352261185                        0
       108                        0        0.266266851954088                        0        0.256577011483364        0.256577011483364                        0
       117                        0        0.266419742202492                        0        0.258496645294724        0.258496645294724                        0
       126                        0        0.266555305242433                        0        0.260538032851265        0.260538032851265                        0
       135                        0        0.266455272098951                        0        0.261892145625498        0.261892145625498                        0
       144                        0        0.266577209793567                        0        0.262780710925868        0.262780710925868                        0
       153                        0        0.266590798108348                        0        0.263873268966925        0.263873268966925                        0
       162                        0        0.266544435103945                        0        0.264377067924877        0.264377067924877                        0
       171                        0        0.266627625948034                        0        0.264891162588435        0.264891162588435                        0
       180                        0        0.266596068148034                        0        0.265421495061721        0.265421495061721                        0
       189                        0        0.266592377376058                        0        0.265585695142563        0.265585695142563                        0
       198                        0        0.266637135848552                        0        0.265928432444978        0.265928432444978                        0
       207                        0        0.266599938086554                        0        0.266134733324948        0.266134733324948                        0
       216                        0        0.266617624401168                        0        0.266195060326753        0.266195060326753                        0
       225                        0        0.266632755490269                        0        0.266423018972697        0.266423018972697                        0
       234                        0        0.266606722997167                        0        0.266463614604389        0.266463614604389                        0
       243                        0        0.266628935096528                        0         0.26651260050126         0.26651260050126                        0
       252                        0        0.266626154286429                        0        0.266643658400598        0.266643658400598                        0
       261                        0        0.266614524657446                        0        0.266618550361758        0.266618550361758                        0
       270                        0        0.266631968499279                        0        0.266677717471373        0.266677717471373                        0
       279                        0        0.266621785386658                        0        0.266730867803949        0.266730867803949                        0
       288                        0        0.266621116432888                        0        0.266696315214225        0.266696315214225                        0
       297                        0        0.266630789480693                        0        0.266756659256051        0.266756659256051                        0
       306                        0        0.266620427942758                        0        0.266757742298292        0.266757742298292                        0
       315                        0        0.266625418074137                        0        0.266738805332676        0.266738805332676                        0
       324                        0        0.266628184089191                        0        0.266785600648581        0.266785600648581                        0
       333                        0        0.266621214797273                        0        0.266761031477852        0.266761031477852                        0
       342                        0        0.266627428437566                        0        0.266762251265626        0.266762251265626                        0
       351                        0        0.266625811115777                        0        0.266787277326796        0.266787277326796                        0
       360                        0        0.266622910237518                        0        0.266757766665547        0.266757766665547                        0
       369                        0        0.266627745141602                        0        0.266772464888762        0.266772464888762                        0
       378                        0         0.26662438715332                        0        0.266776463760908        0.266776463760908                        0
       387                        0        0.266624561816418                        0        0.266754320614367        0.266754320614367                        0
       396                        0        0.266627127365387                        0        0.266772452106733        0.266772452106733                        0
       405                        0        0.266623953065635                        0        0.266762157370027        0.266762157370027                        0
       414                        0        0.266625685644888                        0        0.266751673675391        0.266751673675391                        0
       423                        0        0.266626228030416                        0        0.266765242308394        0.266765242308394                        0
       432                        0        0.266624194988507                        0        0.266749072793101        0.266749072793101                        0
       441                        0        0.266626190362301                        0        0.266748713640265        0.266748713640265                        0
       450                        0        0.266625473163445                        0         0.26675410056382         0.26675410056382                        0
       459                        0        0.266624722515089                        0        0.266738923925807        0.266738923925807                        0
       468                        0        0.266626213517309                        0        0.266744231789622        0.266744231789622                        0
       477                        0        0.266625045007247                        0        0.266741904100634        0.266741904100634                        0
       486                        0        0.266625235847001                        0        0.266731558822816        0.266731558822816                        0
       495                        0        0.266625972507067                        0        0.266737818273508        0.266737818273508                        0
       504                        0        0.266624936808677                        0        0.266730645942591        0.266730645942591                        0
       513                        0        0.266625579921319                        0        0.266725946294275        0.266725946294275                        0
       522                        0        0.266625665442609                        0        0.266729909895215        0.266729909895215                        0
       531                        0        0.266625040823644                        0        0.266721304164061        0.266721304164061                        0
       540                        0        0.266625724546305                        0        0.266720948592101        0.266720948592101                        0
       549                        0        0.266625421965855                        0        0.266721399701898        0.266721399701898                        0
       558                        0        0.266625229479205                        0        0.266714000305022        0.266714000305022                        0
       567                        0        0.266625715211553                        0         0.26671579223722         0.26671579223722                        0
       576                        0        0.266625294099527                        0        0.266713192356914        0.266713192356914                        0
       585                        0        0.266625405830941                        0        0.266708310835898        0.266708310835898                        0
       594                        0        0.266625624746432                        0        0.266710213086045        0.266710213086045                        0
       603                        0        0.266625273897239                        0        0.266705913311793        0.266705913311793                        0
       612                        0         0.26662552054607                        0        0.266703607894832        0.266703607894832                        0
       621                        0        0.266625519178852                        0        0.266704354641211        0.266704354641211                        0
       630                        0        0.266625322271624                        0        0.266699812830685        0.266699812830685                        0
       639                        0        0.266625565764203                        0        0.266699331807721        0.266699331807721                        0
       648                        0        0.266625440527266                        0        0.266698557177201        0.266698557177201                        0
       657                        0        0.266625395277205                        0        0.266694818982664        0.266694818982664                        0
       666                        0         0.26662555891932                        0        0.266695139488443        0.266695139488443                        0
       675                        0        0.266625404058548                        0        0.266693159236011        0.266693159236011                        0
       684                        0         0.26662546033449                        0        0.266690668507354        0.266690668507354                        0
       693                        0        0.266625526200999                        0        0.266690925593025        0.266690925593025                        0
       702                        0        0.266625404928912                        0        0.266688375796998        0.266688375796998                        0
       711                        0        0.266625501563475                        0        0.266687049263376        0.266687049263376                        0
       720                        0        0.266625490654561                        0        0.266686756351237        0.266686756351237                        0
