#square and square, nu_xymn_1
#MM NN: 4 2
#quadrature order: 16
#numpanels            c*(gradu.n)^2                      BEM        0.5*(gradu)^2 ex.       Boundary Formula 1       Boundary Formula 2
        18                        0        0.072181584205032                        0       0.0485881626907578       0.0485881626907578                        0
        27                        0       0.0756671200757003                        0       0.0535874237642796       0.0535874237642796                        0
        36                        0       0.0755415300019676                        0       0.0534901036858863       0.0534901036858863                        0
        45                        0       0.0765523909556362                        0        0.054361777135375        0.054361777135375                        0
        54                        0       0.0785167214311602                        0       0.0603634293705613       0.0603634293705613                        0
        63                        0       0.0790337426045805                        0       0.0670387597940725       0.0670387597940725                        0
        72                        0       0.0794235581490164                        0       0.0699786976815699       0.0699786976815699                        0
        81                        0       0.0797882152192793                        0       0.0723270703149387       0.0723270703149387                        0
        90                        0       0.0798166406904379                        0       0.0739373556078573       0.0739373556078573                        0
        99                        0       0.0799843163859618                        0       0.0752129527004374       0.0752129527004374                        0
       108                        0       0.0800640216447873                        0       0.0764360982136713       0.0764360982136713                        0
       117                        0       0.0800647544420667                        0       0.0772116025635803       0.0772116025635803                        0
       126                        0       0.0801537062821789                        0       0.0778875513583647       0.0778875513583647                        0
       135                        0       0.0801542410087869                        0        0.078409549677622        0.078409549677622                        0
       144                        0       0.0801638191151046                        0       0.0787748010539798       0.0787748010539798                        0
       153                        0       0.0802053253730338                        0       0.0791175278860929       0.0791175278860929                        0
       162                        0       0.0801915767006038                        0       0.0793529924235199       0.0793529924235199                        0
       171                        0       0.0802080974834408                        0        0.079540831164769        0.079540831164769                        0
       180                        0       0.0802214936839813                        0       0.0797090559272621       0.0797090559272621                        0
       189                        0       0.0802113084349716                        0       0.0798170727860178       0.0798170727860178                        0
       198                        0        0.080227495176909                        0        0.079918043884416        0.079918043884416                        0
       207                        0       0.0802270546823208                        0       0.0799970772368007       0.0799970772368007                        0
       216                        0       0.0802236391801451                        0       0.0800492713726867       0.0800492713726867                        0
       225                        0       0.0802349382371576                        0       0.0801042015081269       0.0801042015081269                        0
       234                        0       0.0802299154887707                        0       0.0801392976426892       0.0801392976426892                        0
       243                        0       0.0802315850487628                        0       0.0801668958091299       0.0801668958091299                        0
       252                        0        0.080237118233257                        0        0.080195640482461        0.080195640482461                        0
       261                        0       0.0802323524681691                        0        0.080210425703994        0.080210425703994                        0
       270                        0       0.0802362843306373                        0          0.0802264765531          0.0802264765531                        0
       279                        0       0.0802374498636245                        0       0.0802401134282324       0.0802401134282324                        0
       288                        0        0.080234733817897                        0       0.0802463323265059       0.0802463323265059                        0
       297                        0       0.0802386213631274                        0       0.0802560095780114       0.0802560095780114                        0
       306                        0       0.0802374665639626                        0       0.0802613493061551       0.0802613493061551                        0
       315                        0       0.0802368554640124                        0       0.0802643619880256       0.0802643619880256                        0
       324                        0       0.0802394853539748                        0       0.0802698411230996       0.0802698411230996                        0
       333                        0       0.0802377010282729                        0       0.0802711132354305       0.0802711132354305                        0
       342                        0       0.0802384744742637                        0       0.0802730031389395       0.0802730031389395                        0
       351                        0       0.0802396284181457                        0       0.0802755360456036       0.0802755360456036                        0
       360                        0       0.0802382074603737                        0       0.0802752009718355       0.0802752009718355                        0
       369                        0       0.0802395051807254                        0       0.0802765377172173       0.0802765377172173                        0
       378                        0       0.0802395540997257                        0       0.0802771286791012       0.0802771286791012                        0
       387                        0        0.080238852301018                        0       0.0802764368500591       0.0802764368500591                        0
       396                        0       0.0802400293084479                        0       0.0802772500779981       0.0802772500779981                        0
       405                        0       0.0802395217039791                        0        0.080276750285044        0.080276750285044                        0
       414                        0       0.0802394736361912                        0       0.0802761865740984       0.0802761865740984                        0
       423                        0       0.0802402171733824                        0       0.0802764403323611       0.0802764403323611                        0
       432                        0       0.0802396132365964                        0       0.0802754933186009       0.0802754933186009                        0
       441                        0       0.0802399605278817                        0       0.0802751238573361       0.0802751238573361                        0
       450                        0       0.0802402418419035                        0       0.0802748779441364       0.0802748779441364                        0
       459                        0       0.0802398092015512                        0       0.0802738884160949       0.0802738884160949                        0
       468                        0       0.0802402757974054                        0       0.0802736095543022       0.0802736095543022                        0
       477                        0       0.0802402287552469                        0       0.0802730145784324       0.0802730145784324                        0
       486                        0       0.0802400500923923                        0        0.080272173378854        0.080272173378854                        0
       495                        0       0.0802404414323396                        0       0.0802718649399732       0.0802718649399732                        0
       504                        0       0.0802402436495486                        0        0.080271099825408        0.080271099825408                        0
       513                        0       0.0802402775488324                        0       0.0802704453910251       0.0802704453910251                        0
       522                        0       0.0802405084269751                        0        0.080270040444979        0.080270040444979                        0
       531                        0       0.0802403037477068                        0       0.0802692553942842       0.0802692553942842                        0
       540                        0       0.0802404552533334                        0         0.08026874395404         0.08026874395404                        0
       549                        0       0.0802405293096472                        0       0.0802682388253799       0.0802682388253799                        0
       558                        0       0.0802403972374846                        0       0.0802675269942354       0.0802675269942354                        0
       567                        0       0.0802405729652948                        0       0.0802670909640454       0.0802670909640454                        0
       576                        0       0.0802405421650237                        0       0.0802665239084298       0.0802665239084298                        0
       585                        0       0.0802405016975926                        0       0.0802659206909391       0.0802659206909391                        0
       594                        0       0.0802406398220536                        0       0.0802655052132442       0.0802655052132442                        0
       603                        0       0.0802405662965953                        0       0.0802649277272868       0.0802649277272868                        0
       612                        0       0.0802405970195883                        0       0.0802644267623309       0.0802644267623309                        0
       621                        0       0.0802406738479925                        0       0.0802640039595381       0.0802640039595381                        0
       630                        0       0.0802406054851868                        0       0.0802634589889836       0.0802634589889836                        0
       639                        0       0.0802406716676062                        0       0.0802630332418889       0.0802630332418889                        0
       648                        0       0.0802406929410379                        0       0.0802626002137039       0.0802626002137039                        0
       657                        0        0.080240654359639                        0       0.0802621119906816       0.0802621119906816                        0
       666                        0       0.0802407233181004                        0       0.0802617315883386       0.0802617315883386                        0
       675                        0       0.0802407097317605                        0       0.0802613004459532       0.0802613004459532                        0
       684                        0       0.0802407046145338                        0       0.0802608744028792       0.0802608744028792                        0
       693                        0       0.0802407561180079                        0       0.0802605172945314       0.0802605172945314                        0
       702                        0       0.0802407302802754                        0       0.0802601042858467       0.0802601042858467                        0
       711                        0       0.0802407493232264                        0       0.0802597328358006       0.0802597328358006                        0
