#square and square, nu_xymn_2
#MM NN: 2 5
#quadrature order: 16
#numpanels            c*(gradu.n)^2                      BEM        0.5*(gradu)^2 ex.       Boundary Formula 1       Boundary Formula 2
        18                        0       -0.715188345086664                        0        -0.76482527532843        -0.76482527532843                        0
        27                        0       -0.740140148774078                        0       -0.828996033577392       -0.828996033577392                        0
        36                        0       -0.742838022966871                        0       -0.819048179228213       -0.819048179228213                        0
        45                        0       -0.747222656484803                        0       -0.922827406717864       -0.922827406717864                        0
        54                        0       -0.759486817542185                        0       -0.807673170158527       -0.807673170158527                        0
        63                        0       -0.734417106947907                        0       -0.809060361913262       -0.809060361913262                        0
        72                        0       -0.749204728020428                        0       -0.851614261109382       -0.851614261109382                        0
        81                        0       -0.738140512320158                        0       -0.762595204699469       -0.762595204699469                        0
        90                        0       -0.737291673979351                        0       -0.791555750968485       -0.791555750968485                        0
        99                        0       -0.742386960454595                        0       -0.786164828823365       -0.786164828823365                        0
       108                        0       -0.735753615063832                        0       -0.747974737527681       -0.747974737527681                        0
       117                        0       -0.737900448613951                        0       -0.777186627597098       -0.777186627597098                        0
       126                        0       -0.738696186416491                        0       -0.754557106419693       -0.754557106419693                        0
       135                        0       -0.735867623304545                        0       -0.745692847593139       -0.745692847593139                        0
       144                        0       -0.737811058520886                        0       -0.764862315003916       -0.764862315003916                        0
       153                        0       -0.736911146085417                        0       -0.740884072106719       -0.740884072106719                        0
       162                        0        -0.73616832973374                        0       -0.746521517994758       -0.746521517994758                        0
       171                        0       -0.737432919908412                        0       -0.753684055189105       -0.753684055189105                        0
       180                        0       -0.736207837052805                        0       -0.736604857898103       -0.736604857898103                        0
       189                        0       -0.736366451963025                        0       -0.747175831651094       -0.747175831651094                        0
       198                        0       -0.736935973507176                        0        -0.74489669039915        -0.74489669039915                        0
       207                        0       -0.736016933067176                        0       -0.736580364112246       -0.736580364112246                        0
       216                        0       -0.736450199630797                        0       -0.746411481656174       -0.746411481656174                        0
       225                        0       -0.736492266249752                        0       -0.739291074838417       -0.739291074838417                        0
       234                        0       -0.736022357556278                        0       -0.738059365515929       -0.738059365515929                        0
       243                        0       -0.736436913644119                        0       -0.744245674518819       -0.744245674518819                        0
       252                        0        -0.73620207114737                        0       -0.736610142167415       -0.736610142167415                        0
       261                        0       -0.736075692667457                        0       -0.739546170578853       -0.739546170578853                        0
       270                        0        -0.73635153369125                        0       -0.741456605986114       -0.741456605986114                        0
       279                        0       -0.736060158310404                        0       -0.735968905095095       -0.735968905095095                        0
       288                        0       -0.736120258217518                        0       -0.740311591823894       -0.740311591823894                        0
       297                        0       -0.736234316752599                        0       -0.738941635879384       -0.738941635879384                        0
       306                        0       -0.736013947685955                        0       -0.736424648970305       -0.736424648970305                        0
       315                        0       -0.736138849236582                        0       -0.740183752907905       -0.740183752907905                        0
       324                        0       -0.736127253991041                        0       -0.737238627244502       -0.737238627244502                        0
       333                        0       -0.736013385155699                        0       -0.737227006244791       -0.737227006244791                        0
       342                        0       -0.736129945075379                        0        -0.73938609264553        -0.73938609264553                        0
       351                        0       -0.736053590805891                        0       -0.736430749845866       -0.736430749845866                        0
       360                        0       -0.736026766880711                        0       -0.737883490973521       -0.737883490973521                        0
       369                        0       -0.736100979023481                        0       -0.738325082314803       -0.738325082314803                        0
       378                        0       -0.736014753417938                        0        -0.73630737762055        -0.73630737762055                        0
       387                        0        -0.73603817039105                        0         -0.7381596629711         -0.7381596629711                        0
       396                        0        -0.73606437724309                        0       -0.737372201419918       -0.737372201419918                        0
       405                        0       -0.736000600231257                        0       -0.736557815394654       -0.736557815394654                        0
       414                        0       -0.736041351666146                        0       -0.738041295691312       -0.738041295691312                        0
       423                        0       -0.736031553366302                        0       -0.736734964319287       -0.736734964319287                        0
       432                        0        -0.73599942616689                        0       -0.736900426471577       -0.736900426471577                        0
       441                        0       -0.736035754716465                        0       -0.737659021979483       -0.737659021979483                        0
       450                        0       -0.736008519479559                        0       -0.736445442845563       -0.736445442845563                        0
       459                        0       -0.736002541982482                        0       -0.737146144644849       -0.737146144644849                        0
       468                        0       -0.736024223991414                        0       -0.737192703315004       -0.737192703315004                        0
       477                        0       -0.735995720263826                        0       -0.736419742498674       -0.736419742498674                        0
       486                        0       -0.736004928339894                        0       -0.737214819427938       -0.737214819427938                        0
       495                        0       -0.736010892067812                        0       -0.736790458705717       -0.736790458705717                        0
       504                        0       -0.735990457933791                        0       -0.736530723584154       -0.736530723584154                        0
       513                        0       -0.736004495013659                        0       -0.737118039375295       -0.737118039375295                        0
       522                        0       -0.735999206000251                        0       -0.736528582572551       -0.736528582572551                        0
       531                        0       -0.735989333965628                        0       -0.736662944921796       -0.736662944921796                        0
       540                        0       -0.736001183382003                        0       -0.736921504172957       -0.736921504172957                        0
       549                        0        -0.73599088272682                        0       -0.736412786699702       -0.736412786699702                        0
       558                        0       -0.735989602995865                        0       -0.736742142788245       -0.736742142788245                        0
       567                        0       -0.735996097074894                        0       -0.736703205490585       -0.736703205490585                        0
       576                        0       -0.735985994904141                        0       -0.736403219642387       -0.736403219642387                        0
       585                        0        -0.73598958534836                        0       -0.736741865674197       -0.736741865674197                        0
       594                        0       -0.735990662064093                        0       -0.736522407471053       -0.736522407471053                        0
       603                        0        -0.73598366274448                        0       -0.736444294744981       -0.736444294744981                        0
       612                        0       -0.735988593863716                        0        -0.73667366808464        -0.73667366808464                        0
       621                        0       -0.735985987493192                        0       -0.736406527884839       -0.736406527884839                        0
       630                        0       -0.735982756270794                        0       -0.736487693869839       -0.736487693869839                        0
       639                        0       -0.735986665725211                        0       -0.736569109374741       -0.736569109374741                        0
       648                        0       -0.735982590225416                        0       -0.736353810098778       -0.736353810098778                        0
       657                        0       -0.735982333545778                        0       -0.736504389347018       -0.736504389347018                        0
       666                        0        -0.73598422799023                        0       -0.736461826132154       -0.736461826132154                        0
       675                        0       -0.735980453559113                        0       -0.736344637473976       -0.736344637473976                        0
       684                        0       -0.735981812605714                        0       -0.736486340214299       -0.736486340214299                        0
       693                        0       -0.735981785060437                        0        -0.73637549633807        -0.73637549633807                        0
       702                        0       -0.735979251126884                        0       -0.736354286602941       -0.736354286602941                        0
       711                        0       -0.735980967693902                        0       -0.736441088739659       -0.736441088739659                        0
       720                        0       -0.735979706852052                        0       -0.736319589370615       -0.736319589370615                        0
