#square and square, nu_xymn_1
#MM NN: 5 2
#quadrature order: 16
#numpanels            c*(gradu.n)^2                      BEM        0.5*(gradu)^2 ex.       Boundary Formula 1       Boundary Formula 2
        18                        0       0.0535300606711523                        0       0.0356573728360432       0.0356573728360432                        0
        27                        0       0.0563264676585235                        0       0.0393067697017813       0.0393067697017813                        0
        36                        0       0.0562821712482927                        0       0.0392821786262608       0.0392821786262608                        0
        45                        0       0.0569393704595165                        0       0.0398646671736186       0.0398646671736186                        0
        54                        0       0.0589990169194012                        0          0.0445723888526          0.0445723888526                        0
        63                        0       0.0598884059566484                        0       0.0499765969203045       0.0499765969203045                        0
        72                        0       0.0603055989699511                        0       0.0525094356209039       0.0525094356209039                        0
        81                        0       0.0607108781619944                        0       0.0544259079530843       0.0544259079530843                        0
        90                        0       0.0608266211430593                        0       0.0558101660961178       0.0558101660961178                        0
        99                        0       0.0609864073609607                        0       0.0569279684819664       0.0569279684819664                        0
       108                        0       0.0610917818686988                        0       0.0579553462986435       0.0579553462986435                        0
       117                        0       0.0611209033332352                        0       0.0586451761056227       0.0586451761056227                        0
       126                        0       0.0611994762398892                        0       0.0592325279406784       0.0592325279406784                        0
       135                        0       0.0612181961081491                        0       0.0596828777769828       0.0596828777769828                        0
       144                        0       0.0612346565325295                        0       0.0600133133797153       0.0600133133797153                        0
       153                        0       0.0612712290402739                        0        0.060309218226674        0.060309218226674                        0
       162                        0       0.0612691359251987                        0       0.0605181286840502       0.0605181286840502                        0
       171                        0       0.0612846093753358                        0       0.0606880649642515       0.0606880649642515                        0
       180                        0       0.0612978462488144                        0       0.0608333661864077       0.0608333661864077                        0
       189                        0       0.0612940299637002                        0       0.0609322451635423       0.0609322451635423                        0
       198                        0       0.0613072376787366                        0       0.0610225961689097       0.0610225961689097                        0
       207                        0       0.0613090286040405                        0       0.0610917935928559       0.0610917935928559                        0
       216                        0       0.0613082056332157                        0       0.0611409544724023       0.0611409544724023                        0
       225                        0       0.0613171739631687                        0       0.0611894143307528       0.0611894143307528                        0
       234                        0       0.0613148400059996                        0       0.0612212722760937       0.0612212722760937                        0
       243                        0        0.061316825619184                        0       0.0612476008996516       0.0612476008996516                        0
       252                        0       0.0613213596168324                        0       0.0612727965113892       0.0612727965113892                        0
       261                        0       0.0613187108217083                        0       0.0612872122957519       0.0612872122957519                        0
       270                        0       0.0613219388801579                        0        0.061302376947294        0.061302376947294                        0
       279                        0       0.0613231885055698                        0       0.0613145270281573       0.0613145270281573                        0
       288                        0       0.0613217046038123                        0       0.0613212996031999       0.0613212996031999                        0
       297                        0       0.0613247303101929                        0       0.0613302564455448       0.0613302564455448                        0
       306                        0       0.0613242151889364                        0       0.0613353942430321       0.0613353942430321                        0
       315                        0        0.061324055607181                        0       0.0613390165625467       0.0613390165625467                        0
       324                        0          0.0613261032257                        0       0.0613440379224166       0.0613440379224166                        0
       333                        0       0.0613250578814982                        0       0.0613457511207368       0.0613457511207368                        0
       342                        0       0.0613257816424949                        0       0.0613480385531464       0.0613480385531464                        0
       351                        0       0.0613267347272473                        0       0.0613504434382105       0.0613504434382105                        0
       360                        0       0.0613258861599413                        0       0.0613507479996343       0.0613507479996343                        0
       369                        0       0.0613269235376891                        0       0.0613522878505363       0.0613522878505363                        0
       378                        0       0.0613270630406767                        0       0.0613530423808968       0.0613530423808968                        0
       387                        0       0.0613266802235133                        0       0.0613529413269702       0.0613529413269702                        0
       396                        0       0.0613275971338189                        0       0.0613538718154279       0.0613538718154279                        0
       405                        0       0.0613273207715789                        0       0.0613537212468738       0.0613537212468738                        0
       414                        0       0.0613273697605514                        0       0.0613536056623985       0.0613536056623985                        0
       423                        0       0.0613279580192511                        0       0.0613539861654188       0.0613539861654188                        0
       432                        0       0.0613275968406946                        0       0.0613534580280264       0.0613534580280264                        0
       441                        0        0.061327903613988                        0       0.0613533963369669       0.0613533963369669                        0
       450                        0       0.0613281507747781                        0       0.0613533318445251       0.0613533318445251                        0
       459                        0       0.0613278975917498                        0       0.0613527431928711       0.0613527431928711                        0
       468                        0       0.0613282731283282                        0       0.0613526773431983       0.0613526773431983                        0
       477                        0       0.0613282786357204                        0       0.0613523176767441       0.0613523176767441                        0
       486                        0       0.0613281944219919                        0       0.0613518129540585       0.0613518129540585                        0
       495                        0       0.0613285056753171                        0       0.0613516735879547       0.0613516735879547                        0
       504                        0       0.0613283979269431                        0       0.0613511716040029       0.0613511716040029                        0
       513                        0       0.0613284553386214                        0       0.0613507790028384       0.0613507790028384                        0
       522                        0       0.0613286454214009                        0       0.0613505349018594       0.0613505349018594                        0
       531                        0       0.0613285277030092                        0       0.0613500099729693       0.0613500099729693                        0
       540                        0        0.061328661231208                        0       0.0613496982692453       0.0613496982692453                        0
       549                        0       0.0613287351469407                        0       0.0613493612711918       0.0613493612711918                        0
       558                        0       0.0613286645520503                        0       0.0613488838040209       0.0613488838040209                        0
       567                        0       0.0613288096235074                        0       0.0613486066717701       0.0613486066717701                        0
       576                        0       0.0613288057600061                        0       0.0613482147241504       0.0613482147241504                        0
       585                        0       0.0613287962646591                        0       0.0613478098338343       0.0613478098338343                        0
       594                        0       0.0613289104729314                        0       0.0613475320150298       0.0613475320150298                        0
       603                        0       0.0613288737768226                        0       0.0613471282738286       0.0613471282738286                        0
       612                        0       0.0613289113779649                        0       0.0613467901969367       0.0613467901969367                        0
       621                        0       0.0613289790938994                        0       0.0613464965868312       0.0613464965868312                        0
       630                        0       0.0613289439923859                        0       0.0613461145556562       0.0613461145556562                        0
       639                        0        0.061329003858162                        0       0.0613458233465657       0.0613458233465657                        0
       648                        0       0.0613290300292657                        0       0.0613455163278395       0.0613455163278395                        0
       657                        0       0.0613290142263534                        0       0.0613451738454133       0.0613451738454133                        0
       666                        0       0.0613290737112081                        0       0.0613449086275913       0.0613449086275913                        0
       675                        0       0.0613290736044139                        0       0.0613446001467381       0.0613446001467381                        0
       684                        0       0.0613290798751982                        0       0.0613443005764114       0.0613443005764114                        0
       693                        0       0.0613291251462305                        0       0.0613440469411794       0.0613440469411794                        0
       702                        0       0.0613291151516433                        0       0.0613437505116548       0.0613437505116548                        0
       711                        0       0.0613291370592049                        0       0.0613434877947405       0.0613434877947405                        0
       720                        0        0.061329163994096                        0       0.0613432396676208       0.0613432396676208                        0
