#square and square, nu_xymn_2
#MM NN: 5 4
#quadrature order: 16
#numpanels            c*(gradu.n)^2                      BEM        0.5*(gradu)^2 ex.       Boundary Formula 1       Boundary Formula 2
        18                        0      0.00816129539952713                        0         0.01074132218437         0.01074132218437                        0
        27                        0      0.00874261760211727                        0       0.0119846575007863       0.0119846575007863                        0
        36                        0      0.00885940555253446                        0       0.0116612184498567       0.0116612184498567                        0
        45                        0      0.00881201930824031                        0       0.0118432585146522       0.0118432585146522                        0
        54                        0       0.0097378307939336                        0       0.0125098280432906       0.0125098280432906                        0
        63                        0       0.0102455482852642                        0       0.0128324553428969       0.0128324553428969                        0
        72                        0        0.010435124402637                        0       0.0125110862068076       0.0125110862068076                        0
        81                        0       0.0106500859715021                        0        0.012469103997353        0.012469103997353                        0
        90                        0       0.0107415902559604                        0         0.01228276588788         0.01228276588788                        0
        99                        0       0.0108130857855173                        0       0.0120511182868531       0.0120511182868531                        0
       108                        0       0.0108811569781459                        0       0.0119216633048996       0.0119216633048996                        0
       117                        0       0.0109062843073518                        0       0.0117512125634295       0.0117512125634295                        0
       126                        0       0.0109415993665676                        0       0.0116264868343921       0.0116264868343921                        0
       135                        0       0.0109610474451982                        0       0.0115332113537615       0.0115332113537615                        0
       144                        0       0.0109708423598467                        0       0.0114348298964839       0.0114348298964839                        0
       153                        0         0.01098872072095                        0       0.0113717549086512       0.0113717549086512                        0
       162                        0       0.0109931768674978                        0       0.0113135374575734       0.0113135374575734                        0
       171                        0       0.0109996031291515                        0       0.0112619639493435       0.0112619639493435                        0
       180                        0       0.0110076546484057                        0        0.011228941751883        0.011228941751883                        0
       189                        0       0.0110082099565266                        0       0.0111945896134787       0.0111945896134787                        0
       198                        0       0.0110133199640754                        0       0.0111688937598641       0.0111688937598641                        0
       207                        0       0.0110160656982336                        0       0.0111501039151823       0.0111501039151823                        0
       216                        0       0.0110162898636071                        0       0.0111303942253204       0.0111303942253204                        0
       225                        0       0.0110199984733533                        0       0.0111176854134506       0.0111176854134506                        0
       234                        0       0.0110203427333405                        0       0.0111060590431073       0.0111060590431073                        0
       243                        0       0.0110210701898575                        0       0.0110950916420206       0.0110950916420206                        0
       252                        0        0.011023286851548                        0       0.0110883916217308       0.0110883916217308                        0
       261                        0       0.0110228974182553                        0       0.0110808438704991       0.0110808438704991                        0
       270                        0       0.0110239958020096                        0       0.0110749281477109       0.0110749281477109                        0
       279                        0       0.0110249869268137                        0        0.011070858361402        0.011070858361402                        0
       288                        0       0.0110246485033878                        0        0.011065927536585        0.011065927536585                        0
       297                        0        0.011025758359894                        0       0.0110627556029742       0.0110627556029742                        0
       306                        0       0.0110259758102159                        0        0.011059883616557        0.011059883616557                        0
       315                        0       0.0110259350938708                        0       0.0110567367356609       0.0110567367356609                        0
       324                        0       0.0110267872846949                        0       0.0110549190347809       0.0110549190347809                        0
       333                        0        0.011026656950509                        0       0.0110527266478894       0.0110527266478894                        0
       342                        0        0.011026881722161                        0       0.0110507847640072       0.0110507847640072                        0
       351                        0       0.0110273849703305                        0       0.0110495634022812       0.0110495634022812                        0
       360                        0       0.0110271975501543                        0       0.0110478839052439       0.0110478839052439                        0
       369                        0       0.0110275509069919                        0       0.0110467038073019       0.0110467038073019                        0
       378                        0       0.0110277545773433                        0       0.0110457307083559       0.0110457307083559                        0
       387                        0       0.0110276528746691                        0       0.0110444899803281       0.0110444899803281                        0
       396                        0       0.0110279999522862                        0       0.0110437416199879       0.0110437416199879                        0
       405                        0       0.0110280168107347                        0       0.0110428994265328       0.0110428994265328                        0
       414                        0       0.0110280322137752                        0       0.0110420235243678       0.0110420235243678                        0
       423                        0       0.0110282907221001                        0         0.01104148772924         0.01104148772924                        0
       432                        0       0.0110282324112096                        0       0.0110407613756076       0.0110407613756076                        0
       441                        0       0.0110283336129948                        0        0.011040161163763        0.011040161163763                        0
       450                        0       0.0110284810890204                        0       0.0110397169114815       0.0110397169114815                        0
       459                        0       0.0110284245214614                        0       0.0110391173865054       0.0110391173865054                        0
       468                        0       0.0110285597406729                        0       0.0110387014993003       0.0110387014993003                        0
       477                        0       0.0110286158078524                        0       0.0110382996320676       0.0110382996320676                        0
       486                        0       0.0110285966285176                        0        0.011037829461353        0.011037829461353                        0
       495                        0        0.011028721569272                        0       0.0110375210625188       0.0110375210625188                        0
       504                        0         0.01102872340814                        0       0.0110371536736554       0.0110371536736554                        0
       513                        0       0.0110287451073928                        0       0.0110367988416072       0.0110367988416072                        0
       522                        0       0.0110288353368946                        0       0.0110365453059499       0.0110365453059499                        0
       531                        0       0.0110288182909685                        0       0.0110362202782728       0.0110362202782728                        0
       540                        0       0.0110288666665058                        0       0.0110359551910323       0.0110359551910323                        0
       549                        0       0.0110289176318842                        0       0.0110357284881694       0.0110357284881694                        0
       558                        0       0.0110289051828355                        0       0.0110354536290785       0.0110354536290785                        0
       567                        0       0.0110289614758206                        0       0.0110352498618235       0.0110352498618235                        0
       576                        0       0.0110289817342202                        0       0.0110350404302966       0.0110350404302966                        0
       585                        0       0.0110289837446009                        0        0.011034816833682        0.011034816833682                        0
       594                        0       0.0110290331977569                        0       0.0110346503416478       0.0110346503416478                        0
       603                        0       0.0110290362024292                        0       0.0110344587746258       0.0110344587746258                        0
       612                        0       0.0110290521599262                        0       0.0110342805695007       0.0110342805695007                        0
       621                        0        0.011029087420604                        0       0.0110341352252578       0.0110341352252578                        0
       630                        0       0.0110290852713684                        0       0.0110339651621979       0.0110339651621979                        0
       639                        0       0.0110291092791296                        0       0.0110338224001341       0.0110338224001341                        0
       648                        0       0.0110291298392273                        0       0.0110336899975806       0.0110336899975806                        0
       657                        0       0.0110291301770594                        0       0.0110335437844111       0.0110335437844111                        0
       666                        0       0.0110291554002703                        0       0.0110334259038637       0.0110334259038637                        0
       675                        0       0.0110291649950677                        0       0.0110333039784572       0.0110333039784572                        0
       684                        0       0.0110291706441909                        0        0.011033181096837        0.011033181096837                        0
       693                        0       0.0110291920857844                        0       0.0110330794518896       0.0110330794518896                        0
       702                        0       0.0110291957996038                        0        0.011032968473265        0.011032968473265                        0
       711                        0         0.01102920606454                        0       0.0110328658953483       0.0110328658953483                        0
