#square and square, nu_xymn_2
#MM NN: 3 4
#quadrature order: 16
#numpanels            c*(gradu.n)^2                      BEM        0.5*(gradu)^2 ex.       Boundary Formula 1       Boundary Formula 2
        18                        0       -0.360453687413698                        0       -0.365614610208281       -0.365614610208281                        0
        27                        0       -0.363552040334157                        0       -0.384436002879339       -0.384436002879339                        0
        36                        0       -0.370286037669227                        0        -0.39216128444151        -0.39216128444151                        0
        45                        0       -0.373949360727124                        0       -0.453937298073874       -0.453937298073874                        0
        54                        0       -0.370526691848099                        0       -0.372342638151996       -0.372342638151996                        0
        63                        0       -0.354031369561494                        0         -0.3801067324886         -0.3801067324886                        0
        72                        0       -0.363093294014503                        0       -0.413366115412551       -0.413366115412551                        0
        81                        0       -0.353286526316841                        0       -0.353010532888998       -0.353010532888998                        0
        90                        0       -0.352634234172981                        0       -0.376967101151873       -0.376967101151873                        0
        99                        0       -0.355743251923376                        0       -0.374781513667649       -0.374781513667649                        0
       108                        0       -0.350406800107396                        0        -0.34970048961527        -0.34970048961527                        0
       117                        0       -0.351992182020405                        0       -0.372779619620097       -0.372779619620097                        0
       126                        0       -0.352225184124785                        0       -0.357418093820359       -0.357418093820359                        0
       135                        0        -0.35000993755269                        0       -0.352124389712236       -0.352124389712236                        0
       144                        0       -0.351484585823767                        0       -0.366980979024511       -0.366980979024511                        0
       153                        0       -0.350586573384973                        0       -0.350286636109425       -0.350286636109425                        0
       162                        0       -0.350037446092783                        0        -0.35488114954358        -0.35488114954358                        0
       171                        0        -0.35097055329319                        0        -0.36041048092519        -0.36041048092519                        0
       180                        0       -0.349941430999866                        0       -0.348544243722407       -0.348544243722407                        0
       189                        0       -0.350092180468831                        0       -0.356452852102329       -0.356452852102329                        0
       198                        0       -0.350472416257839                        0       -0.354910448598319       -0.354910448598319                        0
       207                        0       -0.349749957494024                        0       -0.349209846300437       -0.349209846300437                        0
       216                        0       -0.350098904139813                        0        -0.35642471801685        -0.35642471801685                        0
       225                        0       -0.350079246438863                        0       -0.351373114297384       -0.351373114297384                        0
       234                        0        -0.34973068083614                        0       -0.350633424502074       -0.350633424502074                        0
       243                        0       -0.350048876428764                        0       -0.355104683650614       -0.355104683650614                        0
       252                        0        -0.34983654287464                        0       -0.349722547400626       -0.349722547400626                        0
       261                        0       -0.349756099111427                        0       -0.351889790085814       -0.351889790085814                        0
       270                        0       -0.349955654324584                        0       -0.353233178919942       -0.353233178919942                        0
       279                        0       -0.349720473653371                        0       -0.349407411858093       -0.349407411858093                        0
       288                        0       -0.349777883298764                        0       -0.352529661030913       -0.352529661030913                        0
       297                        0       -0.349849039106065                        0        -0.35152898611483        -0.35152898611483                        0
       306                        0        -0.34968152650751                        0       -0.349809157321387       -0.349809157321387                        0
       315                        0       -0.349781360781639                        0       -0.352477106591242       -0.352477106591242                        0
       324                        0       -0.349758899327665                        0       -0.350385592145428       -0.350385592145428                        0
       333                        0       -0.349678050619207                        0       -0.350421111387229       -0.350421111387229                        0
       342                        0       -0.349765472532856                        0       -0.351927500509676       -0.351927500509676                        0
       351                        0        -0.34969939914548                        0       -0.349858508621081       -0.349858508621081                        0
       360                        0       -0.349684940423011                        0        -0.35090658597642        -0.35090658597642                        0
       369                        0        -0.34973656041838                        0       -0.351191237020396       -0.351191237020396                        0
       378                        0       -0.349668593380154                        0       -0.349799563175526       -0.349799563175526                        0
       387                        0       -0.349690057055641                        0       -0.351108402536371       -0.351108402536371                        0
       396                        0       -0.349704387753037                        0       -0.350536294373757       -0.350536294373757                        0
       405                        0       -0.349657044855771                        0       -0.349992466040945       -0.349992466040945                        0
       414                        0       -0.349688971116982                        0       -0.351025383260374       -0.351025383260374                        0
       423                        0       -0.349677197415752                        0        -0.35010520707606        -0.35010520707606                        0
       432                        0       -0.349655174328498                        0       -0.350241475392149       -0.350241475392149                        0
       441                        0       -0.349681674111042                        0       -0.350757120791968       -0.350757120791968                        0
       450                        0       -0.349658721167048                        0       -0.349916132881398       -0.349916132881398                        0
       459                        0       -0.349656264575738                        0        -0.35041616883912        -0.35041616883912                        0
       468                        0       -0.349670635746525                        0       -0.350433640696083       -0.350433640696083                        0
       477                        0       -0.349648541931341                        0        -0.34990800637065        -0.34990800637065                        0
       486                        0       -0.349656630431212                        0       -0.350463311496729       -0.350463311496729                        0
       495                        0        -0.34965905558118                        0       -0.350158409470681       -0.350158409470681                        0
       504                        0       -0.349644154469794                        0       -0.349991326643549       -0.349991326643549                        0
       513                        0       -0.349654885480535                        0       -0.350394167306314       -0.350394167306314                        0
       522                        0       -0.349649379347004                        0       -0.349982576771393       -0.349982576771393                        0
       531                        0       -0.349642797182999                        0       -0.350085923854511       -0.350085923854511                        0
       540                        0       -0.349651164812777                        0       -0.350256895768593       -0.350256895768593                        0
       549                        0       -0.349642641992965                        0       -0.349908035247364       -0.349908035247364                        0
       558                        0       -0.349642376332638                        0       -0.350141139942607       -0.350141139942607                        0
       567                        0       -0.349646404130843                        0       -0.350106599588003       -0.350106599588003                        0
       576                        0       -0.349638664469109                        0       -0.349905796807659       -0.349905796807659                        0
       585                        0       -0.349641686660464                        0        -0.35014002756863        -0.35014002756863                        0
       594                        0       -0.349641683745686                        0       -0.349983976203385       -0.349983976203385                        0
       603                        0       -0.349636637207208                        0       -0.349936830823349       -0.349936830823349                        0
       612                        0       -0.349640293802824                        0       -0.350091953230988       -0.350091953230988                        0
       621                        0       -0.349637771164085                        0       -0.349907006732916       -0.349907006732916                        0
       630                        0        -0.34963564909786                        0       -0.349967843077291       -0.349967843077291                        0
       639                        0       -0.349638292719335                        0         -0.3500196057772         -0.3500196057772                        0
       648                        0       -0.349634961206121                        0       -0.349873512852343       -0.349873512852343                        0
       657                        0       -0.349634989988169                        0       -0.349979338103759       -0.349979338103759                        0
       666                        0       -0.349636035735427                        0       -0.349946418021435       -0.349946418021435                        0
       675                        0       -0.349633160204199                        0       -0.349869339607082       -0.349869339607082                        0
       684                        0       -0.349634249698594                        0       -0.349966479022526       -0.349966479022526                        0
       693                        0       -0.349633896273476                        0       -0.349888425994058       -0.349888425994058                        0
       702                        0       -0.349632072691154                        0       -0.349877237313545       -0.349877237313545                        0
       711                        0       -0.349633291448122                        0       -0.349935060027879       -0.349935060027879                        0
       720                        0       -0.349632122594708                        0       -0.349851657713671       -0.349851657713671                        0
