#square and square, nu_xymn_1
#MM NN: 4 4
#quadrature order: 16
#numpanels            c*(gradu.n)^2                      BEM        0.5*(gradu)^2 ex.       Boundary Formula 1       Boundary Formula 2
        18                        0       0.0239011822190694                        0       0.0165638693058653       0.0165638693058653                        0
        27                        0       0.0249106149322486                        0       0.0183447869522394       0.0183447869522394                        0
        36                        0       0.0247249965089997                        0       0.0181465854770757       0.0181465854770757                        0
        45                        0       0.0251106152262472                        0       0.0184293298825125       0.0184293298825125                        0
        54                        0        0.025161668179771                        0       0.0201625022546899       0.0201625022546899                        0
        63                        0       0.0247682137824034                        0       0.0219218853728775       0.0219218853728775                        0
        72                        0       0.0247087638514497                        0       0.0225132364757697       0.0225132364757697                        0
        81                        0       0.0246876724731181                        0       0.0230813249350999       0.0230813249350999                        0
        90                        0       0.0245874145746255                        0       0.0234013478559657       0.0234013478559657                        0
        99                        0       0.0245870144794967                        0       0.0236240603279299       0.0236240603279299                        0
       108                        0       0.0245625337999772                        0       0.0238818444289329       0.0238818444289329                        0
       117                        0         0.02452657623736                        0       0.0240059513727198       0.0240059513727198                        0
       126                        0       0.0245362403511239                        0       0.0241257193573828       0.0241257193573828                        0
       135                        0       0.0245168154584075                        0       0.0242214356187903       0.0242214356187903                        0
       144                        0       0.0245068097779588                        0        0.024272840425296        0.024272840425296                        0
       153                        0       0.0245125445433519                        0       0.0243347854481791       0.0243347854481791                        0
       162                        0       0.0244993698816124                        0       0.0243716214282524       0.0243716214282524                        0
       171                        0       0.0244995932340715                        0       0.0243978143999156       0.0243978143999156                        0
       180                        0       0.0245002304963612                        0        0.024427981329167        0.024427981329167                        0
       189                        0       0.0244927382139117                        0       0.0244417455686646       0.0244417455686646                        0
       198                        0       0.0244958656821251                        0       0.0244568332110247       0.0244568332110247                        0
       207                        0       0.0244936068986506                        0       0.0244699882089507       0.0244699882089507                        0
       216                        0       0.0244904045454975                        0        0.024475291668357        0.024475291668357                        0
       225                        0        0.024493104731764                        0       0.0244842098752579       0.0244842098752579                        0
       234                        0       0.0244901293755861                        0        0.024488873313226        0.024488873313226                        0
       243                        0       0.0244896160545557                        0       0.0244913965387108       0.0244913965387108                        0
       252                        0       0.0244908755509459                        0       0.0244962129536182       0.0244962129536182                        0
       261                        0       0.0244884431926497                        0       0.0244971636598366       0.0244971636598366                        0
       270                        0       0.0244891938490374                        0       0.0244988129247727       0.0244988129247727                        0
       279                        0       0.0244891911835917                        0       0.0245008706785548       0.0245008706785548                        0
       288                        0       0.0244877339170695                        0       0.0245005644228129       0.0245005644228129                        0
       297                        0       0.0244887312298638                        0          0.0245017536437          0.0245017536437                        0
       306                        0       0.0244880440400821                        0       0.0245021461714236       0.0245021461714236                        0
       315                        0       0.0244874855508082                        0       0.0245016708388178       0.0245016708388178                        0
       324                        0       0.0244881895587328                        0       0.0245023865990046       0.0245023865990046                        0
       333                        0       0.0244873504521197                        0        0.024501959502635        0.024501959502635                        0
       342                        0        0.024487387167079                        0        0.024501658584239        0.024501658584239                        0
       351                        0       0.0244876532142197                        0        0.024501890917251        0.024501890917251                        0
       360                        0       0.0244869859120823                        0       0.0245012066145572       0.0245012066145572                        0
       369                        0       0.0244872843177528                        0       0.0245010747713784       0.0245010747713784                        0
       378                        0       0.0244872029308383                        0       0.0245009153904479       0.0245009153904479                        0
       387                        0       0.0244868224710353                        0       0.0245002775358609       0.0245002775358609                        0
       396                        0       0.0244871324523371                        0       0.0245002003941075       0.0245002003941075                        0
       405                        0       0.0244868755468053                        0       0.0244998029081455       0.0244998029081455                        0
       414                        0       0.0244867544083063                        0       0.0244993227560147       0.0244993227560147                        0
       423                        0       0.0244869470129456                        0       0.0244992018395129       0.0244992018395129                        0
       432                        0       0.0244866673810039                        0       0.0244987177704061       0.0244987177704061                        0
       441                        0       0.0244867112194241                        0       0.0244983906074597       0.0244983906074597                        0
       450                        0       0.0244867617920992                        0       0.0244981856546392       0.0244981856546392                        0
       459                        0       0.0244865509142964                        0       0.0244977235809753       0.0244977235809753                        0
       468                        0       0.0244866583770447                        0       0.0244974949153686       0.0244974949153686                        0
       477                        0       0.0244866042772478                        0       0.0244972172219672       0.0244972172219672                        0
       486                        0       0.0244864912401457                        0       0.0244968318126578       0.0244968318126578                        0
       495                        0       0.0244865887474276                        0       0.0244966432636359       0.0244966432636359                        0
       504                        0       0.0244864870816235                        0       0.0244963303202974       0.0244963303202974                        0
       513                        0       0.0244864577656604                        0       0.0244960316704618       0.0244960316704618                        0
       522                        0       0.0244865101170221                        0         0.02449584430078         0.02449584430078                        0
       531                        0       0.0244864092901802                        0       0.0244955357429456       0.0244955357429456                        0
       540                        0       0.0244864301203212                        0       0.0244953072178831       0.0244953072178831                        0
       549                        0       0.0244864341946492                        0       0.0244951063507501       0.0244951063507501                        0
       558                        0       0.0244863618065334                        0       0.0244948297269986       0.0244948297269986                        0
       567                        0       0.0244863988890692                        0       0.0244946454828655       0.0244946454828655                        0
       576                        0       0.0244863699072245                        0       0.0244944345219957       0.0244944345219957                        0
       585                        0       0.0244863329863898                        0       0.0244942012853515       0.0244942012853515                        0
       594                        0       0.0244863629199909                        0       0.0244940385549087       0.0244940385549087                        0
       603                        0       0.0244863210381303                        0       0.0244938292770974       0.0244938292770974                        0
       612                        0       0.0244863127382903                        0       0.0244936376704833       0.0244936376704833                        0
       621                        0       0.0244863253875677                        0       0.0244934824461822       0.0244934824461822                        0
       630                        0       0.0244862867882408                        0       0.0244932868063702       0.0244932868063702                        0
       639                        0        0.024486294526837                        0       0.0244931276715163       0.0244931276715163                        0
       648                        0       0.0244862903646558                        0        0.024492974960899        0.024492974960899                        0
       657                        0       0.0244862636448274                        0       0.0244928005003666       0.0244928005003666                        0
       666                        0       0.0244862755263729                        0       0.0244926629302989       0.0244926629302989                        0
       675                        0       0.0244862607520285                        0       0.0244925139418373       0.0244925139418373                        0
       684                        0       0.0244862473580619                        0       0.0244923626934835       0.0244923626934835                        0
       693                        0       0.0244862556227222                        0       0.0244922378333117       0.0244922378333117                        0
       702                        0       0.0244862375894381                        0       0.0244920963923462       0.0244920963923462                        0
       711                        0       0.0244862343592834                        0       0.0244919660892113       0.0244919660892113                        0
