#square and square, nu_xymn_1
#MM NN: 4 4
#quadrature order: 16
#numpanels            c*(gradu.n)^2                      BEM        0.5*(gradu)^2 ex.       Boundary Formula 1       Boundary Formula 2
        18                        0       0.0413253950667978                        0       -0.034286534914961       -0.034286534914961                        0
        27                        0       0.0395471874824079                        0     -0.00254215751415299     -0.00254215751415299                        0
        36                        0       0.0303639898414668                        0      -0.0039299894103753      -0.0039299894103753                        0
        45                        0       0.0522761579526307                        0       0.0668189820302767       0.0668189820302767                        0
        54                        0      0.00687439107729065                        0     -0.00869868171309655     -0.00869868171309655                        0
        63                        0       0.0205660718824613                        0       0.0387686951130366       0.0387686951130366                        0
        72                        0      0.00380244739178476                        0       0.0267456679150842       0.0267456679150842                        0
        81                        0       0.0113072219445679                        0      0.00444931411098423      0.00444931411098423                        0
        90                        0      0.00880918580080303                        0       0.0275415774366849       0.0275415774366849                        0
        99                        0      0.00472739176486692                        0       0.0084180373502834       0.0084180373502834                        0
       108                        0      0.00930259033334746                        0       0.0103428125388612       0.0103428125388612                        0
       117                        0      0.00581927809853583                        0       0.0172096580759764       0.0172096580759764                        0
       126                        0      0.00645847121644544                        0      0.00547647166009619      0.00547647166009619                        0
       135                        0      0.00753396129368744                        0       0.0097724547071554       0.0097724547071554                        0
       144                        0      0.00531201731255543                        0       0.0117827867493937       0.0117827867493937                        0
       153                        0      0.00694864384348659                        0      0.00450910035662672      0.00450910035662672                        0
       162                        0      0.00660508971845386                        0       0.0088844816856797       0.0088844816856797                        0
       171                        0      0.00561325594740647                        0      0.00848791720768799      0.00848791720768799                        0
       180                        0      0.00688526380774296                        0       0.0046976375736126       0.0046976375736126                        0
       189                        0      0.00616337345621787                        0      0.00830018152560803      0.00830018152560803                        0
       198                        0       0.0060421500078347                        0      0.00652550904978606      0.00652550904978606                        0
       207                        0      0.00667593492105495                        0      0.00514357616095177      0.00514357616095177                        0
       216                        0      0.00601260918130297                        0       0.0078773725429595       0.0078773725429595                        0
       225                        0      0.00632296106192032                        0      0.00545816863564165      0.00545816863564165                        0
       234                        0      0.00647421254099562                        0       0.0056658029552226       0.0056658029552226                        0
       243                        0      0.00603961977115369                        0      0.00738134202782125      0.00738134202782125                        0
       252                        0      0.00643486518664449                        0      0.00505370689745748      0.00505370689745748                        0
       261                        0      0.00632809089797465                        0      0.00615550099810564      0.00615550099810564                        0
       270                        0      0.00614598209135736                        0      0.00677120232727132      0.00677120232727132                        0
       279                        0      0.00644157747363711                        0      0.00506970798672001      0.00506970798672001                        0
       288                        0      0.00624703610647814                        0      0.00651103305961162      0.00651103305961162                        0
       297                        0      0.00625320913266747                        0      0.00618216224098117      0.00618216224098117                        0
       306                        0      0.00640237360464779                        0      0.00532245803551049      0.00532245803551049                        0
       315                        0      0.00622382872208055                        0      0.00665402667953872      0.00665402667953872                        0
       324                        0      0.00632361950802823                        0      0.00576181993844523      0.00576181993844523                        0
       333                        0      0.00635413319042244                        0      0.00567116060096703      0.00567116060096703                        0
       342                        0      0.00624012000232066                        0      0.00657784669511957      0.00657784669511957                        0
       351                        0       0.0063541221332572                        0      0.00556489416615964      0.00556489416615964                        0
       360                        0      0.00631590274817406                        0      0.00600276219971815      0.00600276219971815                        0
       369                        0      0.00627304473519646                        0      0.00635959651927381      0.00635959651927381                        0
       378                        0      0.00635679036733716                        0      0.00556521812134999      0.00556521812134999                        0
       387                        0      0.00629496729184686                        0      0.00623544745090394      0.00623544745090394                        0
       396                        0      0.00630433039367639                        0        0.006113027768687        0.006113027768687                        0
       405                        0      0.00634553291581641                        0      0.00569660219740874      0.00569660219740874                        0
       414                        0      0.00629064788444478                        0      0.00633270961120646      0.00633270961120646                        0
       423                        0      0.00632504723466792                        0      0.00592787302608968      0.00592787302608968                        0
       432                        0      0.00633096262699251                        0      0.00588270837989656      0.00588270837989656                        0
       441                        0      0.00629745748721411                        0      0.00630891924453936      0.00630891924453936                        0
       450                        0       0.0063341830402236                        0      0.00584304955224866      0.00584304955224866                        0
       459                        0      0.00631944723025063                        0      0.00605669806734572      0.00605669806734572                        0
       468                        0      0.00630860001584238                        0      0.00621436688603305      0.00621436688603305                        0
       477                        0      0.00633481823977666                        0       0.0058529846837496       0.0058529846837496                        0
       486                        0      0.00631355308433218                        0      0.00617490391503787      0.00617490391503787                        0
       495                        0       0.0063188255102869                        0      0.00610712857542912      0.00610712857542912                        0
       504                        0      0.00633103494688464                        0      0.00592619720765612      0.00592619720765612                        0
       513                        0      0.00631298675688452                        0      0.00622324271825497      0.00622324271825497                        0
       522                        0      0.00632555535961565                        0      0.00602962192094699      0.00602962192094699                        0
       531                        0       0.0063262575290246                        0       0.0060233496199461       0.0060233496199461                        0
       540                        0      0.00631585242230598                        0      0.00621379220460587      0.00621379220460587                        0
       549                        0      0.00632848747900533                        0      0.00599968768189047      0.00599968768189047                        0
       558                        0      0.00632262581051024                        0      0.00611082149230986      0.00611082149230986                        0
       567                        0      0.00631992646329532                        0      0.00617315961378872      0.00617315961378872                        0
       576                        0      0.00632860429144494                        0      0.00601385478753355      0.00601385478753355                        0
       585                        0      0.00632096617450495                        0      0.00616867291009618      0.00616867291009618                        0
       594                        0      0.00632353855777024                        0       0.0061288510659786       0.0061288510659786                        0
       603                        0      0.00632727226269025                        0      0.00605612793923735      0.00605612793923735                        0
       612                        0       0.0063211075542271                        0      0.00619250101996886      0.00619250101996886                        0
       621                        0      0.00632588133512885                        0      0.00609977823090645      0.00609977823090645                        0
       630                        0      0.00632566893842706                        0      0.00610720542211556      0.00610720542211556                        0
       639                        0      0.00632235544419246                        0      0.00618994285841083      0.00618994285841083                        0
       648                        0       0.0063268849518639                        0      0.00609314274032611      0.00609314274032611                        0
       657                        0       0.0063245247089706                        0      0.00615144008454515      0.00615144008454515                        0
       666                        0      0.00632393858141922                        0      0.00617426316847666      0.00617426316847666                        0
       675                        0      0.00632690996871638                        0      0.00610634504640407      0.00610634504640407                        0
       684                        0      0.00632409865601413                        0       0.0061804353083557       0.0061804353083557                        0
