#square and square, nu_xymn_2
#MM NN: 4 2
#quadrature order: 16
#numpanels            c*(gradu.n)^2                      BEM        0.5*(gradu)^2 ex.       Boundary Formula 1       Boundary Formula 2
        18                        0        0.439996370643177                        0        0.416588755938894        0.416588755938894                        0
        27                        0          0.4578432721728                        0        0.467942812391108        0.467942812391108                        0
        36                        0        0.442343306765965                        0        0.420568270538125        0.420568270538125                        0
        45                        0        0.454873678352073                        0        0.518211694458288        0.518211694458288                        0
        54                        0        0.435818884934612                        0        0.398679948470271        0.398679948470271                        0
        63                        0        0.416952640963323                        0        0.411808914063872        0.411808914063872                        0
        72                        0        0.430078177289994                        0        0.478331886676562        0.478331886676562                        0
        81                        0        0.414116035020835                        0        0.387451069807952        0.387451069807952                        0
        90                        0        0.414521574740035                        0        0.427114738632871        0.427114738632871                        0
        99                        0        0.419175311947889                        0        0.437626162448133        0.437626162448133                        0
       108                        0        0.410701436075417                        0        0.394492159902117        0.394492159902117                        0
       117                        0        0.413557346825384                        0        0.431788051729687        0.431788051729687                        0
       126                        0        0.413884641361949                        0        0.415792454720611        0.415792454720611                        0
       135                        0        0.410375105898102                        0        0.404004296074154        0.404004296074154                        0
       144                        0        0.412797509115761                        0        0.429852924735942        0.429852924735942                        0
       153                        0        0.411382243950357                        0        0.406567286727421        0.406567286727421                        0
       162                        0        0.410547420146256                        0        0.411397360875219        0.411397360875219                        0
       171                        0        0.412034444027914                        0        0.423938352470495        0.423938352470495                        0
       180                        0        0.410415724637463                        0         0.40475319908075         0.40475319908075                        0
       189                        0        0.410691682961985                        0        0.415956965325436        0.415956965325436                        0
       198                        0        0.411303165674723                        0        0.417144820469276        0.417144820469276                        0
       207                        0        0.410154465858636                        0        0.406298502692591        0.406298502692591                        0
       216                        0        0.410725106926781                        0        0.417685065744534        0.417685065744534                        0
       225                        0        0.410716070965677                        0        0.411949226826231        0.411949226826231                        0
       234                        0        0.410154639908909                        0        0.408925450899209        0.408925450899209                        0
       243                        0        0.410661097106361                        0        0.417072615262137        0.417072615262137                        0
       252                        0        0.410347909946725                        0         0.40922919727046         0.40922919727046                        0
       261                        0          0.4102145944336                        0         0.41135529974708         0.41135529974708                        0
       270                        0        0.410532184286797                        0        0.415050966443276        0.415050966443276                        0
       279                        0        0.410172740839428                        0        0.408552779398862        0.408552779398862                        0
       288                        0        0.410260118680885                        0        0.412928767249647        0.412928767249647                        0
       297                        0        0.410380714783357                        0        0.412721225086282        0.412721225086282                        0
       306                        0        0.410117710963088                        0        0.409094396026679        0.409094396026679                        0
       315                        0        0.410272706576593                        0        0.413448253389581        0.413448253389581                        0
       324                        0        0.410248884204024                        0        0.410914481255717        0.410914481255717                        0
       333                        0        0.410117750294991                        0        0.410102750687377        0.410102750687377                        0
       342                        0         0.41025456371601                        0        0.413078943565398        0.413078943565398                        0
       351                        0        0.410160014866239                        0         0.40994717755989         0.40994717755989                        0
       360                        0        0.410132866641306                        0        0.411041679877198        0.411041679877198                        0
       369                        0        0.410216118065822                        0        0.412211988573548        0.412211988573548                        0
       378                        0        0.410113883651271                        0        0.409725872129371        0.409725872129371                        0
       387                        0        0.410144196951927                        0        0.411614557972728        0.411614557972728                        0
       396                        0        0.410171213608188                        0        0.411275342323303        0.411275342323303                        0
       405                        0        0.410097339650963                        0        0.409972565061591        0.409972565061591                        0
       414                        0        0.410145516199571                        0        0.411744715371435        0.411744715371435                        0
       423                        0        0.410132013945437                        0        0.410567908424328        0.410567908424328                        0
       432                        0        0.410095826770638                        0        0.410392801849784        0.410392801849784                        0
       441                        0         0.41013715826769                        0        0.411522211561248        0.411522211561248                        0
       450                        0        0.410104820738343                        0        0.410199414618611        0.410199414618611                        0
       459                        0        0.410098882293998                        0        0.410763522443311        0.410763522443311                        0
       468                        0        0.410122703083073                        0        0.411122254916199        0.411122254916199                        0
       477                        0        0.410089781411903                        0         0.41012952939686         0.41012952939686                        0
       486                        0        0.410100813796994                        0        0.410965055998375        0.410965055998375                        0
       495                        0        0.410106735712695                        0        0.410718599473501        0.410718599473501                        0
       504                        0        0.410083519258874                        0        0.410243519080922        0.410243519080922                        0
       513                        0        0.410099511502274                        0        0.410976548075297        0.410976548075297                        0
       522                        0        0.410092969468854                        0        0.410424462657351        0.410424462657351                        0
       531                        0         0.41008195604051                        0        0.410417695495713        0.410417695495713                        0
       540                        0        0.410095110768946                        0        0.410847094225805        0.410847094225805                        0
       549                        0        0.410083208675457                        0        0.410276635824664        0.410276635824664                        0
       558                        0         0.41008190476512                        0        0.410559423121637        0.410559423121637                        0
       567                        0        0.410088906114783                        0        0.410655515139244        0.410655515139244                        0
       576                        0        0.410077438378182                        0        0.410252836123907        0.410252836123907                        0
       585                        0        0.410081502856383                        0        0.410622612755356        0.410622612755356                        0
       594                        0         0.41008246256582                        0        0.410473793507488        0.410473793507488                        0
       603                        0        0.410074592645076                        0        0.410301756845384        0.410301756845384                        0
       612                        0        0.410080042015729                        0         0.41060440611727         0.41060440611727                        0
       621                        0        0.410076971810382                        0        0.410345574382426        0.410345574382426                        0
       630                        0        0.410073357030136                        0        0.410370110240492        0.410370110240492                        0
       639                        0        0.410077601636356                        0        0.410530288322571        0.410530288322571                        0
       648                        0         0.41007297236065                        0        0.410282229912947        0.410282229912947                        0
       657                        0         0.41007266603765                        0        0.410419642784624        0.410419642784624                        0
       666                        0        0.410074660973759                        0        0.410435582970663        0.410435582970663                        0
       675                        0        0.410070417046543                        0         0.41027121904591         0.41027121904591                        0
       684                        0        0.410071880866117                        0        0.410433223426956        0.410433223426956                        0
       693                        0        0.410071766580171                        0        0.410350303054265        0.410350303054265                        0
       702                        0        0.410068922814759                        0        0.410288995696227        0.410288995696227                        0
       711                        0        0.410070763424028                        0        0.410412330164247        0.410412330164247                        0
       720                        0        0.410069312729698                        0        0.410291226660554        0.410291226660554                        0
