#square and square, nu_xymn_2
#MM NN: 4 5
#quadrature order: 16
#numpanels            c*(gradu.n)^2                      BEM        0.5*(gradu)^2 ex.       Boundary Formula 1       Boundary Formula 2
        18                        0       -0.847833059203282                        0        -0.82585238437561        -0.82585238437561                        0
        27                        0       -0.858959750609765                        0       -0.894813771865173       -0.894813771865173                        0
        36                        0       -0.859908258122077                        0       -0.857108684066702       -0.857108684066702                        0
        45                        0        -0.86845802335557                        0        -1.01893015814922        -1.01893015814922                        0
        54                        0       -0.844272797634291                        0       -0.785454245482817       -0.785454245482817                        0
        63                        0       -0.790671384981481                        0       -0.803357779297751       -0.803357779297751                        0
        72                        0       -0.815389725322305                        0       -0.906774237381823       -0.906774237381823                        0
        81                        0       -0.783024696752968                        0       -0.739745791676187       -0.739745791676187                        0
        90                        0       -0.782114235299847                        0       -0.813902267979135       -0.813902267979135                        0
        99                        0       -0.789035215887757                        0        -0.81420752703719        -0.81420752703719                        0
       108                        0       -0.773380471224664                        0       -0.746666165157156       -0.746666165157156                        0
       117                        0       -0.778511371537456                        0       -0.815199501521993       -0.815199501521993                        0
       126                        0        -0.77782189733852                        0       -0.775221078788172       -0.775221078788172                        0
       135                        0       -0.772104364291503                        0       -0.763378338888368       -0.763378338888368                        0
       144                        0       -0.776185880372967                        0       -0.806778474312557       -0.806778474312557                        0
       153                        0       -0.773128850012569                        0       -0.761493357692163       -0.761493357692163                        0
       162                        0       -0.772094089190606                        0       -0.776450071404768       -0.776450071404768                        0
       171                        0       -0.774360258570976                        0       -0.793046105148692       -0.793046105148692                        0
       180                        0       -0.771431089012807                        0       -0.760514759224267       -0.760514759224267                        0
       189                        0       -0.772131931677068                        0       -0.783818906801395       -0.783818906801395                        0
       198                        0       -0.772869127229962                        0       -0.780207011544059       -0.780207011544059                        0
       207                        0       -0.770990242149534                        0       -0.764727449719927       -0.764727449719927                        0
       216                        0       -0.772035972872377                        0       -0.785552784663058       -0.785552784663058                        0
       225                        0       -0.771791826776197                        0       -0.771739890765948       -0.771739890765948                        0
       234                        0       -0.770981564689446                        0       -0.770122067369553       -0.770122067369553                        0
       243                        0       -0.771816182781332                        0       -0.783047637886433       -0.783047637886433                        0
       252                        0        -0.77116484779706                        0       -0.768055159215995       -0.768055159215995                        0
       261                        0       -0.771057107589446                        0       -0.774516547970835       -0.774516547970835                        0
       270                        0       -0.771521755527488                        0       -0.778563959621197       -0.778563959621197                        0
       279                        0       -0.770885619779216                        0       -0.767841324808032       -0.767841324808032                        0
       288                        0       -0.771100458426995                        0        -0.77689865885952        -0.77689865885952                        0
       297                        0       -0.771223585295419                        0       -0.774247512460873       -0.774247512460873                        0
       306                        0       -0.770805235879274                        0        -0.76945272946976        -0.76945272946976                        0
       315                        0       -0.771088403068664                        0       -0.777176180985272       -0.777176180985272                        0
       324                        0       -0.770986609771764                        0        -0.77134205382253        -0.77134205382253                        0
       333                        0       -0.770807618176764                        0       -0.771524141797794       -0.771524141797794                        0
       342                        0       -0.771029270090323                        0       -0.775938487779334       -0.775938487779334                        0
       351                        0       -0.770837650285091                        0       -0.770093543057362       -0.770093543057362                        0
       360                        0       -0.770827385105555                        0       -0.773153796363354       -0.773153796363354                        0
       369                        0       -0.770943717432313                        0       -0.774076606919375       -0.774076606919375                        0
       378                        0       -0.770765174250533                        0       -0.770121074301521       -0.770121074301521                        0
       387                        0        -0.77083661908168                        0       -0.773927225429098       -0.773927225429098                        0
       396                        0       -0.770856326538474                        0       -0.772373347308104       -0.772373347308104                        0
       405                        0       -0.770740984137229                        0       -0.770827338182032       -0.770827338182032                        0
       414                        0       -0.770828002824941                        0       -0.773852172253399       -0.773852172253399                        0
       423                        0       -0.770786039817532                        0       -0.771262498569641       -0.771262498569641                        0
       432                        0       -0.770738852211331                        0        -0.77166641985552        -0.77166641985552                        0
       441                        0       -0.770804319330842                        0       -0.773213047964171       -0.773213047964171                        0
       450                        0       -0.770740226602142                        0       -0.770816906830162       -0.770816906830162                        0
       459                        0        -0.77074168956316                        0       -0.772274139738074       -0.772274139738074                        0
       468                        0       -0.770772973895558                        0       -0.772383102938163       -0.772383102938163                        0
       477                        0       -0.770716141620404                        0       -0.770873676797174       -0.770873676797174                        0
       486                        0       -0.770741111811355                        0        -0.77250148743784        -0.77250148743784                        0
       495                        0       -0.770742050329863                        0       -0.771665559884194       -0.771665559884194                        0
       504                        0       -0.770706351427847                        0       -0.771182507789394       -0.771182507789394                        0
       513                        0       -0.770734718669113                        0       -0.772380216134315       -0.772380216134315                        0
       522                        0       -0.770717214888979                        0       -0.771216208065163       -0.771216208065163                        0
       531                        0       -0.770703421710582                        0       -0.771516494815099       -0.771516494815099                        0
       540                        0        -0.77072361145196                        0       -0.772047591463809       -0.772047591463809                        0
       549                        0       -0.770700470460867                        0       -0.771047980986986       -0.771047980986986                        0
       558                        0        -0.77070211828803                        0        -0.77173104173321        -0.77173104173321                        0
       567                        0       -0.770710462208522                        0       -0.771663116176795       -0.771663116176795                        0
       576                        0       -0.770690856838403                        0        -0.77108226271547        -0.77108226271547                        0
       585                        0         -0.7706997099035                        0       -0.771776768677923       -0.771776768677923                        0
       594                        0       -0.770697983911176                        0        -0.77134714793522        -0.77134714793522                        0
       603                        0        -0.77068601557099                        0       -0.771209096670592       -0.771209096670592                        0
       612                        0       -0.770695432310855                        0       -0.771679579090688       -0.771679579090688                        0
       621                        0       -0.770687944579612                        0       -0.771155383807747       -0.771155383807747                        0
       630                        0       -0.770683536343069                        0       -0.771333274024688       -0.771333274024688                        0
       639                        0       -0.770689745204651                        0       -0.771504536115047       -0.771504536115047                        0
       648                        0       -0.770680886808605                        0       -0.771084786819403       -0.771084786819403                        0
       657                        0       -0.770681666591679                        0       -0.771398228490514       -0.771398228490514                        0
       666                        0       -0.770683622097556                        0       -0.771320095520692       -0.771320095520692                        0
       675                        0       -0.770676411157968                        0       -0.771096566730476       -0.771096566730476                        0
       684                        0       -0.770679478811642                        0       -0.771389230488626       -0.771389230488626                        0
       693                        0       -0.770677991264096                        0       -0.771174252164588       -0.771174252164588                        0
       702                        0       -0.770673677792135                        0       -0.771141822285582       -0.771141822285582                        0
       711                        0       -0.770676733095971                        0       -0.771322439424462       -0.771322439424462                        0
       720                        0       -0.770673417037392                        0       -0.771086284793674       -0.771086284793674                        0
