#square and square, nu_xymn_1
#MM NN: 4 3
#quadrature order: 16
#numpanels            c*(gradu.n)^2                      BEM        0.5*(gradu)^2 ex.       Boundary Formula 1       Boundary Formula 2
        18                        0       0.0407348575355344                        0       0.0278116462432167       0.0278116462432167                        0
        27                        0       0.0426041599126992                        0       0.0307459717333767       0.0307459717333767                        0
        36                        0       0.0424006027526068                        0       0.0305354947978545       0.0305354947978545                        0
        45                        0       0.0430018079593996                        0       0.0310090862487462       0.0310090862487462                        0
        54                        0       0.0436485049776741                        0       0.0341972856867566       0.0341972856867566                        0
        63                        0       0.0434976494336748                        0       0.0376170464978284       0.0376170464978284                        0
        72                        0       0.0435622769000623                        0       0.0389763055289498       0.0389763055289498                        0
        81                        0       0.0436571640740489                        0       0.0401334542444019       0.0401334542444019                        0
        90                        0       0.0435864450912829                        0       0.0408732679613917       0.0408732679613917                        0
        99                        0       0.0436345368375926                        0       0.0414341997670592       0.0414341997670592                        0
       108                        0       0.0436392365071847                        0       0.0420062639858488       0.0420062639858488                        0
       117                        0       0.0436105456262345                        0       0.0423382245258711       0.0423382245258711                        0
       126                        0       0.0436442370865428                        0       0.0426363608921275       0.0426363608921275                        0
       135                        0       0.0436290958647214                        0       0.0428690475809068       0.0428690475809068                        0
       144                        0       0.0436237599909369                        0       0.0430197149579104       0.0430197149579104                        0
       153                        0       0.0436405880945741                        0       0.0431717562996472       0.0431717562996472                        0
       162                        0       0.0436260635650086                        0       0.0432717208778752       0.0432717208778752                        0
       171                        0       0.0436310306334147                        0       0.0433490003846628       0.0433490003846628                        0
       180                        0       0.0436355463489313                        0       0.0434234481697438       0.0434234481697438                        0
       189                        0       0.0436265582719391                        0       0.0434668666943566       0.0434668666943566                        0
       198                        0       0.0436338083758476                        0       0.0435092121384022       0.0435092121384022                        0
       207                        0        0.043631914818185                        0       0.0435434057754878       0.0435434057754878                        0
       216                        0        0.043628336725105                        0       0.0435633485474844       0.0435633485474844                        0
       225                        0       0.0436338348795232                        0       0.0435869576645558       0.0435869576645558                        0
       234                        0       0.0436299951134469                        0       0.0436012310541406       0.0436012310541406                        0
       243                        0       0.0436300675199113                        0       0.0436115690087093       0.0436115690087093                        0
       252                        0       0.0436327227369943                        0        0.043624052573497        0.043624052573497                        0
       261                        0       0.0436293782011483                        0       0.0436292810347477       0.0436292810347477                        0
       270                        0       0.0436311349351565                        0       0.0436354442712023       0.0436354442712023                        0
       279                        0       0.0436314907298112                        0       0.0436411971541737       0.0436411971541737                        0
       288                        0       0.0436295235804159                        0       0.0436428506511166       0.0436428506511166                        0
       297                        0       0.0436314703729664                        0       0.0436467247940454       0.0436467247940454                        0
       306                        0       0.0436305887719879                        0       0.0436486605853674       0.0436486605853674                        0
       315                        0       0.0436299596079526                        0       0.0436492104943287       0.0436492104943287                        0
       324                        0       0.0436313038122838                        0       0.0436514417397863       0.0436514417397863                        0
       333                        0       0.0436301100175631                        0       0.0436515018785165       0.0436515018785165                        0
       342                        0       0.0436303662990097                        0       0.0436518471449005       0.0436518471449005                        0
       351                        0       0.0436309249880155                        0        0.043652805862634        0.043652805862634                        0
       360                        0       0.0436299727250527                        0       0.0436521758209383       0.0436521758209383                        0
       369                        0        0.043630594701637                        0       0.0436524847742299       0.0436524847742299                        0
       378                        0       0.0436305480856206                        0       0.0436525466243426       0.0436525466243426                        0
       387                        0       0.0436300361619915                        0        0.043651843295464        0.043651843295464                        0
       396                        0       0.0436306330845819                        0       0.0436520354869483       0.0436520354869483                        0
       405                        0       0.0436302801056103                        0        0.043651578681553        0.043651578681553                        0
       414                        0       0.0436301684351833                        0       0.0436510365158936       0.0436510365158936                        0
       423                        0       0.0436305440512902                        0       0.0436510239899997       0.0436510239899997                        0
       432                        0       0.0436301430598739                        0       0.0436503624519381       0.0436503624519381                        0
       441                        0       0.0436302805191146                        0       0.0436499981711343       0.0436499981711343                        0
       450                        0       0.0436304059137525                        0       0.0436497675237055       0.0436497675237055                        0
       459                        0       0.0436301096589609                        0       0.0436491092667539       0.0436491092667539                        0
       468                        0       0.0436303337867055                        0       0.0436488490342396       0.0436488490342396                        0
       477                        0       0.0436302779819742                        0       0.0436484547894281       0.0436484547894281                        0
       486                        0       0.0436301346702157                        0       0.0436479007839472       0.0436479007839472                        0
       495                        0       0.0436303289808555                        0        0.043647662574594        0.043647662574594                        0
       504                        0       0.0436301900328527                        0       0.0436471884173379       0.0436471884173379                        0
       513                        0       0.0436301764935791                        0       0.0436467584716272       0.0436467584716272                        0
       522                        0       0.0436302874003096                        0       0.0436464915390037       0.0436464915390037                        0
       531                        0       0.0436301466348109                        0       0.0436460141760043       0.0436460141760043                        0
       540                        0       0.0436302081250356                        0       0.0436456821653314       0.0436456821653314                        0
       549                        0       0.0436302339909537                        0       0.0436453739087069       0.0436453739087069                        0
       558                        0       0.0436301371622101                        0       0.0436449433020447       0.0436449433020447                        0
       567                        0       0.0436302189924787                        0       0.0436446685931722       0.0436446685931722                        0
       576                        0       0.0436301872349225                        0       0.0436443332944065       0.0436443332944065                        0
       585                        0       0.0436301457517937                        0       0.0436439692756253       0.0436439692756253                        0
       594                        0       0.0436302108623563                        0       0.0436437174460724       0.0436437174460724                        0
       603                        0       0.0436301559508311                        0       0.0436433799820312       0.0436433799820312                        0
       612                        0       0.0436301584185145                        0       0.0436430793468957       0.0436430793468957                        0
       621                        0       0.0436301916073192                        0       0.0436428309849247       0.0436428309849247                        0
       630                        0       0.0436301406872623                        0       0.0436425137963144       0.0436425137963144                        0
       639                        0       0.0436301665286813                        0       0.0436422612405558       0.0436422612405558                        0
       648                        0       0.0436301697993717                        0       0.0436420115616113       0.0436420115616113                        0
       657                        0       0.0436301370937699                        0       0.0436417279625601       0.0436417279625601                        0
       666                        0       0.0436301671302665                        0       0.0436415059210666       0.0436415059210666                        0
       675                        0       0.0436301515251674                        0       0.0436412595551303       0.0436412595551303                        0
       684                        0       0.0436301393411452                        0       0.0436410128383377       0.0436410128383377                        0
       693                        0       0.0436301613556726                        0       0.0436408077047459       0.0436408077047459                        0
       702                        0       0.0436301394402502                        0       0.0436405725947667       0.0436405725947667                        0
       711                        0       0.0436301425368728                        0        0.043640358724303        0.043640358724303                        0
