#square and square, nu_xymn_2
#MM NN: 2 3
#quadrature order: 16
#numpanels            c*(gradu.n)^2                      BEM        0.5*(gradu)^2 ex.       Boundary Formula 1       Boundary Formula 2
        18                        0       0.0615917356093843                        0        0.074090429131073        0.074090429131073                        0
        27                        0       0.0654235628937804                        0       0.0825592890781835       0.0825592890781835                        0
        36                        0       0.0652541055961096                        0       0.0790651876969287       0.0790651876969287                        0
        45                        0       0.0655726725687135                        0       0.0848011688301404       0.0848011688301404                        0
        54                        0       0.0680722106176262                        0       0.0796166364948147       0.0796166364948147                        0
        63                        0       0.0667520267714333                        0       0.0766970733688524       0.0766970733688524                        0
        72                        0       0.0672514984214917                        0       0.0770749415705814       0.0770749415705814                        0
        81                        0       0.0676142008718344                        0        0.073721901696032        0.073721901696032                        0
        90                        0       0.0671982692878056                        0       0.0726681709957634       0.0726681709957634                        0
        99                        0       0.0675839508570551                        0       0.0724132674133659       0.0724132674133659                        0
       108                        0       0.0675488514901844                        0       0.0707210658365012       0.0707210658365012                        0
       117                        0       0.0673876327006658                        0       0.0704452772914755       0.0704452772914755                        0
       126                        0       0.0676486182679714                        0       0.0700962558051783       0.0700962558051783                        0
       135                        0       0.0675177738488625                        0       0.0692418079603097       0.0692418079603097                        0
       144                        0       0.0674906364978716                        0       0.0692797355553802       0.0692797355553802                        0
       153                        0       0.0676213814735565                        0       0.0689103047645251       0.0689103047645251                        0
       162                        0       0.0675082914011863                        0       0.0685245875954417       0.0685245875954417                        0
       171                        0       0.0675473632073464                        0       0.0686286725484639       0.0686286725484639                        0
       180                        0       0.0675833749642488                        0       0.0682999863950629       0.0682999863950629                        0
       189                        0       0.0675133580975504                        0       0.0681753499096896       0.0681753499096896                        0
       198                        0       0.0675698507875221                        0       0.0682350742813824       0.0682350742813824                        0
       207                        0       0.0675555556691962                        0       0.0679859685441015       0.0679859685441015                        0
       216                        0        0.067525466797645                        0       0.0679950340340367       0.0679950340340367                        0
       225                        0       0.0675701880346321                        0       0.0679848840697544       0.0679848840697544                        0
       234                        0       0.0675401036997447                        0       0.0678279585391438       0.0678279585391438                        0
       243                        0       0.0675378333915371                        0       0.0678862520265684       0.0678862520265684                        0
       252                        0       0.0675610344496947                        0       0.0678260544663436       0.0678260544663436                        0
       261                        0       0.0675341431306709                        0       0.0677508117516193       0.0677508117516193                        0
       270                        0       0.0675460780259204                        0        0.067806258256812        0.067806258256812                        0
       279                        0       0.0675508175008043                        0       0.0677287995924805       0.0677287995924805                        0
       288                        0       0.0675340663235264                        0        0.067712308222407        0.067712308222407                        0
       297                        0       0.0675489931320913                        0       0.0677408021610436       0.0677408021610436                        0
       306                        0         0.06754316662268                        0       0.0676727360783225       0.0676727360783225                        0
       315                        0        0.067536665002124                        0       0.0676888779240476       0.0676888779240476                        0
       324                        0        0.067547877000382                        0       0.0676878573092186       0.0676878573092186                        0
       333                        0       0.0675387992543434                        0       0.0676427693843144       0.0676427693843144                        0
       342                        0       0.0675395465693804                        0       0.0676688675697888       0.0676688675697888                        0
       351                        0       0.0675448997529876                        0        0.067648042436375        0.067648042436375                        0
       360                        0         0.06753713581478                        0       0.0676275719835284       0.0676275719835284                        0
       369                        0       0.0675413660454788                        0       0.0676484301083407       0.0676484301083407                        0
       378                        0       0.0675417957634313                        0        0.067620776225742        0.067620776225742                        0
       387                        0       0.0675371809313865                        0       0.0676190613762907       0.0676190613762907                        0
       396                        0       0.0675417953445503                        0       0.0676280849304867       0.0676280849304867                        0
       405                        0       0.0675394654704464                        0       0.0676038577868749       0.0676038577868749                        0
       414                        0       0.0675379624429848                        0       0.0676121992502553       0.0676121992502553                        0
       423                        0       0.0675411846832019                        0       0.0676098078384029       0.0676098078384029                        0
       432                        0       0.0675381356148851                        0       0.0675942179242097       0.0675942179242097                        0
       441                        0       0.0675387596622089                        0        0.067604651583273        0.067604651583273                        0
       450                        0       0.0675401097397873                        0       0.0675951680591582       0.0675951680591582                        0
       459                        0        0.067537644917897                        0       0.0675887704080711       0.0675887704080711                        0
       468                        0       0.0675391948231762                        0       0.0675961024143349       0.0675961024143349                        0
       477                        0       0.0675390482340326                        0       0.0675846483514541       0.0675846483514541                        0
       486                        0       0.0675376772802031                        0       0.0675850384303947       0.0675850384303947                        0
       495                        0       0.0675392002747124                        0       0.0675873278786151       0.0675873278786151                        0
       504                        0       0.0675382616505695                        0       0.0675777586086874       0.0675777586086874                        0
       513                        0       0.0675379169921239                        0       0.0675814712283616       0.0675814712283616                        0
       522                        0       0.0675388999905772                        0       0.0675793347492352       0.0675793347492352                        0
       531                        0       0.0675378151595957                        0       0.0675734660272823       0.0675734660272823                        0
       540                        0       0.0675381363219695                        0       0.0675774460204858       0.0675774460204858                        0
       549                        0       0.0675384764078495                        0       0.0675728164517941       0.0675728164517941                        0
       558                        0         0.06753764927456                        0       0.0675706388445926       0.0675706388445926                        0
       567                        0        0.067538224582716                        0       0.0675730259877134       0.0675730259877134                        0
       576                        0        0.067538079035775                        0       0.0675679753144468       0.0675679753144468                        0
       585                        0       0.0675376527768614                        0       0.0675683648448036       0.0675683648448036                        0
       594                        0       0.0675381710362999                        0       0.0675686112295155       0.0675686112295155                        0
       603                        0       0.0675377888153375                        0       0.0675646017342213       0.0675646017342213                        0
       612                        0        0.067537717128073                        0       0.0675661008134591       0.0675661008134591                        0
       621                        0       0.0675380231167175                        0       0.0675646275946866       0.0675646275946866                        0
       630                        0       0.0675376224865237                        0       0.0675622644818408       0.0675622644818408                        0
       639                        0       0.0675377671029099                        0       0.0675636663969356       0.0675636663969356                        0
       648                        0       0.0675378437023695                        0       0.0675613408647494       0.0675613408647494                        0
       657                        0        0.067537555161478                        0        0.067560502339517        0.067560502339517                        0
       666                        0       0.0675377690938638                        0       0.0675611346904854       0.0675611346904854                        0
       675                        0       0.0675376826107097                        0       0.0675588062922921       0.0675588062922921                        0
       684                        0       0.0675375453859394                        0        0.067558957169793        0.067558957169793                        0
       693                        0       0.0675377232537217                        0        0.067558688397339        0.067558688397339                        0
       702                        0       0.0675375655218534                        0       0.0675569124837254       0.0675569124837254                        0
       711                        0       0.0675375543795952                        0        0.067557429582061        0.067557429582061                        0
       720                        0       0.0675376482730309                        0       0.0675564998237185       0.0675564998237185                        0
       729                        0       0.0675374957937126                        0       0.0675554653950734       0.0675554653950734                        0
       738                        0       0.0675375564684143                        0       0.0675558675653172       0.0675558675653172                        0
       747                        0       0.0675375667775553                        0       0.0675546643435456       0.0675546643435456                        0
       756                        0       0.0675374625753923                        0        0.067554269038291        0.067554269038291                        0
       765                        0       0.0675375412347742                        0       0.0675543151786715       0.0675543151786715                        0
       774                        0        0.067537495888216                        0       0.0675531875921858       0.0675531875921858                        0
       783                        0       0.0675374498796565                        0       0.0675531784443636       0.0675531784443636                        0
