#square and square, nu_xymn_1
#MM NN: 4 5
#quadrature order: 16
#numpanels            c*(gradu.n)^2                      BEM        0.5*(gradu)^2 ex.       Boundary Formula 1       Boundary Formula 2
        18                        0       0.0144861497381893                        0       0.0101960158979535       0.0101960158979535                        0
        27                        0        0.015030494837409                        0        0.011307617267605        0.011307617267605                        0
        36                        0       0.0148851408833997                        0       0.0111506044027357       0.0111506044027357                        0
        45                        0       0.0151475730795109                        0       0.0113338538616543       0.0113338538616543                        0
        54                        0       0.0149575923972891                        0        0.012289576476536        0.012289576476536                        0
        63                        0       0.0145267258555377                        0        0.013186633661064        0.013186633661064                        0
        72                        0        0.014439481921657                        0       0.0134114865598709       0.0134114865598709                        0
        81                        0       0.0143781488285251                        0       0.0136881160506809       0.0136881160506809                        0
        90                        0       0.0142818170785525                        0       0.0138106072769245       0.0138106072769245                        0
        99                        0       0.0142673918721577                        0       0.0138801941621406       0.0138801941621406                        0
       108                        0       0.0142363613184753                        0       0.0139904594550186       0.0139904594550186                        0
       117                        0       0.0142037508429298                        0       0.0140229390978494       0.0140229390978494                        0
       126                        0       0.0142047329510263                        0       0.0140627807348815       0.0140627807348815                        0
       135                        0       0.0141866723552055                        0       0.0140970254351656       0.0140970254351656                        0
       144                        0       0.0141769236695179                        0       0.0141060958877622       0.0141060958877622                        0
       153                        0       0.0141783340251712                        0       0.0141278129309626       0.0141278129309626                        0
       162                        0       0.0141675511427184                        0       0.0141374488471182       0.0141374488471182                        0
       171                        0        0.014166341154807                        0        0.014141987582474        0.014141987582474                        0
       180                        0       0.0141656370991261                        0       0.0141525350515761       0.0141525350515761                        0
       189                        0       0.0141597657726639                        0       0.0141540255934861       0.0141540255934861                        0
       198                        0       0.0141611406485898                        0       0.0141574404012792       0.0141574404012792                        0
       207                        0       0.0141590937670812                        0       0.0141614776739983       0.0141614776739983                        0
       216                        0       0.0141565093690559                        0       0.0141609176373344       0.0141609176373344                        0
       225                        0       0.0141579100720884                        0       0.0141634555802171       0.0141634555802171                        0
       234                        0        0.014155656537735                        0       0.0141641548273414       0.0141641548273414                        0
       243                        0       0.0141550400395786                        0       0.0141635801420519       0.0141635801420519                        0
       252                        0       0.0141556569093674                        0       0.0141650588541337       0.0141650588541337                        0
       261                        0       0.0141538851823007                        0       0.0141644035623392       0.0141644035623392                        0
       270                        0       0.0141541998735436                        0       0.0141642328151238       0.0141642328151238                        0
       279                        0       0.0141540783895136                        0       0.0141647296025873       0.0141647296025873                        0
       288                        0       0.0141530066298868                        0       0.0141637879061781       0.0141637879061781                        0
       297                        0       0.0141535450791823                        0       0.0141638669622771       0.0141638669622771                        0
       306                        0       0.0141530227531192                        0       0.0141636805905681       0.0141636805905681                        0
       315                        0       0.0141525718368214                        0       0.0141629126828954       0.0141629126828954                        0
       324                        0       0.0141529600002569                        0       0.0141629992387195       0.0141629992387195                        0
       333                        0       0.0141523621082999                        0       0.0141624721114706       0.0141624721114706                        0
       342                        0       0.0141523216195007                        0        0.014161984658265        0.014161984658265                        0
       351                        0       0.0141524508091835                        0       0.0141619350088701       0.0141619350088701                        0
       360                        0       0.0141519768515465                        0       0.0141613334081197       0.0141613334081197                        0
       369                        0       0.0141521240871792                        0        0.014161064006801        0.014161064006801                        0
       378                        0       0.0141520427382824                        0        0.014160855379511        0.014160855379511                        0
       387                        0       0.0141517624989229                        0       0.0141603323280117       0.0141603323280117                        0
       396                        0       0.0141519312138767                        0       0.0141601717706981       0.0141601717706981                        0
       405                        0       0.0141517440166567                        0       0.0141598560472271       0.0141598560472271                        0
       414                        0       0.0141516378708262                        0       0.0141594656892606       0.0141594656892606                        0
       423                        0       0.0141517408718377                        0       0.0141593254538702       0.0141593254538702                        0
       432                        0       0.0141515429524188                        0       0.0141589753508171       0.0141589753508171                        0
       441                        0       0.0141515492279995                        0       0.0141587073591096       0.0141587073591096                        0
       450                        0       0.0141515671794959                        0       0.0141585427523804       0.0141585427523804                        0
       459                        0       0.0141514159926611                        0       0.0141582167781936       0.0141582167781936                        0
       468                        0        0.014151468653013                        0       0.0141580317832988       0.0141580317832988                        0
       477                        0       0.0141514229796854                        0       0.0141578366727244       0.0141578366727244                        0
       486                        0       0.0141513368276577                        0       0.0141575659572054       0.0141575659572054                        0
       495                        0       0.0141513875305509                        0       0.0141574222850633       0.0141574222850633                        0
       504                        0       0.0141513132789374                        0       0.0141572122309976       0.0141572122309976                        0
       513                        0       0.0141512830746419                        0       0.0141570024931438       0.0141570024931438                        0
       522                        0       0.0141513080305418                        0       0.0141568707279272       0.0141568707279272                        0
       531                        0       0.0141512354450458                        0       0.0141566666005256       0.0141566666005256                        0
       540                        0       0.0141512396145689                        0       0.0141565072303202       0.0141565072303202                        0
       549                        0       0.0141512357220869                        0         0.01415637380921         0.01415637380921                        0
       558                        0        0.014151182223239                        0       0.0141561914398301       0.0141561914398301                        0
       567                        0       0.0141511988347326                        0       0.0141560656184917       0.0141560656184917                        0
       576                        0       0.0141511750150484                        0       0.0141559294343473       0.0141559294343473                        0
       585                        0       0.0141511450967995                        0       0.0141557758565681       0.0141557758565681                        0
       594                        0       0.0141511587938564                        0       0.0141556681667549       0.0141556681667549                        0
       603                        0       0.0141511274408602                        0       0.0141555346031717       0.0141555346031717                        0
       612                        0       0.0141511167714304                        0       0.0141554089696903       0.0141554089696903                        0
       621                        0       0.0141511206326305                        0       0.0141553092338188       0.0141553092338188                        0
       630                        0        0.014151091859886                        0       0.0141551848339419       0.0141551848339419                        0
       639                        0       0.0141510923861993                        0       0.0141550815542546       0.0141550815542546                        0
       648                        0       0.0141510863165827                        0       0.0141549853337537       0.0141549853337537                        0
       657                        0       0.0141510655546904                        0       0.0141548745707181       0.0141548745707181                        0
       666                        0        0.014151069581322                        0       0.0141547866774966       0.0141547866774966                        0
       675                        0       0.0141510572481787                        0       0.0141546937393791       0.0141546937393791                        0
       684                        0       0.0141510454314755                        0       0.0141545979725087       0.0141545979725087                        0
       693                        0       0.0141510478456799                        0       0.0141545195426171       0.0141545195426171                        0
       702                        0       0.0141510337687586                        0       0.0141544316859975       0.0141544316859975                        0
       711                        0       0.0141510288936878                        0       0.0141543496482697       0.0141543496482697                        0
