#square and square, nu_xymn_2
#MM NN: 2 4
#quadrature order: 16
#numpanels            c*(gradu.n)^2                      BEM        0.5*(gradu)^2 ex.       Boundary Formula 1       Boundary Formula 2
        18                        0       0.0470620775769912                        0       0.0558792636023738       0.0558792636023738                        0
        27                        0         0.04995212312477                        0       0.0621562388527473       0.0621562388527473                        0
        36                        0       0.0497194087172668                        0        0.059591565914055        0.059591565914055                        0
        45                        0       0.0500368556325256                        0       0.0643885027295566       0.0643885027295566                        0
        54                        0       0.0515986268782982                        0       0.0596952947791491       0.0596952947791491                        0
        63                        0        0.050257327937471                        0       0.0571661992390186       0.0571661992390186                        0
        72                        0       0.0506052552088656                        0       0.0577630175109335       0.0577630175109335                        0
        81                        0       0.0507925248658308                        0       0.0549475104676076       0.0549475104676076                        0
        90                        0       0.0503914736059421                        0       0.0541832338778302       0.0541832338778302                        0
        99                        0       0.0506963922608892                        0       0.0541364917878359       0.0541364917878359                        0
       108                        0       0.0506231664493722                        0       0.0527547031623048       0.0527547031623048                        0
       117                        0       0.0504745413173192                        0        0.052625226268261        0.052625226268261                        0
       126                        0       0.0506837575516216                        0        0.052410548797684        0.052410548797684                        0
       135                        0       0.0505569395646214                        0       0.0517220288874059       0.0517220288874059                        0
       144                        0       0.0505316895338766                        0       0.0518160103651529       0.0518160103651529                        0
       153                        0       0.0506343441331899                        0       0.0515382425916091       0.0515382425916091                        0
       162                        0       0.0505334936391474                        0       0.0512340994450851       0.0512340994450851                        0
       171                        0       0.0505657189181896                        0       0.0513563716169389       0.0513563716169389                        0
       180                        0       0.0505913448975404                        0       0.0510925745282683       0.0510925745282683                        0
       189                        0       0.0505308724060782                        0       0.0510012984007271       0.0510012984007271                        0
       198                        0       0.0505775887712434                        0       0.0510698585290946       0.0510698585290946                        0
       207                        0       0.0505630635105738                        0       0.0508648974115434       0.0508648974115434                        0
       216                        0        0.050537472765051                        0       0.0508818262509163       0.0508818262509163                        0
       225                        0       0.0505741127272165                        0       0.0508823197030715       0.0508823197030715                        0
       234                        0       0.0505476984789181                        0       0.0507520384444054       0.0507520384444054                        0
       243                        0        0.050545736989669                        0       0.0508075746515068       0.0508075746515068                        0
       252                        0       0.0505643879460168                        0       0.0507609189531834       0.0507609189531834                        0
       261                        0       0.0505413862950293                        0        0.050698582507188        0.050698582507188                        0
       270                        0       0.0505512898152482                        0       0.0507497252864133       0.0507497252864133                        0
       279                        0        0.050554680466191                        0       0.0506859656339746       0.0506859656339746                        0
       288                        0       0.0505405045563439                        0       0.0506730208690811       0.0506730208690811                        0
       297                        0       0.0505528300149647                        0       0.0506999651523092       0.0506999651523092                        0
       306                        0       0.0505476009863501                        0       0.0506429348755332       0.0506429348755332                        0
       315                        0       0.0505421152784527                        0       0.0506575748097353       0.0506575748097353                        0
       324                        0       0.0505512973647475                        0       0.0506585082381007       0.0506585082381007                        0
       333                        0       0.0505435213240408                        0       0.0506204201615542       0.0506204201615542                        0
       342                        0       0.0505441106237353                        0       0.0506435006325982       0.0506435006325982                        0
       351                        0       0.0505484105452944                        0       0.0506268990424365       0.0506268990424365                        0
       360                        0       0.0505418373985258                        0       0.0506095317249242       0.0506095317249242                        0
       369                        0       0.0505453201280909                        0       0.0506281308828282       0.0506281308828282                        0
       378                        0       0.0505455495061983                        0       0.0506052026340621       0.0506052026340621                        0
       387                        0       0.0505416570529221                        0       0.0506037851445139       0.0506037851445139                        0
       396                        0       0.0505454460802775                        0       0.0506122328059439       0.0506122328059439                        0
       405                        0       0.0505434174525478                        0       0.0505918661162495       0.0505918661162495                        0
       414                        0       0.0505421391856058                        0       0.0505990959309696       0.0505990959309696                        0
       423                        0       0.0505447641369229                        0       0.0505976809907722       0.0505976809907722                        0
       432                        0       0.0505421714546855                        0       0.0505844634985831       0.0505844634985831                        0
       441                        0       0.0505426685262449                        0       0.0505935791873562       0.0505935791873562                        0
       450                        0       0.0505437401493148                        0       0.0505859417331318       0.0505859417331318                        0
       459                        0       0.0505416572186459                        0       0.0505804737570075       0.0505804737570075                        0
       468                        0       0.0505429230042306                        0       0.0505870179325776       0.0505870179325776                        0
       477                        0       0.0505427599767279                        0       0.0505775214554466       0.0505775214554466                        0
       486                        0       0.0505415999195519                        0        0.050577843951573        0.050577843951573                        0
       495                        0        0.050542841667425                        0       0.0505801060483455       0.0505801060483455                        0
       504                        0       0.0505420315641193                        0       0.0505720723231997       0.0505720723231997                        0
       513                        0       0.0505417304073977                        0       0.0505752783290628       0.0505752783290628                        0
       522                        0       0.0505425238634597                        0       0.0505737303223787       0.0505737303223787                        0
       531                        0        0.050541601919792                        0       0.0505687620734328       0.0505687620734328                        0
       540                        0       0.0505418557651297                        0       0.0505722547083662       0.0505722547083662                        0
       549                        0       0.0505421177744152                        0         0.05056851135488         0.05056851135488                        0
       558                        0       0.0505414166527124                        0       0.0505666551099839       0.0505666551099839                        0
       567                        0       0.0505418818997963                        0       0.0505688294829277       0.0505688294829277                        0
       576                        0       0.0505417444461346                        0       0.0505646502646377       0.0505646502646377                        0
       585                        0         0.05054138019051                        0        0.050564988007401        0.050564988007401                        0
       594                        0       0.0505417983968677                        0       0.0505653472732958       0.0505653472732958                        0
       603                        0       0.0505414683845162                        0       0.0505619927578044       0.0505619927578044                        0
       612                        0       0.0505414004558929                        0       0.0505633019288207       0.0505633019288207                        0
       621                        0       0.0505416433597728                        0       0.0505621784641791       0.0505621784641791                        0
       630                        0       0.0505413013460182                        0       0.0505601889775199       0.0505601889775199                        0
       639                        0       0.0505414138101185                        0       0.0505614425396289       0.0505614425396289                        0
       648                        0       0.0505414677832859                        0       0.0505595601935478       0.0505595601935478                        0
       657                        0       0.0505412211144854                        0       0.0505588563674971       0.0505588563674971                        0
       666                        0       0.0505413915711177                        0        0.050559470918102        0.050559470918102                        0
       675                        0       0.0505413119040095                        0       0.0505575510890749       0.0505575510890749                        0
       684                        0        0.050541192226754                        0       0.0505576942614389       0.0505576942614389                        0
       693                        0       0.0505413332555938                        0       0.0505575433789663       0.0505575433789663                        0
       702                        0       0.0505411960707342                        0       0.0505560663859129       0.0505560663859129                        0
       711                        0       0.0505411818067581                        0        0.050556533447915        0.050556533447915                        0
