#square and square, nu_xymn_2
#MM NN: 1 4
#quadrature order: 16
#numpanels            c*(gradu.n)^2                      BEM        0.5*(gradu)^2 ex.       Boundary Formula 1       Boundary Formula 2
        18                        0        0.113214359658418                        0        0.121231318383223        0.121231318383223                        0
        27                        0         0.11776009608928                        0        0.133961999162711        0.133961999162711                        0
        36                        0        0.116665112121363                        0        0.126494402686748        0.126494402686748                        0
        45                        0        0.118774506172746                        0        0.144411695252154        0.144411695252154                        0
        54                        0        0.117920287431132                        0        0.123073865934929        0.123073865934929                        0
        63                        0        0.115127625757831                        0        0.123779067657542        0.123779067657542                        0
        72                        0         0.11717545567835                        0        0.133118600180438        0.133118600180438                        0
        81                        0        0.115313826560568                        0        0.117075257177533        0.117075257177533                        0
        90                        0        0.115133191252384                        0        0.122287425572911        0.122287425572911                        0
        99                        0        0.116073879870441                        0        0.123154326831607        0.123154326831607                        0
       108                        0        0.114839160982612                        0        0.115405699524673        0.115405699524673                        0
       117                        0        0.115153478250527                        0        0.120935372534204        0.120935372534204                        0
       126                        0         0.11539234140813                        0        0.117935616718402        0.117935616718402                        0
       135                        0        0.114769884201745                        0        0.115492998672339        0.115492998672339                        0
       144                        0        0.115131870802244                        0        0.119516289564337        0.119516289564337                        0
       153                        0        0.115000439211545                        0        0.115501895712693        0.115501895712693                        0
       162                        0        0.114791467520185                        0        0.115975316727637        0.115975316727637                        0
       171                        0        0.115060173425539                        0        0.117945654053768        0.117945654053768                        0
       180                        0        0.114825065173375                        0        0.114676162550173        0.114676162550173                        0
       189                        0        0.114820922357787                        0         0.11635229514875         0.11635229514875                        0
       198                        0        0.114960720605513                        0        0.116510286822445        0.116510286822445                        0
       207                        0        0.114765049880362                        0        0.114630073297743        0.114630073297743                        0
       216                        0        0.114837588316961                        0        0.116430392205174        0.116430392205174                        0
       225                        0        0.114866611615604                        0        0.115475665879824        0.115475665879824                        0
       234                        0        0.114754884706109                        0        0.114892381937578        0.114892381937578                        0
       243                        0        0.114837331901185                        0        0.116204635485253        0.116204635485253                        0
       252                        0        0.114800968790947                        0        0.114910535925924        0.114910535925924                        0
       261                        0        0.114761069147708                        0        0.115194565480693        0.115194565480693                        0
       270                        0        0.114822268234321                        0        0.115794670975692        0.115794670975692                        0
       279                        0        0.114765787543245                        0        0.114716844487457        0.114716844487457                        0
       288                        0        0.114769075425779                        0        0.115394008904174        0.115394008904174                        0
       297                        0        0.114799266013407                        0        0.115362806174067        0.115362806174067                        0
       306                        0        0.114751824491195                        0        0.114748470073373        0.114748470073373                        0
       315                        0        0.114773385675454                        0        0.115440299307294        0.115440299307294                        0
       324                        0        0.114776746651658                        0        0.115031147136547        0.115031147136547                        0
       333                        0        0.114749064185989                        0        0.114874959689358        0.114874959689358                        0
       342                        0        0.114772540819973                        0         0.11535278334526         0.11535278334526                        0
       351                        0        0.114760151025061                        0        0.114844143125167        0.114844143125167                        0
       360                        0        0.114750615770284                        0          0.1150023597036          0.1150023597036                        0
       369                        0        0.114767403587443                        0        0.115191868570822        0.115191868570822                        0
       378                        0        0.114750557815663                        0        0.114784386550935        0.114784386550935                        0
       387                        0        0.114752677201218                        0        0.115077634672656        0.115077634672656                        0
       396                        0        0.114760203020317                        0        0.115024482699503        0.115024482699503                        0
       405                        0        0.114746363351141                        0        0.114805961978691        0.114805961978691                        0
       414                        0        0.114753514460579                        0        0.115085615124855        0.115085615124855                        0
       423                        0        0.114753285568694                        0         0.11489700984789         0.11489700984789                        0
       432                        0        0.114745310560808                        0        0.114860187120836        0.114860187120836                        0
       441                        0        0.114752685505811                        0        0.115039571615687        0.115039571615687                        0
       450                        0        0.114748090030985                        0        0.114826205347162        0.114826205347162                        0
       459                        0         0.11474556014819                        0        0.114909810704202        0.114909810704202                        0
       468                        0        0.114750562683365                        0        0.114966998778976        0.114966998778976                        0
       477                        0        0.114744936957242                        0        0.114805310255554        0.114805310255554                        0
       486                        0         0.11474595031457                        0        0.114934520279139        0.114934520279139                        0
       495                        0        0.114747901084057                        0        0.114895216151188        0.114895216151188                        0
       504                        0        0.114743422975681                        0          0.1148157391568          0.1148157391568                        0
       513                        0        0.114745915508097                        0         0.11493030084511         0.11493030084511                        0
       522                        0        0.114745418368301                        0        0.114841952202644        0.114841952202644                        0
       531                        0        0.114742907176464                        0        0.114837384696851        0.114837384696851                        0
       540                        0        0.114745332427436                        0        0.114904626433182        0.114904626433182                        0
       549                        0        0.114743534019631                        0         0.11481289388654         0.11481289388654                        0
       558                        0        0.114742817754349                        0        0.114855079861718        0.114855079861718                        0
       567                        0        0.114744355397571                        0        0.114869824931048        0.114869824931048                        0
       576                        0        0.114742336314645                        0        0.114804405584958        0.114804405584958                        0
       585                        0        0.114742770368774                        0         0.11486116423968         0.11486116423968                        0
       594                        0        0.114743247942615                        0        0.114837172632061        0.114837172632061                        0
       603                        0        0.114741694789006                        0        0.114808237602352        0.114808237602352                        0
       612                        0        0.114742577071056                        0        0.114854966628841        0.114854966628841                        0
       621                        0        0.114742243252109                        0        0.114813483902112        0.114813483902112                        0
       630                        0        0.114741398286569                        0        0.114815806806102        0.114815806806102                        0
       639                        0        0.114742205623237                        0        0.114840389582661        0.114840389582661                        0
       648                        0        0.114741470836746                        0        0.114800494409221        0.114800494409221                        0
       657                        0        0.114741251852502                        0        0.114820920076227        0.114820920076227                        0
       666                        0        0.114741718303683                        0        0.114822928432435        0.114822928432435                        0
       675                        0        0.114740952427074                        0        0.114796172697195        0.114796172697195                        0
       684                        0        0.114741122231136                        0        0.114820757651679        0.114820757651679                        0
       693                        0        0.114741209127393                        0        0.114807256381055        0.114807256381055                        0
       702                        0        0.114740638505735                        0        0.114796749900855        0.114796749900855                        0
       711                        0        0.114740945834339                        0        0.114815472323016        0.114815472323016                        0
       720                        0        0.114740756637331                        0        0.114795971863053        0.114795971863053                        0
