#square and square, nu_xymn_1
#MM NN: 2 2
#quadrature order: 16
#numpanels            c*(gradu.n)^2                      BEM        0.5*(gradu)^2 ex.       Boundary Formula 1       Boundary Formula 2
        18                        0        0.682323716563772                        0          0.4699064578277          0.4699064578277                        0
        27                        0        0.693090142966922                        0        0.545456125922994        0.545456125922994                        0
        36                        0        0.693211855536788                        0        0.534437907418091        0.534437907418091                        0
        45                        0        0.713120635346321                        0         0.59062750472112         0.59062750472112                        0
        54                        0        0.696437992413031                        0        0.590220505445317        0.590220505445317                        0
        63                        0        0.716550503399979                        0        0.646647928378058        0.646647928378058                        0
        72                        0        0.711424338358618                        0          0.6799347083245          0.6799347083245                        0
        81                        0        0.713945272686879                        0        0.670703624432637        0.670703624432637                        0
        90                        0        0.719289795259956                        0        0.691650489019592        0.691650489019592                        0
        99                        0        0.715174242561447                        0        0.701139662672743        0.701139662672743                        0
       108                        0        0.718267915577265                        0        0.699081170948987        0.699081170948987                        0
       117                        0        0.719569057599477                        0        0.710363891867064        0.710363891867064                        0
       126                        0        0.717572658128299                        0        0.713637106579271        0.713637106579271                        0
       135                        0         0.71980290605544                        0          0.7112034200942          0.7112034200942                        0
       144                        0        0.719465493314748                        0        0.718999842170372        0.718999842170372                        0
       153                        0        0.719035764543337                        0        0.717811487952144        0.717811487952144                        0
       162                        0        0.720359662123732                        0        0.716811413801615        0.716811413801615                        0
       171                        0        0.719532266514532                        0        0.722682722682935        0.722682722682935                        0
       180                        0        0.719849759398252                        0        0.719260644866986        0.719260644866986                        0
       189                        0        0.720480518627872                        0        0.719844751123564        0.719844751123564                        0
       198                        0        0.719779753194432                        0        0.723625369417884        0.723625369417884                        0
       207                        0        0.720297289770678                        0        0.719712098512536        0.719712098512536                        0
       216                        0        0.720437084397917                        0        0.721711148236315        0.721711148236315                        0
       225                        0        0.720070226388758                        0        0.723108949667069        0.723108949667069                        0
       234                        0        0.720524945681957                        0        0.720021798956853        0.720021798956853                        0
       243                        0        0.720387772945909                        0        0.722768573885559        0.722768573885559                        0
       252                        0        0.720311708494719                        0        0.722131467700094        0.722131467700094                        0
       261                        0         0.72061398468964                        0         0.72047475367859         0.72047475367859                        0
       270                        0        0.720393679385249                        0        0.723079914090989        0.723079914090989                        0
       279                        0        0.720482883904898                        0        0.721261406951511        0.721261406951511                        0
       288                        0        0.720625369547388                        0         0.72104848238943         0.72104848238943                        0
       297                        0        0.720447193704234                        0        0.722788412755512        0.722788412755512                        0
       306                        0        0.720590820066384                        0        0.720734146927956        0.720734146927956                        0
       315                        0        0.720609143259302                        0        0.721577179326522        0.721577179326522                        0
       324                        0        0.720518294079722                        0         0.72217266555306         0.72217266555306                        0
       333                        0        0.720648371351169                        0        0.720576088932804        0.720576088932804                        0
       342                        0        0.720597710364732                        0        0.721892595459982        0.721892595459982                        0
       351                        0         0.72058431942221                        0        0.721517866738618        0.721517866738618                        0
       360                        0        0.720670395170885                        0        0.720694111612085        0.720694111612085                        0
       369                        0        0.720602604157107                        0        0.721923550482999        0.721923550482999                        0
       378                        0        0.720635112847449                        0        0.721013219354675        0.721013219354675                        0
       387                        0        0.720672738754275                        0        0.720941372870219        0.720941372870219                        0
       396                        0        0.720620812945726                        0        0.721718330430181        0.721718330430181                        0
       405                        0        0.720668518108109                        0        0.720732618024017        0.720732618024017                        0
       414                        0        0.720669075440437                        0        0.721174815558665        0.721174815558665                        0
       423                        0        0.720644472899822                        0         0.72139588230823         0.72139588230823                        0
       432                        0        0.720686652335585                        0        0.720660174215605        0.720660174215605                        0
       441                        0        0.720667817756806                        0        0.721300290214045        0.721300290214045                        0
       450                        0         0.72066700399032                        0        0.721077587909861        0.721077587909861                        0
       459                        0        0.720693938007491                        0        0.720727347368781        0.720727347368781                        0
       468                        0        0.720671643808693                        0        0.721291834881963        0.721291834881963                        0
       477                        0        0.720684781580102                        0        0.720843635827103        0.720843635827103                        0
       486                        0        0.720695476643021                        0        0.720849309694861        0.720849309694861                        0
       495                        0        0.720679448415109                        0        0.721180332517504        0.721180332517504                        0
       504                        0        0.720696718550256                        0        0.720722140444824        0.720722140444824                        0
       513                        0        0.720695499723729                        0        0.720954736759511        0.720954736759511                        0
       522                        0        0.720688814540762                        0        0.721023502145985        0.721023502145985                        0
       531                        0        0.720703455176865                        0        0.720699250566069        0.720699250566069                        0
       540                        0        0.720696458437185                        0        0.721003545920655        0.721003545920655                        0
       549                        0        0.720697616667571                        0        0.720876131136095        0.720876131136095                        0
       558                        0        0.720706569221547                        0        0.720737732849513        0.720737732849513                        0
       567                        0        0.720699045043446                        0        0.720989625930294        0.720989625930294                        0
       576                        0         0.72070460946253                        0        0.720772517760046        0.720772517760046                        0
       585                        0        0.720707834947326                        0        0.720795838360051        0.720795838360051                        0
       594                        0        0.720702832328233                        0        0.720931221548077        0.720931221548077                        0
       603                        0         0.72070942704874                        0        0.720722562281964        0.720722562281964                        0
       612                        0        0.720708653461818                        0        0.720841408108361        0.720841408108361                        0
       621                        0        0.720706999616689                        0        0.720856123873076        0.720856123873076                        0
       630                        0        0.720712344178081                        0        0.720717134245079        0.720717134245079                        0
       639                        0        0.720709794198011                        0        0.720858582601525        0.720858582601525                        0
       648                        0        0.720710822018207                        0        0.720788859662559        0.720788859662559                        0
       657                        0        0.720713965707592                        0        0.720737390764143        0.720737390764143                        0
       666                        0        0.720711445354339                        0        0.720847158113833        0.720847158113833                        0
       675                        0        0.720713879071464                        0        0.720743690945893        0.720743690945893                        0
       684                        0        0.720714936540279                        0        0.720763844533339        0.720763844533339                        0
       693                        0        0.720713435698468                        0        0.720817050612834        0.720817050612834                        0
       702                        0        0.720716069158505                        0        0.720723566746582        0.720723566746582                        0
       711                        0        0.720715743436634                        0        0.720782570746533        0.720782570746533                        0
       720                        0        0.720715471602007                        0        0.720781357616525        0.720781357616525                        0
