#square and square, nu_xymn_1
#MM NN: 5 1
#quadrature order: 16
#numpanels            c*(gradu.n)^2                      BEM        0.5*(gradu)^2 ex.       Boundary Formula 1       Boundary Formula 2
        18                        0       -0.285344323512761                        0       -0.176408331265318       -0.176408331265318                        0
        27                        0       -0.321615269280999                        0       -0.149838783038716       -0.149838783038716                        0
        36                        0       -0.319767346611101                        0       -0.172702592907496       -0.172702592907496                        0
        45                        0       -0.316168646244949                        0       -0.112972801334694       -0.112972801334694                        0
        54                        0       -0.344113720272743                        0       -0.207763900902573       -0.207763900902573                        0
        63                        0       -0.301327984729148                        0       -0.229534797630511       -0.229534797630511                        0
        72                        0       -0.313011526689224                        0       -0.212372229310468       -0.212372229310468                        0
        81                        0       -0.309050585348942                        0       -0.265782301835102       -0.265782301835102                        0
        90                        0       -0.296127504132795                        0       -0.256396155863517       -0.256396155863517                        0
        99                        0         -0.3056478170766                        0       -0.254760419921513       -0.254760419921513                        0
       108                        0       -0.299521957833567                        0       -0.279330535967431       -0.279330535967431                        0
       117                        0       -0.295823611643025                        0       -0.270778258742995       -0.270778258742995                        0
       126                        0       -0.300974755333593                        0       -0.273245328113498       -0.273245328113498                        0
       135                        0        -0.29592114626056                        0       -0.286634097984797       -0.286634097984797                        0
       144                        0        -0.29628972110924                        0       -0.277587581037506       -0.277587581037506                        0
       153                        0         -0.2978498586948                        0       -0.283944166082694       -0.283944166082694                        0
       162                        0       -0.294614951126465                        0       -0.289921276197672       -0.289921276197672                        0
       171                        0       -0.296351947747667                        0       -0.281643570614914       -0.281643570614914                        0
       180                        0       -0.295986370757062                        0       -0.289913593807262       -0.289913593807262                        0
       189                        0       -0.294334478417447                        0       -0.290845606637572       -0.290845606637572                        0
       198                        0       -0.295958638901811                        0       -0.285060935540398       -0.285060935540398                        0
       207                        0       -0.294919566333377                        0       -0.293167521337888       -0.293167521337888                        0
       216                        0       -0.294445619736044                        0       -0.290573309562576       -0.290573309562576                        0
       225                        0       -0.295392222318092                        0       -0.288424805179226       -0.288424805179226                        0
       234                        0       -0.294365994086822                        0       -0.294561157132416       -0.294561157132416                        0
       243                        0       -0.294587780924376                        0       -0.290138111513686       -0.290138111513686                        0
       252                        0       -0.294874242680999                        0       -0.291336350590696       -0.291336350590696                        0
       261                        0       -0.294143978636783                        0       -0.294687947016435       -0.294687947016435                        0
       270                        0       -0.294613450627242                        0       -0.290227071879362       -0.290227071879362                        0
       279                        0       -0.294484584540117                        0       -0.293442837488151       -0.293442837488151                        0
       288                        0        -0.29411024862085                        0       -0.294099608251926       -0.294099608251926                        0
       297                        0       -0.294525459322047                        0       -0.290995511982813       -0.290995511982813                        0
       306                        0       -0.294229790097892                        0       -0.294643138059985       -0.294643138059985                        0
       315                        0       -0.294148399243139                        0       -0.293329785739359       -0.293329785739359                        0
       324                        0       -0.294383951996018                        0       -0.292164026189544       -0.292164026189544                        0
       333                        0       -0.294090198699342                        0       -0.295040754575691       -0.295040754575691                        0
       342                        0       -0.294182242133768                        0       -0.292796713489023       -0.292796713489023                        0
       351                        0       -0.294241648384604                        0        -0.29333225182409        -0.29333225182409                        0
       360                        0       -0.294034513375059                        0       -0.294869560917378       -0.294869560917378                        0
       369                        0       -0.294181500324401                        0       -0.292696548330079       -0.292696548330079                        0
       378                        0       -0.294126836268752                        0         -0.2942109030177         -0.2942109030177                        0
       387                        0        -0.29402695998556                        0       -0.294420725476484       -0.294420725476484                        0
       396                        0       -0.294149053454764                        0       -0.292988620475605       -0.292988620475605                        0
       405                        0       -0.294048854772043                        0       -0.294685562572991       -0.294685562572991                        0
       414                        0       -0.294036042422098                        0       -0.293964134829777       -0.293964134829777                        0
       423                        0       -0.294100867503015                        0       -0.293488362288553       -0.293488362288553                        0
       432                        0        -0.29400532649055                        0       -0.294787437402969       -0.294787437402969                        0
       441                        0       -0.294041630253731                        0       -0.293679574866368       -0.293679574866368                        0
       450                        0       -0.294052099109861                        0       -0.293992116961086       -0.293992116961086                        0
       459                        0       -0.293987227076315                        0       -0.294636245368947       -0.294636245368947                        0
       468                        0       -0.294036278443327                        0       -0.293625352003394       -0.293625352003394                        0
       477                        0       -0.294012132701028                        0       -0.294359472679378       -0.294359472679378                        0
       486                        0       -0.293983265933225                        0       -0.294380646108847       -0.294380646108847                        0
       495                        0       -0.294021381765408                        0       -0.293756844510228       -0.293756844510228                        0
       504                        0       -0.293984553484757                        0       -0.294537286833426       -0.294537286833426                        0
       513                        0        -0.29398371374596                        0       -0.294147725703444       -0.294147725703444                        0
       522                        0       -0.294001934437727                        0       -0.293977819601889       -0.293977819601889                        0
       531                        0       -0.293968642675554                        0       -0.294545287090393       -0.294545287090393                        0
       540                        0       -0.293982623931748                        0       -0.294011655880008       -0.294011655880008                        0
       549                        0       -0.293982817716157                        0       -0.294192945949704       -0.294192945949704                        0
       558                        0       -0.293961196451853                        0       -0.294445395037049       -0.294445395037049                        0
       567                        0       -0.293977973694516                        0       -0.293987486345656       -0.293987486345656                        0
       576                        0       -0.293967173707829                        0        -0.29434005382136        -0.29434005382136                        0
       585                        0       -0.293958309924551                        0       -0.294309434830268       -0.294309434830268                        0
       594                        0       -0.293970396936987                        0       -0.294046503299109       -0.294046503299109                        0
       603                        0       -0.293956167005768                        0       -0.294398669340182       -0.294398669340182                        0
       612                        0       -0.293956754062507                        0        -0.29419428263276        -0.29419428263276                        0
       621                        0       -0.293961615876729                        0       -0.294141429819313       -0.294141429819313                        0
       630                        0       -0.293949418536363                        0       -0.294381914017394       -0.294381914017394                        0
       639                        0       -0.293954641615087                        0       -0.294129361787322       -0.294129361787322                        0
       648                        0       -0.293953296780062                        0       -0.294228989183601       -0.294228989183601                        0
       657                        0       -0.293945691039321                        0       -0.294320917514162       -0.294320917514162                        0
       666                        0       -0.293951392450904                        0       -0.294116832282047       -0.294116832282047                        0
       675                        0       -0.293946495041119                        0       -0.294282809415238       -0.294282809415238                        0
       684                        0       -0.293943563758935                        0       -0.294249120313301       -0.294249120313301                        0
       693                        0       -0.293947288117254                        0       -0.294140571649148       -0.294140571649148                        0
       702                        0       -0.293941553381558                        0        -0.29429600709868        -0.29429600709868                        0
       711                        0       -0.293941910775152                        0       -0.294191164591483       -0.294191164591483                        0
       720                        0       -0.293942952953086                        0       -0.294178037440198       -0.294178037440198                        0
