#square and square, nu_xymn_1
#MM NN: 1 2
#quadrature order: 16
#numpanels            c*(gradu.n)^2                      BEM        0.5*(gradu)^2 ex.       Boundary Formula 1       Boundary Formula 2
        18                        0        0.176461394374287                        0        0.130126773126055        0.130126773126055                        0
        27                        0        0.177833791841966                        0         0.14987723587791         0.14987723587791                        0
        36                        0        0.177885130614995                        0        0.145230988024088        0.145230988024088                        0
        45                        0        0.181976084390515                        0        0.156695374081438        0.156695374081438                        0
        54                        0        0.177919739329236                        0        0.158406254093429        0.158406254093429                        0
        63                        0        0.182356496404443                        0        0.167667874289644        0.167667874289644                        0
        72                        0         0.18170142805915                        0        0.176846268191242        0.176846268191242                        0
        81                        0        0.181480762403943                        0        0.174062895486892        0.174062895486892                        0
        90                        0        0.183310202971698                        0        0.177437441823739        0.177437441823739                        0
        99                        0        0.182182461408514                        0        0.181036568284059        0.181036568284059                        0
       108                        0        0.182694943611524                        0        0.179339723268712        0.179339723268712                        0
       117                        0        0.183394084875338                        0        0.181660403668386        0.181660403668386                        0
       126                        0        0.182625096249564                        0        0.183229227134764        0.183229227134764                        0
       135                        0        0.183235505805514                        0        0.181661773367408        0.181661773367408                        0
       144                        0        0.183306856584225                        0        0.183658078820852        0.183658078820852                        0
       153                        0         0.18299441713217                        0        0.183687145510939        0.183687145510939                        0
       162                        0        0.183456007883131                        0        0.182766074379042        0.182766074379042                        0
       171                        0        0.183260400377282                        0        0.184535245467967        0.184535245467967                        0
       180                        0         0.18324123198206                        0        0.183661774910526        0.183661774910526                        0
       189                        0        0.183514065816888                        0        0.183417078351867        0.183417078351867                        0
       198                        0        0.183284791311215                        0        0.184725192373395        0.184725192373395                        0
       207                        0        0.183396050120321                        0        0.183529986658235        0.183529986658235                        0
       216                        0        0.183501322832277                        0        0.183873409839602        0.183873409839602                        0
       225                        0         0.18334650685521                        0        0.184512312985604        0.184512312985604                        0
       234                        0        0.183483542755746                        0        0.183463467706569        0.183463467706569                        0
       243                        0        0.183475457062364                        0         0.18417049859631         0.18417049859631                        0
       252                        0        0.183411855010227                        0        0.184161288132769        0.184161288132769                        0
       261                        0        0.183522465052747                        0        0.183506115677994        0.183506115677994                        0
       270                        0        0.183463638459504                        0        0.184282884149646        0.184282884149646                        0
       279                        0        0.183465625934912                        0        0.183841413502961        0.183841413502961                        0
       288                        0        0.183530833198615                        0        0.183630869835984        0.183630869835984                        0
       297                        0        0.183469297727679                        0        0.184220708283763        0.184220708283763                        0
       306                        0         0.18350355817646                        0         0.18362877339379         0.18362877339379                        0
       315                        0        0.183525516959585                        0        0.183776021709944        0.183776021709944                        0
       324                        0        0.183485159216777                        0        0.184049149876356        0.184049149876356                        0
       333                        0        0.183525978252882                        0         0.18353669837463         0.18353669837463                        0
       342                        0        0.183518811816026                        0        0.183879643843273        0.183879643843273                        0
       351                        0        0.183503527095541                        0        0.183849996670433        0.183849996670433                        0
       360                        0        0.183535866445161                        0         0.18354110134689         0.18354110134689                        0
       369                        0        0.183516505323996                        0        0.183907584680529        0.183907584680529                        0
       378                        0        0.183519645042819                        0        0.183684360562673        0.183684360562673                        0
       387                        0        0.183537783166163                        0        0.183599360325751        0.183599360325751                        0
       396                        0        0.183519119660253                        0        0.183863208404084        0.183863208404084                        0
       405                        0        0.183531366961266                        0        0.183581065440014        0.183581065440014                        0
       414                        0        0.183536347259345                        0        0.183666885359168        0.183666885359168                        0
       423                        0         0.18352472807063                        0        0.183776016284998        0.183776016284998                        0
       432                        0        0.183538358327685                        0        0.183541312424253        0.183541312424253                        0
       441                        0        0.183534857482677                        0        0.183710960458307        0.183710960458307                        0
       450                        0        0.183531138108319                        0        0.183681431085835        0.183681431085835                        0
       459                        0        0.183541495808992                        0         0.18354854083579         0.18354854083579                        0
       468                        0        0.183534801281724                        0        0.183718171638018        0.183718171638018                        0
       477                        0        0.183536798675393                        0        0.183605810982227        0.183605810982227                        0
       486                        0        0.183542252963079                        0        0.183578876225112        0.183578876225112                        0
       495                        0        0.183536253542622                        0        0.183693099420986        0.183693099420986                        0
       504                        0        0.183540941244263                        0        0.183561070327144        0.183561070327144                        0
       513                        0        0.183542075369046                        0        0.183610225637931        0.183610225637931                        0
       522                        0         0.18353860876953                        0        0.183650575251239        0.183650575251239                        0
       531                        0        0.183543455264505                        0        0.183546229697136        0.183546229697136                        0
       540                        0         0.18354195280793                        0        0.183628362076857        0.183628362076857                        0
       549                        0        0.183541158084241                        0         0.18360675866299         0.18360675866299                        0
       558                        0        0.183544672685931                        0        0.183552188915656        0.183552188915656                        0
       567                        0        0.183542310331487                        0        0.183628849100814        0.183628849100814                        0
       576                        0          0.1835433785707                        0        0.183573105427865        0.183573105427865                        0
       585                        0        0.183545114581068                        0        0.183567141813953        0.183567141813953                        0
       594                        0        0.183543145326677                        0        0.183615120684454        0.183615120684454                        0
       603                        0         0.18354501482172                        0        0.183554280822952        0.183554280822952                        0
       612                        0        0.183545266693832                        0        0.183581007427923        0.183581007427923                        0
       621                        0        0.183544245452456                        0        0.183594504762524        0.183594504762524                        0
       630                        0        0.183546049046155                        0        0.183549059368287        0.183549059368287                        0
       639                        0        0.183545448157094                        0        0.183587933041956        0.183587933041956                        0
       648                        0        0.183545365771853                        0        0.183574330043604        0.183574330043604                        0
       657                        0        0.183546617688846                        0        0.183552724233255        0.183552724233255                        0
       666                        0        0.183545788323344                        0        0.183586659884409        0.183586659884409                        0
       675                        0        0.183546327281854                        0        0.183559473015413        0.183559473015413                        0
       684                        0         0.18354691402892                        0        0.183559695374593        0.183559695374593                        0
       693                        0        0.183546276402376                        0        0.183579278633713        0.183579278633713                        0
