#square and square, nu_xymn_2
#MM NN: 3 1
#quadrature order: 16
#numpanels            c*(gradu.n)^2                      BEM        0.5*(gradu)^2 ex.       Boundary Formula 1       Boundary Formula 2
        18                        0       0.0446334265307607                        0       0.0591551053342778       0.0591551053342778                        0
        27                        0       0.0475780230633604                        0       0.0671546387120169       0.0671546387120169                        0
        36                        0       0.0481130069865441                        0       0.0626790684975684       0.0626790684975684                        0
        45                        0       0.0479291531396611                        0        0.064086326985199        0.064086326985199                        0
        54                        0       0.0513725416116459                        0       0.0638412373200335       0.0638412373200335                        0
        63                        0       0.0520477047878963                        0       0.0626731331541588       0.0626731331541588                        0
        72                        0       0.0523608121913956                        0       0.0610446799390497       0.0610446799390497                        0
        81                        0       0.0532078655086476                        0       0.0601128394746326       0.0601128394746326                        0
        90                        0       0.0532239559391271                        0        0.058844186165307        0.058844186165307                        0
        99                        0       0.0534150073794898                        0       0.0579021129928356       0.0579021129928356                        0
       108                        0       0.0536686000609781                        0       0.0572568312684742       0.0572568312684742                        0
       117                        0       0.0536230973290565                        0       0.0564908565967149       0.0564908565967149                        0
       126                        0        0.053770656750568                        0       0.0560704901976702       0.0560704901976702                        0
       135                        0       0.0538160609792723                        0       0.0556698900333195       0.0556698900333195                        0
       144                        0       0.0537926156563486                        0       0.0552876254391046       0.0552876254391046                        0
       153                        0       0.0538870421525975                        0       0.0551019980102017       0.0551019980102017                        0
       162                        0       0.0538724933593332                        0       0.0548585633986532       0.0548585633986532                        0
       171                        0       0.0538769016011905                        0       0.0546869846316331       0.0546869846316331                        0
       180                        0       0.0539235252281487                        0        0.054592490759411        0.054592490759411                        0
       189                        0        0.053900841525847                        0       0.0544503607886565       0.0544503607886565                        0
       198                        0       0.0539200697588806                        0       0.0543826684598872       0.0543826684598872                        0
       207                        0       0.0539343120045401                        0       0.0543219658382782       0.0543219658382782                        0
       216                        0       0.0539193697732659                        0       0.0542444881222924       0.0542444881222924                        0
       225                        0       0.0539400593837144                        0       0.0542206139574509       0.0542206139574509                        0
       234                        0       0.0539379329690788                        0       0.0541760385862649       0.0541760385862649                        0
       243                        0       0.0539329530630901                        0       0.0541386156167496       0.0541386156167496                        0
       252                        0       0.0539476453857277                        0       0.0541285623962367       0.0541285623962367                        0
       261                        0       0.0539403800342603                        0       0.0540960990600916       0.0540960990600916                        0
       270                        0       0.0539425608007949                        0       0.0540814783268718       0.0540814783268718                        0
       279                        0        0.053949678600656                        0       0.0540731976677245       0.0540731976677245                        0
       288                        0       0.0539431724652993                        0        0.054051602984357        0.054051602984357                        0
       297                        0       0.0539485155362079                        0       0.0540478415108006       0.0540478415108006                        0
       306                        0       0.0539498654221379                        0       0.0540385974577446       0.0540385974577446                        0
       315                        0       0.0539462535504061                        0       0.0540261763752334       0.0540261763752334                        0
       324                        0        0.053951540393383                        0       0.0540258282182066       0.0540258282182066                        0
       333                        0       0.0539498736199437                        0       0.0540165477574206       0.0540165477574206                        0
       342                        0       0.0539491318437355                        0       0.0540108287872147       0.0540108287872147                        0
       351                        0       0.0539526861372846                        0        0.054010190309178        0.054010190309178                        0
       360                        0       0.0539502559949097                        0       0.0540023733303818       0.0540023733303818                        0
       369                        0       0.0539513812086187                        0       0.0540006484262435       0.0540006484262435                        0
       378                        0       0.0539529167571477                        0       0.0539986551325889       0.0539986551325889                        0
       387                        0       0.0539510242594183                        0       0.0539931484251279       0.0539931484251279                        0
       396                        0       0.0539528400929392                        0       0.0539931052822855       0.0539931052822855                        0
       405                        0        0.053952880913676                        0       0.0539901176415102       0.0539901176415102                        0
       414                        0       0.0539519776858468                        0       0.0539869356471345       0.0539869356471345                        0
       423                        0       0.0539536057330509                        0        0.053987048895557        0.053987048895557                        0
       432                        0       0.0539529080651942                        0       0.0539838726215994       0.0539838726215994                        0
       441                        0        0.053952890239523                        0       0.0539824598419482       0.0539824598419482                        0
       450                        0       0.0539539102314808                        0       0.0539820410763493       0.0539820410763493                        0
       459                        0       0.0539530983618653                        0       0.0539793467262477       0.0539793467262477                        0
       468                        0       0.0539536087594782                        0       0.0539789430200752       0.0539789430200752                        0
       477                        0       0.0539539907225413                        0       0.0539779321016997       0.0539779321016997                        0
       486                        0       0.0539534217153251                        0       0.0539760393030069       0.0539760393030069                        0
       495                        0       0.0539540829314255                        0       0.0539759762668764       0.0539759762668764                        0
       504                        0       0.0539540173085944                        0        0.053974637415443        0.053974637415443                        0
       513                        0       0.0539537970518249                        0       0.0539735350625593       0.0539735350625593                        0
       522                        0       0.0539543450938261                        0       0.0539733915528488       0.0539733915528488                        0
       531                        0       0.0539540780221479                        0       0.0539720519263793       0.0539720519263793                        0
       540                        0       0.0539541457491825                        0       0.0539715262044839       0.0539715262044839                        0
       549                        0       0.0539544674834081                        0       0.0539711447706915       0.0539711447706915                        0
       558                        0        0.053954195419899                        0       0.0539700394019788       0.0539700394019788                        0
       567                        0       0.0539544194216875                        0       0.0539698174355738       0.0539698174355738                        0
       576                        0       0.0539545234759062                        0       0.0539692307941757       0.0539692307941757                        0
       585                        0       0.0539543532869304                        0       0.0539684528544217       0.0539684528544217                        0
       594                        0        0.053954605481008                        0       0.0539683085580401       0.0539683085580401                        0
       603                        0       0.0539545657077186                        0       0.0539676374663506       0.0539676374663506                        0
       612                        0       0.0539545213870064                        0       0.0539671600106158       0.0539671600106158                        0
       621                        0       0.0539547178784514                        0       0.0539669628307346       0.0539669628307346                        0
       630                        0       0.0539546206674093                        0       0.0539663311255426       0.0539663311255426                        0
       639                        0       0.0539546728094047                        0         0.05396606071109         0.05396606071109                        0
       648                        0       0.0539547824658614                        0       0.0539657740603551       0.0539657740603551                        0
       657                        0       0.0539546935585963                        0       0.0539652609654009       0.0539652609654009                        0
       666                        0       0.0539547924373188                        0       0.0539650918851433       0.0539650918851433                        0
       675                        0       0.0539548245003992                        0       0.0539647421280246       0.0539647421280246                        0
       684                        0       0.0539547771501304                        0       0.0539643707835601       0.0539643707835601                        0
       693                        0       0.0539548777924998                        0       0.0539642218975737       0.0539642218975737                        0
       702                        0        0.053954861667119                        0       0.0539638602150775       0.0539638602150775                        0
       711                        0       0.0539548602782893                        0       0.0539636102810518       0.0539636102810518                        0
       720                        0       0.0539549352092304                        0       0.0539634393537227       0.0539634393537227                        0
