#square and square, nu_xymn_2
#MM NN: 1 1
#quadrature order: 16
#numpanels            c*(gradu.n)^2                      BEM        0.5*(gradu)^2 ex.       Boundary Formula 1       Boundary Formula 2
        18                        0        0.161409944660055                        0        0.178532758744463        0.178532758744463                        0
        27                        0        0.169345691656365                        0         0.20096922004656         0.20096922004656                        0
        36                        0        0.167148296991964                        0        0.184920493738582        0.184920493738582                        0
        45                        0        0.169345760665976                        0        0.207545854447295        0.207545854447295                        0
        54                        0         0.17005455349576                        0        0.180686758305129        0.180686758305129                        0
        63                        0        0.166207212643523                        0        0.180242386543925        0.180242386543925                        0
        72                        0        0.168929584971784                        0        0.191178929936246        0.191178929936246                        0
        81                        0        0.166827153553604                        0         0.17077232113361         0.17077232113361                        0
        90                        0        0.166659408353309                        0        0.176873770866685        0.176873770866685                        0
        99                        0        0.167803833486773                        0        0.177551846210994        0.177551846210994                        0
       108                        0        0.166387982715037                        0         0.16778827845459         0.16778827845459                        0
       117                        0        0.166796783729103                        0         0.17438611097937         0.17438611097937                        0
       126                        0        0.167074608503814                        0        0.170466858432527        0.170466858432527                        0
       135                        0        0.166379626170951                        0        0.167502518657578        0.167502518657578                        0
       144                        0        0.166803438774689                        0        0.172304279051265        0.172304279051265                        0
       153                        0         0.16665671205354                        0        0.167257383892203        0.167257383892203                        0
       162                        0        0.166434072797705                        0        0.167923929457472        0.167923929457472                        0
       171                        0        0.166736801929378                        0        0.170255876864392        0.170255876864392                        0
       180                        0        0.166473562333563                        0         0.16620032450253         0.16620032450253                        0
       189                        0        0.166478442259309                        0        0.168316822833751        0.168316822833751                        0
       198                        0        0.166633856024451                        0        0.168447750444226        0.168447750444226                        0
       207                        0        0.166415125430466                        0        0.166154400356745        0.166154400356745                        0
       216                        0        0.166501033917242                        0        0.168391442063825        0.168391442063825                        0
       225                        0         0.16653295277759                        0        0.167167274845123        0.167167274845123                        0
       234                        0        0.166409137454068                        0        0.166497128819347        0.166497128819347                        0
       243                        0        0.166502625567571                        0        0.168113310358929        0.168113310358929                        0
       252                        0        0.166461816999913                        0        0.166487322261696        0.166487322261696                        0
       261                        0        0.166418893255688                        0        0.166886160805053        0.166886160805053                        0
       270                        0         0.16648733268074                        0        0.167612858711423        0.167612858711423                        0
       279                        0        0.166424078978432                        0        0.166273563568684        0.166273563568684                        0
       288                        0        0.166429128960461                        0        0.167144406820514        0.167144406820514                        0
       297                        0         0.16646282195012                        0        0.167085578298713        0.167085578298713                        0
       306                        0        0.166409747022194                        0         0.16633641826895         0.16633641826895                        0
       315                        0        0.166434574828267                        0        0.167210240656596        0.167210240656596                        0
       324                        0        0.166438395011974                        0        0.166684247227144        0.166684247227144                        0
       333                        0        0.166407580231358                        0        0.166511165025852        0.166511165025852                        0
       342                        0        0.166434106583546                        0        0.167107717931653        0.167107717931653                        0
       351                        0        0.166420311398633                        0        0.166464467934256        0.166464467934256                        0
       360                        0         0.16640988509353                        0        0.166681493815394        0.166681493815394                        0
       369                        0        0.166428793331729                        0        0.166912199802024        0.166912199802024                        0
       378                        0        0.166409949021385                        0        0.166403005475516        0.166403005475516                        0
       387                        0           0.166412530428                        0        0.166782837749446        0.166782837749446                        0
       396                        0         0.16642107417777                        0        0.166708150918964        0.166708150918964                        0
       405                        0        0.166405563527548                        0        0.166441065173185        0.166441065173185                        0
       414                        0         0.16641370684743                        0        0.166797539391311        0.166797539391311                        0
       423                        0        0.166413560137215                        0        0.166554408714481        0.166554408714481                        0
       432                        0        0.166404625409694                        0        0.166517266389808        0.166517266389808                        0
       441                        0        0.166412983154485                        0        0.166743093215705        0.166743093215705                        0
       450                        0        0.166407900288805                        0         0.16647197188986         0.16647197188986                        0
       459                        0        0.166405081815287                        0        0.166585222740742        0.166585222740742                        0
       468                        0        0.166410778743904                        0        0.166654696039213        0.166654696039213                        0
       477                        0        0.166404491195029                        0        0.166451836760139        0.166451836760139                        0
       486                        0        0.166405654140187                        0        0.166620026295044        0.166620026295044                        0
       495                        0        0.166407928162313                        0        0.166567229102067        0.166567229102067                        0
       504                        0         0.16640289746602                        0        0.166470160878312        0.166470160878312                        0
       513                        0        0.166405728396472                        0         0.16661721302024         0.16661721302024                        0
       522                        0        0.166405238187964                        0        0.166503243768151        0.166503243768151                        0
       531                        0        0.166402405951239                        0          0.1665014530605          0.1665014530605                        0
       540                        0        0.166405172352612                        0         0.16658668943463         0.16658668943463                        0
       549                        0        0.166403192109375                        0         0.16646982756147         0.16646982756147                        0
       558                        0        0.166402379541488                        0        0.166526682119957        0.166526682119957                        0
       567                        0        0.166404156479834                        0        0.166544387795084        0.166544387795084                        0
       576                        0          0.1664019011855                        0        0.166462167173899        0.166462167173899                        0
       585                        0        0.166402391219227                        0        0.166536404274824        0.166536404274824                        0
       594                        0        0.166402974735204                        0        0.166504785684932        0.166504785684932                        0
       603                        0        0.166401226257665                        0        0.166469647965619        0.166469647965619                        0
       612                        0        0.166402231862302                        0        0.166530031724708        0.166530031724708                        0
       621                        0        0.166401891663736                        0        0.166476571065362        0.166476571065362                        0
       630                        0        0.166400933832258                        0        0.166481335700504        0.166481335700504                        0
       639                        0        0.166401864462402                        0        0.166512739593178        0.166512739593178                        0
       648                        0        0.166401057984219                        0        0.166461889556908        0.166461889556908                        0
       657                        0        0.166400806649394                        0        0.166489417993159        0.166489417993159                        0
       666                        0        0.166401357636836                        0        0.166491666919859        0.166491666919859                        0
       675                        0        0.166400502998484                        0        0.166458069429596        0.166458069429596                        0
       684                        0        0.166400695452146                        0        0.166490415764991        0.166490415764991                        0
       693                        0        0.166400817068257                        0        0.166472838656709        0.166472838656709                        0
       702                        0        0.166400174317127                        0        0.166460250891833        0.166460250891833                        0
       711                        0        0.166400528260015                        0        0.166484641319223        0.166484641319223                        0
       720                        0        0.166400332688225                        0        0.166459577220307        0.166459577220307                        0
