#square and square, nu_xymn_2
#MM NN: 5 5
#quadrature order: 16
#numpanels            c*(gradu.n)^2                      BEM        0.5*(gradu)^2 ex.       Boundary Formula 1       Boundary Formula 2
        18                        0      0.00580062067663372                        0      0.00754133719109916      0.00754133719109916                        0
        27                        0      0.00622016567629807                        0      0.00840379310026384      0.00840379310026384                        0
        36                        0      0.00628270957053442                        0      0.00819503996362437      0.00819503996362437                        0
        45                        0      0.00624244111422457                        0      0.00835044073760715      0.00835044073760715                        0
        54                        0      0.00687612082632208                        0       0.0087638483405824       0.0087638483405824                        0
        63                        0      0.00717970651076777                        0      0.00890259394854133      0.00890259394854133                        0
        72                        0      0.00727699708686189                        0      0.00863425744908567      0.00863425744908567                        0
        81                        0      0.00741723524840472                        0      0.00859895974866158      0.00859895974866158                        0
        90                        0      0.00746690763093613                        0      0.00845928061296833      0.00845928061296833                        0
        99                        0      0.00750511843074911                        0      0.00829314193104783      0.00829314193104783                        0
       108                        0      0.00754607822834281                        0      0.00820791894777789      0.00820791894777789                        0
       117                        0      0.00755707633158356                        0      0.00809150525428232      0.00809150525428232                        0
       126                        0      0.00757754845088883                        0      0.00800859170591271      0.00800859170591271                        0
       135                        0      0.00758813502663263                        0       0.0079487695903081       0.0079487695903081                        0
       144                        0      0.00759223633989132                        0       0.0078834851350983       0.0078834851350983                        0
       153                        0      0.00760314970786172                        0      0.00784353428127947      0.00784353428127947                        0
       162                        0      0.00760479246807017                        0      0.00780630670035932      0.00780630670035932                        0
       171                        0      0.00760814130262933                        0      0.00777276578283794      0.00777276578283794                        0
       180                        0      0.00761307947145937                        0      0.00775237182728484      0.00775237182728484                        0
       189                        0       0.0076127095500921                        0      0.00773026781287572      0.00773026781287572                        0
       198                        0      0.00761581367002453                        0       0.0077138850726479       0.0077138850726479                        0
       207                        0      0.00761736060233791                        0      0.00770227271205728      0.00770227271205728                        0
       216                        0      0.00761712300062519                        0      0.00768950390913905      0.00768950390913905                        0
       225                        0      0.00761951784030146                        0       0.0076815746899548       0.0076815746899548                        0
       234                        0      0.00761952159981258                        0      0.00767424880210929      0.00767424880210929                        0
       243                        0      0.00761983265059964                        0      0.00766712697498878      0.00766712697498878                        0
       252                        0      0.00762128142751105                        0      0.00766300674082887      0.00766300674082887                        0
       261                        0      0.00762085059957033                        0      0.00765813669177686      0.00765813669177686                        0
       270                        0      0.00762152570788762                        0       0.0076543159222762       0.0076543159222762                        0
       279                        0      0.00762214844487708                        0      0.00765179396092076      0.00765179396092076                        0
       288                        0      0.00762180913075867                        0       0.0076485535428018       0.0076485535428018                        0
       297                        0      0.00762254242360311                        0      0.00764653208369321      0.00764653208369321                        0
       306                        0      0.00762263582766601                        0      0.00764470336838025      0.00764470336838025                        0
       315                        0      0.00762254582850914                        0      0.00764261583351279      0.00764261583351279                        0
       324                        0      0.00762311831165409                        0       0.0076414726053945       0.0076414726053945                        0
       333                        0      0.00762297807017527                        0      0.00764003647356426      0.00764003647356426                        0
       342                        0      0.00762310173697948                        0      0.00763874879018641      0.00763874879018641                        0
       351                        0      0.00762343495789902                        0       0.0076379779524325       0.0076379779524325                        0
       360                        0      0.00762326588082604                        0      0.00763685631165101      0.00763685631165101                        0
       369                        0      0.00762349593368405                        0      0.00763608105882114      0.00763608105882114                        0
       378                        0      0.00762361976156769                        0      0.00763545331677653      0.00763545331677653                        0
       387                        0      0.00762352206289495                        0      0.00763461694518935      0.00763461694518935                        0
       396                        0      0.00762375542942969                        0      0.00763413168963103      0.00763413168963103                        0
       405                        0      0.00762374895922549                        0       0.0076335751502492       0.0076335751502492                        0
       414                        0      0.00762374298598551                        0       0.0076329843343647       0.0076329843343647                        0
       423                        0      0.00762391673417861                        0      0.00763263858799459      0.00763263858799459                        0
       432                        0      0.00762385970976016                        0       0.0076321505200967       0.0076321505200967                        0
       441                        0      0.00762392077269654                        0       0.0076317483053585       0.0076317483053585                        0
       450                        0      0.00762401680515224                        0       0.0076314587944863       0.0076314587944863                        0
       459                        0      0.00762396430921876                        0      0.00763105250951137      0.00763105250951137                        0
       468                        0      0.00762405325993915                        0      0.00763077675645984      0.00763077675645984                        0
       477                        0      0.00762408492406581                        0      0.00763051054746384      0.00763051054746384                        0
       486                        0      0.00762406222424376                        0      0.00763019137764323      0.00763019137764323                        0
       495                        0      0.00762414577587657                        0      0.00762998854534938      0.00762998854534938                        0
       504                        0      0.00762413964415019                        0      0.00762974180180077      0.00762974180180077                        0
       513                        0      0.00762414868846765                        0      0.00762950181055567      0.00762950181055567                        0
       522                        0      0.00762420837777096                        0      0.00762933494599578      0.00762933494599578                        0
       531                        0       0.0076241898880585                        0      0.00762911482578627      0.00762911482578627                        0
       540                        0      0.00762421981898676                        0      0.00762893680922923      0.00762893680922923                        0
       549                        0       0.0076242519330184                        0      0.00762878635622832      0.00762878635622832                        0
       558                        0      0.00762423795683098                        0      0.00762859962304307      0.00762859962304307                        0
       567                        0      0.00762427469835401                        0      0.00762846376745041      0.00762846376745041                        0
       576                        0      0.00762428524749828                        0       0.0076283233771741       0.0076283233771741                        0
       585                        0      0.00762428275582749                        0      0.00762817163264652      0.00762817163264652                        0
       594                        0      0.00762431525882882                        0      0.00762806097931241      0.00762806097931241                        0
       603                        0      0.00762431391224669                        0      0.00762793157506484      0.00762793157506484                        0
       612                        0      0.00762432233025166                        0       0.0076278111215826       0.0076278111215826                        0
       621                        0      0.00762434504207013                        0      0.00762771428990137      0.00762771428990137                        0
       630                        0      0.00762434052034047                        0      0.00762759893124498      0.00762759893124498                        0
       639                        0      0.00762435537350038                        0      0.00762750292366518      0.00762750292366518                        0
       648                        0      0.00762436780506232                        0      0.00762741420416212      0.00762741420416212                        0
       657                        0      0.00762436558962819                        0      0.00762731493511494      0.00762731493511494                        0
       666                        0      0.00762438175502664                        0      0.00762723595437928      0.00762723595437928                        0
       675                        0      0.00762438655682207                        0      0.00762715376837787      0.00762715376837787                        0
       684                        0      0.00762438862083779                        0      0.00762707047592575      0.00762707047592575                        0
       693                        0      0.00762440235363125                        0      0.00762700241546107      0.00762700241546107                        0
       702                        0      0.00762440318274696                        0      0.00762692728992675      0.00762692728992675                        0
       711                        0      0.00762440893875735                        0      0.00762685796894854      0.00762685796894854                        0
