#square and square, nu_xymn_1
#MM NN: 5 3
#quadrature order: 16
#numpanels            c*(gradu.n)^2                      BEM        0.5*(gradu)^2 ex.       Boundary Formula 1       Boundary Formula 2
        18                        0       0.0298421969015487                        0        0.020101586221711        0.020101586221711                        0
        27                        0        0.031361427820646                        0       0.0222099511035711       0.0222099511035711                        0
        36                        0       0.0312412637852524                        0       0.0220899419061772       0.0220899419061772                        0
        45                        0       0.0316097658376928                        0       0.0223866886690058       0.0223866886690058                        0
        54                        0       0.0324856732215706                        0       0.0249103823669254       0.0249103823669254                        0
        63                        0        0.032671890315898                        0       0.0277322195342998       0.0277322195342998                        0
        72                        0       0.0327638776540929                        0       0.0289511717272278       0.0289511717272278                        0
        81                        0        0.032914996132824                        0        0.029900738296847        0.029900738296847                        0
        90                        0       0.0329138201967916                        0       0.0305572191180017       0.0305572191180017                        0
        99                        0       0.0329583888206556                        0       0.0310670234203238       0.0310670234203238                        0
       108                        0       0.0329866034909252                        0       0.0315492147220656       0.0315492147220656                        0
       117                        0       0.0329784340193848                        0       0.0318560525556878       0.0318560525556878                        0
       126                        0       0.0330061495567154                        0       0.0321200622927998       0.0321200622927998                        0
       135                        0       0.0330048358639193                        0        0.032322312181972        0.032322312181972                        0
       144                        0       0.0330043739203204                        0       0.0324646878807341       0.0324646878807341                        0
       153                        0       0.0330185117756737                        0       0.0325967618920577       0.0325967618920577                        0
       162                        0       0.0330122204380548                        0       0.0326871011784338       0.0326871011784338                        0
       171                        0       0.0330166665924763                        0       0.0327597880450011       0.0327597880450011                        0
       180                        0       0.0330213796166893                        0       0.0328239918468085       0.0328239918468085                        0
       189                        0       0.0330167671479254                        0         0.03286528224733         0.03286528224733                        0
       198                        0       0.0330222095450138                        0       0.0329041937487471       0.0329041937487471                        0
       207                        0       0.0330219171952974                        0       0.0329340877345666       0.0329340877345666                        0
       216                        0       0.0330201346083035                        0        0.032954078612184        0.032954078612184                        0
       225                        0       0.0330242166262107                        0       0.0329751462860723       0.0329751462860723                        0
       234                        0       0.0330221932137874                        0       0.0329882921901486       0.0329882921901486                        0
       243                        0       0.0330225491677308                        0       0.0329989245762714       0.0329989245762714                        0
       252                        0       0.0330246141516835                        0       0.0330098521382962       0.0330098521382962                        0
       261                        0       0.0330226803279855                        0       0.0330153372348324       0.0330153372348324                        0
       270                        0       0.0330240441333903                        0       0.0330215489353649       0.0330215489353649                        0
       279                        0       0.0330244811483584                        0       0.0330266428079178       0.0330266428079178                        0
       288                        0       0.0330233415615094                        0       0.0330289428035389       0.0330289428035389                        0
       297                        0       0.0330247765049635                        0       0.0330326783565372       0.0330326783565372                        0
       306                        0       0.0330243190135538                        0       0.0330345937669234       0.0330345937669234                        0
       315                        0       0.0330240109465807                        0       0.0330357240437364       0.0330357240437364                        0
       324                        0       0.0330250064535655                        0       0.0330378085985318       0.0330378085985318                        0
       333                        0       0.0330242955771586                        0       0.0330381921726509       0.0330381921726509                        0
       342                        0       0.0330245473038607                        0       0.0330389164347472       0.0330389164347472                        0
       351                        0       0.0330249894114834                        0       0.0330398405736818       0.0330398405736818                        0
       360                        0       0.0330244132726179                        0       0.0330396425142072       0.0330396425142072                        0
       369                        0       0.0330248898967853                        0       0.0330401552810425       0.0330401552810425                        0
       378                        0       0.0330249062008082                        0       0.0330403215013451       0.0330403215013451                        0
       387                        0       0.0330246094259647                        0       0.0330400158953348       0.0330400158953348                        0
       396                        0       0.0330250543575185                        0       0.0330403169912434       0.0330403169912434                        0
       405                        0       0.0330248516467208                        0       0.0330400668051321       0.0330400668051321                        0
       414                        0       0.0330248135884082                        0        0.033039828938237        0.033039828938237                        0
       423                        0       0.0330250981531674                        0       0.0330399030047958       0.0330399030047958                        0
       432                        0       0.0330248548701319                        0       0.0330394919404762       0.0330394919404762                        0
       441                        0       0.0330249768974254                        0       0.0330393366136711       0.0330393366136711                        0
       450                        0       0.0330250844012207                        0       0.0330392108398138       0.0330392108398138                        0
       459                        0       0.0330249064980647                        0       0.0330387964370368       0.0330387964370368                        0
       468                        0       0.0330250806344917                        0       0.0330386764441212       0.0330386764441212                        0
       477                        0       0.0330250601245783                        0       0.0330384145735128       0.0330384145735128                        0
       486                        0       0.0330249818006708                        0       0.0330380680010962       0.0330380680010962                        0
       495                        0       0.0330251304949218                        0       0.0330379337483842       0.0330379337483842                        0
       504                        0       0.0330250501663254                        0       0.0330376092911411       0.0330376092911411                        0
       513                        0       0.0330250565487537                        0       0.0330373414016407       0.0330373414016407                        0
       522                        0       0.0330251446568912                        0       0.0330371669735096       0.0330371669735096                        0
       531                        0       0.0330250608143193                        0       0.0330368401329399       0.0330368401329399                        0
       540                        0       0.0330251152362003                        0       0.0330366303514874       0.0330366303514874                        0
       549                        0       0.0330251427359017                        0       0.0330364159351796       0.0330364159351796                        0
       558                        0       0.0330250870725016                        0        0.033036122828422        0.033036122828422                        0
       567                        0       0.0330251527823927                        0       0.0330359426405046       0.0330359426405046                        0
       576                        0       0.0330251391969209                        0       0.0330357049523286       0.0330357049523286                        0
       585                        0       0.0330251197543338                        0       0.0330354580986157       0.0330354580986157                        0
       594                        0       0.0330251719887468                        0       0.0330352853242291       0.0330352853242291                        0
       603                        0       0.0330251413905707                        0       0.0330350456714681       0.0330350456714681                        0
       612                        0       0.0330251505447362                        0       0.0330348410294781       0.0330348410294781                        0
       621                        0        0.033025179425264                        0       0.0330346649825045       0.0330346649825045                        0
       630                        0       0.0330251506637868                        0       0.0330344405394069       0.0330344405394069                        0
       639                        0       0.0330251745035771                        0       0.0330342662877695       0.0330342662877695                        0
       648                        0       0.0330251818327988                        0       0.0330340864644315       0.0330340864644315                        0
       657                        0        0.033025164775613                        0       0.0330338864505129       0.0330338864505129                        0
       666                        0       0.0330251903687365                        0       0.0330337301889005       0.0330337301889005                        0
       675                        0       0.0330251840231225                        0       0.0330335519392799       0.0330335519392799                        0
       684                        0       0.0330251803120893                        0       0.0330333778894193       0.0330333778894193                        0
       693                        0       0.0330251995085895                        0       0.0330332307786869       0.0330332307786869                        0
       702                        0       0.0330251882958021                        0        0.033033060816319        0.033033060816319                        0
       711                        0       0.0330251943874993                        0       0.0330329091334756       0.0330329091334756                        0
