#square and square, nu_xymn_1
#MM NN: 5 3
#quadrature order: 16
#numpanels            c*(gradu.n)^2                      BEM        0.5*(gradu)^2 ex.       Boundary Formula 1       Boundary Formula 2
        18                        0       -0.530332829246886                        0       -0.386966850598098       -0.386966850598098                        0
        27                        0       -0.576991628981823                        0       -0.354545727636481       -0.354545727636481                        0
        36                        0       -0.583359049588325                        0       -0.383249275771596       -0.383249275771596                        0
        45                        0       -0.566805791571719                        0       -0.278962173918399       -0.278962173918399                        0
        54                        0       -0.631038161762173                        0       -0.448425125408654       -0.448425125408654                        0
        63                        0       -0.578098263212207                        0       -0.458430914415658       -0.458430914415658                        0
        72                        0       -0.599253047101326                        0       -0.460017272914788       -0.460017272914788                        0
        81                        0       -0.591073217980596                        0       -0.535162453773593       -0.535162453773593                        0
        90                        0       -0.579901148388036                        0       -0.512886428491279       -0.512886428491279                        0
        99                        0       -0.591394918021914                        0       -0.529563129613411       -0.529563129613411                        0
       108                        0         -0.5823633714562                        0       -0.554433189558074       -0.554433189558074                        0
       117                        0       -0.581165304071124                        0       -0.542593464278478       -0.542593464278478                        0
       126                        0       -0.585449735829926                        0       -0.556013645903279       -0.556013645903279                        0
       135                        0       -0.579865989830304                        0       -0.566066718916855       -0.566066718916855                        0
       144                        0       -0.581761881099325                        0       -0.556788217018033       -0.556788217018033                        0
       153                        0       -0.581983188943539                        0       -0.569381164845056       -0.569381164845056                        0
       162                        0       -0.579186453017301                        0        -0.57168014792754        -0.57168014792754                        0
       171                        0       -0.581511821379851                        0       -0.564791979433261       -0.564791979433261                        0
       180                        0       -0.580201915090934                        0       -0.575838429224847       -0.575838429224847                        0
       189                        0       -0.579195420231541                        0       -0.573855814924911       -0.573855814924911                        0
       198                        0       -0.580784556515599                        0        -0.57023803340487        -0.57023803340487                        0
       207                        0       -0.579325256191499                        0       -0.578913208244909       -0.578913208244909                        0
       216                        0        -0.57938362804548                        0       -0.574354974731819       -0.574354974731819                        0
       225                        0       -0.580022257555414                        0       -0.574487761437363       -0.574487761437363                        0
       234                        0       -0.578944654366514                        0       -0.579942711652876       -0.579942711652876                        0
       243                        0       -0.579480297687464                        0       -0.574545504382751       -0.574545504382751                        0
       252                        0       -0.579440708964057                        0       -0.577586038721527       -0.577586038721527                        0
       261                        0       -0.578840205889026                        0       -0.579728886886259       -0.579728886886259                        0
       270                        0       -0.579414775966894                        0       -0.575191517752963       -0.575191517752963                        0
       279                        0       -0.579064439919794                        0       -0.579516931388383       -0.579516931388383                        0
       288                        0       -0.578865209842479                        0       -0.578926357549707       -0.578926357549707                        0
       297                        0       -0.579245503031087                        0       -0.576381514852612       -0.576381514852612                        0
       306                        0       -0.578852703675058                        0       -0.580393597691768       -0.580393597691768                        0
       315                        0       -0.578914686667009                        0       -0.578109104834578       -0.578109104834578                        0
       324                        0       -0.579055828289555                        0       -0.577772783266653       -0.577772783266653                        0
       333                        0       -0.578757266242728                        0       -0.580451371294734       -0.580451371294734                        0
       342                        0       -0.578931003762206                        0        -0.57767173609034        -0.57767173609034                        0
       351                        0       -0.578897047934513                        0         -0.5789723606232         -0.5789723606232                        0
       360                        0       -0.578733197120043                        0       -0.580005083094796       -0.580005083094796                        0
       369                        0       -0.578903034581753                        0       -0.577735865430927       -0.577735865430927                        0
       378                        0       -0.578786215398403                        0       -0.579746384844947       -0.579746384844947                        0
       387                        0       -0.578741037467247                        0       -0.579387863768342       -0.579387863768342                        0
       396                        0       -0.578847192038912                        0       -0.578177356950258       -0.578177356950258                        0
       405                        0       -0.578721115240556                        0        -0.58004854896667        -0.58004854896667                        0
       414                        0       -0.578751805233625                        0       -0.578873875661374       -0.578873875661374                        0
       423                        0       -0.578785123851921                        0       -0.578758952259618       -0.578758952259618                        0
       432                        0       -0.578691069650173                        0       -0.579970486866063       -0.579970486866063                        0
       441                        0       -0.578750916376245                        0       -0.578614458756682       -0.578614458756682                        0
       450                        0       -0.578731734158791                        0       -0.579265433099116       -0.579265433099116                        0
       459                        0        -0.57868255010374                        0       -0.579674838760883       -0.579674838760883                        0
       468                        0       -0.578736627405282                        0       -0.578622479550542       -0.578622479550542                        0
       477                        0       -0.578693371987807                        0       -0.579574045801989       -0.579574045801989                        0
       486                        0       -0.578682955398612                        0       -0.579331111936756       -0.579331111936756                        0
       495                        0       -0.578714261570112                        0        -0.57881128163057        -0.57881128163057                        0
       504                        0       -0.578670161898913                        0       -0.579661745807735       -0.579661745807735                        0
       513                        0       -0.578683411685211                        0       -0.579065493367492       -0.579065493367492                        0
       522                        0       -0.578690461013846                        0       -0.579059618580324       -0.579059618580324                        0
       531                        0       -0.578658713334235                        0       -0.579577726194755       -0.579577726194755                        0
       540                        0       -0.578679829929717                        0       -0.578935500948584       -0.578935500948584                        0
       549                        0       -0.578670009030863                        0       -0.579266454874605       -0.579266454874605                        0
       558                        0       -0.578654331793337                        0       -0.579404796138875       -0.579404796138875                        0
       567                        0        -0.57867203804706                        0       -0.578933569080072       -0.578933569080072                        0
       576                        0       -0.578655062912692                        0       -0.579377792364349       -0.579377792364349                        0
       585                        0       -0.578652710035901                        0       -0.579223853114824       -0.579223853114824                        0
       594                        0       -0.578661917865847                        0       -0.579011663596877       -0.579011663596877                        0
       603                        0        -0.57864562863296                        0       -0.579387494858814       -0.579387494858814                        0
       612                        0       -0.578650958596946                        0       -0.579089945299509       -0.579089945299509                        0
       621                        0       -0.578651700844806                        0       -0.579111631787276       -0.579111631787276                        0
       630                        0       -0.578640418211696                        0       -0.579322616699989       -0.579322616699989                        0
       639                        0       -0.578647851365387                        0       -0.579023698870735       -0.579023698870735                        0
       648                        0       -0.578642993269699                        0       -0.579188197903611       -0.579188197903611                        0
       657                        0       -0.578637695619532                        0       -0.579223725403176       -0.579223725403176                        0
       666                        0       -0.578643443664991                        0        -0.57901651845875        -0.57901651845875                        0
       675                        0       -0.578636494300594                        0       -0.579219226578775       -0.579219226578775                        0
       684                        0       -0.578635925680393                        0        -0.57912779726212        -0.57912779726212                        0
       693                        0       -0.578638434292755                        0        -0.57904363583129        -0.57904363583129                        0
       702                        0       -0.578632133721041                        0       -0.579204691192829       -0.579204691192829                        0
       711                        0       -0.578634124370696                        0       -0.579057934180783       -0.579057934180783                        0
       720                        0       -0.578633607989567                        0       -0.579077961480487       -0.579077961480487                        0
