#square and square, nu_xymn_1
#MM NN: 4 1
#quadrature order: 16
#numpanels            c*(gradu.n)^2                      BEM        0.5*(gradu)^2 ex.       Boundary Formula 1       Boundary Formula 2
        18                        0       0.0356170309999548                        0       0.0450659274230304       0.0450659274230304                        0
        27                        0       0.0133419138848088                        0       0.0854954660082619       0.0854954660082619                        0
        36                        0         0.01400914159497                        0       0.0670075811270521       0.0670075811270521                        0
        45                        0       0.0230183983007763                        0        0.121146301677982        0.121146301677982                        0
        54                        0     -0.00600221097180058                        0       0.0597875568406218       0.0597875568406218                        0
        63                        0       0.0222496350114875                        0       0.0565485588786957       0.0565485588786957                        0
        72                        0       0.0131422130921901                        0       0.0742308260594891       0.0742308260594891                        0
        81                        0        0.014483866887643                        0         0.03659176556932         0.03659176556932                        0
        90                        0       0.0236103173345968                        0       0.0460454733539249       0.0460454733539249                        0
        99                        0        0.016298996207804                        0       0.0488996171382881       0.0488996171382881                        0
       108                        0       0.0203927717729456                        0       0.0316240421122378       0.0316240421122378                        0
       117                        0       0.0230772370704144                        0       0.0390141478628581       0.0390141478628581                        0
       126                        0       0.0191030071429727                        0        0.038099337137937        0.038099337137937                        0
       135                        0       0.0227159876018926                        0       0.0281711229755521       0.0281711229755521                        0
       144                        0       0.0224320816985747                        0        0.035577375990579        0.035577375990579                        0
       153                        0        0.021192966174997                        0       0.0311253395580542       0.0311253395580542                        0
       162                        0        0.023564252757908                        0       0.0265518586777708       0.0265518586777708                        0
       171                        0       0.0222510263714657                        0       0.0332893156866799       0.0332893156866799                        0
       180                        0       0.0224858689939166                        0        0.027003224379866        0.027003224379866                        0
       189                        0       0.0237162345145624                        0       0.0262646768055412       0.0262646768055412                        0
       198                        0       0.0224818668644116                        0       0.0310040240388935       0.0310040240388935                        0
       207                        0       0.0232411069542243                        0       0.0246540346520602       0.0246540346520602                        0
       216                        0       0.0235987032071125                        0       0.0266912060283116       0.0266912060283116                        0
       225                        0       0.0228744584116354                        0       0.0285072648481409       0.0285072648481409                        0
       234                        0       0.0236364610422401                        0       0.0236253533512427       0.0236253533512427                        0
       243                        0       0.0234697574469634                        0       0.0271367037161516       0.0271367037161516                        0
       252                        0       0.0232454576250466                        0       0.0262455241178097       0.0262455241178097                        0
       261                        0       0.0237925762896672                        0       0.0235433517571358       0.0235433517571358                        0
       270                        0       0.0234364488894431                        0       0.0271072528393706       0.0271072528393706                        0
       279                        0       0.0235279999033728                        0       0.0245682478600214       0.0245682478600214                        0
       288                        0       0.0238105119558875                        0       0.0240099111332685       0.0240099111332685                        0
       297                        0       0.0234940111339843                        0       0.0265033355837961       0.0265033355837961                        0
       306                        0        0.023713806289801                        0       0.0235914522937903       0.0235914522937903                        0
       315                        0       0.0237758555490101                        0       0.0246150357460034       0.0246150357460034                        0
       324                        0       0.0235950455962253                        0       0.0255615607804918       0.0255615607804918                        0
       333                        0        0.023815387505109                        0       0.0232497717658481       0.0232497717658481                        0
       342                        0       0.0237457358675879                        0       0.0250293704986385       0.0250293704986385                        0
       351                        0       0.0236986075407545                        0       0.0246106382825494       0.0246106382825494                        0
       360                        0       0.0238548312974214                        0       0.0233639290934523       0.0233639290934523                        0
       369                        0       0.0237429237309016                        0       0.0250967710178145       0.0250967710178145                        0
       378                        0       0.0237827385079329                        0       0.0238877368915309       0.0238877368915309                        0
       387                        0       0.0238584101512981                        0       0.0237036755038042       0.0237036755038042                        0
       396                        0       0.0237650145769228                        0        0.024849579708992        0.024849579708992                        0
       405                        0       0.0238399394096109                        0       0.0234880384220379       0.0234880384220379                        0
       414                        0       0.0238497206240695                        0       0.0240532114545208       0.0240532114545208                        0
       423                        0       0.0237996851380624                        0       0.0244355783618603       0.0244355783618603                        0
       432                        0       0.0238716179972872                        0       0.0233885533065554       0.0233885533065554                        0
       441                        0       0.0238439845677682                        0       0.0242677839634099       0.0242677839634099                        0
       450                        0       0.0238352912613077                        0       0.0240182659783971       0.0240182659783971                        0
       459                        0       0.0238843245832404                        0       0.0234942479767165       0.0234942479767165                        0
       468                        0       0.0238468369016516                        0       0.0242997057613119       0.0242997057613119                        0
       477                        0       0.0238646015021184                        0        0.023710697764045        0.023710697764045                        0
       486                        0       0.0238864701129097                        0       0.0236861252457461       0.0236861252457461                        0
       495                        0       0.0238571850560527                        0       0.0241839571722721       0.0241839571722721                        0
       504                        0       0.0238847852149928                        0       0.0235559809523181       0.0235559809523181                        0
       513                        0       0.0238853860573415                        0       0.0238620194464965       0.0238620194464965                        0
       522                        0       0.0238711969406298                        0       0.0239972216463072       0.0239972216463072                        0
       531                        0       0.0238962860885748                        0       0.0235386531536127       0.0235386531536127                        0
       540                        0       0.0238855775310636                        0       0.0239619799414968       0.0239619799414968                        0
       549                        0       0.0238851284676892                        0       0.0238157631042667       0.0238157631042667                        0
       558                        0        0.023901463156388                        0       0.0236092143989413       0.0236092143989413                        0
       567                        0       0.0238885768748871                        0       0.0239734452195912       0.0239734452195912                        0
       576                        0       0.0238965561846018                        0       0.0236894482677205       0.0236894482677205                        0
       585                        0       0.0239032429379119                        0       0.0237100323339062       0.0237100323339062                        0
       594                        0         0.02389389419254                        0       0.0239190487913178       0.0239190487913178                        0
       603                        0       0.0239045582321459                        0       0.0236347828884603       0.0236347828884603                        0
       612                        0       0.0239040636440361                        0       0.0237953269154613       0.0237953269154613                        0
       621                        0       0.0239002092297032                        0       0.0238364557171113       0.0238364557171113                        0
       630                        0        0.023909390335147                        0       0.0236413195596398       0.0236413195596398                        0
       639                        0       0.0239053551243072                        0       0.0238412716451039       0.0238412716451039                        0
       648                        0       0.0239062422247626                        0       0.0237602545539116       0.0237602545539116                        0
       657                        0        0.023911970196349                        0       0.0236841128252431       0.0236841128252431                        0
       666                        0       0.0239075560295771                        0       0.0238459073957338       0.0238459073957338                        0
       675                        0       0.0239111764790698                        0       0.0237115642951645       0.0237115642951645                        0
       684                        0       0.0239133653030509                        0       0.0237362999843634       0.0237362999843634                        0
       693                        0       0.0239104489771302                        0       0.0238219830324954       0.0238219830324954                        0
       702                        0       0.0239147373931435                        0       0.0236959133146813       0.0236959133146813                        0
       711                        0       0.0239144261436751                        0       0.0237780268296972       0.0237780268296972                        0
       720                        0       0.0239135545101924                        0       0.0237874578327269       0.0237874578327269                        0
