#square and square, nu_xymn_2
#MM NN: 4 5
#quadrature order: 16
#numpanels            c*(gradu.n)^2                      BEM        0.5*(gradu)^2 ex.       Boundary Formula 1       Boundary Formula 2
        18                        0      0.00974291409705991                        0        0.012392067158683        0.012392067158683                        0
        27                        0       0.0104361283465696                        0        0.013804145677394        0.013804145677394                        0
        36                        0       0.0104961422094304                        0       0.0134317881813154       0.0134317881813154                        0
        45                        0        0.010436286134348                        0        0.013852276276276        0.013852276276276                        0
        54                        0       0.0113144806797231                        0       0.0140917754378472       0.0140917754378472                        0
        63                        0       0.0115119832084744                        0       0.0138953945169215       0.0138953945169215                        0
        72                        0       0.0115580414016131                        0       0.0134290612550432       0.0134290612550432                        0
        81                        0       0.0117601927332426                        0       0.0133315181373337       0.0133315181373337                        0
        90                        0       0.0117751978203695                        0        0.013060554726648        0.013060554726648                        0
        99                        0       0.0118094101028786                        0       0.0128202356456243       0.0128202356456243                        0
       108                        0       0.0118655547154069                        0       0.0127100470686631       0.0127100470686631                        0
       117                        0       0.0118591678008238                        0       0.0125319306485348       0.0125319306485348                        0
       126                        0       0.0118869284888446                        0       0.0124282274291394       0.0124282274291394                        0
       135                        0       0.0118978635892137                        0       0.0123511481586364       0.0123511481586364                        0
       144                        0       0.0118947615427879                        0       0.0122570382739744       0.0122570382739744                        0
       153                        0       0.0119122379994377                        0        0.012212670228475        0.012212670228475                        0
       162                        0       0.0119105374153536                        0       0.0121624839572884       0.0121624839572884                        0
       171                        0        0.011912358313887                        0       0.0121168242147561       0.0121168242147561                        0
       180                        0       0.0119206338815503                        0       0.0120953849337962       0.0120953849337962                        0
       189                        0       0.0119171019041589                        0       0.0120641467892794       0.0120641467892794                        0
       198                        0       0.0119212112974473                        0       0.0120437394640877       0.0120437394640877                        0
       207                        0       0.0119235246136038                        0       0.0120308202350467       0.0120308202350467                        0
       216                        0       0.0119213694770472                        0       0.0120123032264841       0.0120123032264841                        0
       225                        0        0.011925305609339                        0       0.0120036712913035       0.0120036712913035                        0
       234                        0       0.0119247706208318                        0       0.0119944557577831       0.0119944557577831                        0
       243                        0       0.0119243771177011                        0       0.0119842350248913       0.0119842350248913                        0
       252                        0        0.011926945934598                        0       0.0119802827593949       0.0119802827593949                        0
       261                        0       0.0119256349648117                        0       0.0119734353726818       0.0119734353726818                        0
       270                        0         0.01192640046488                        0       0.0119682965041453       0.0119682965041453                        0
       279                        0       0.0119275031568958                        0       0.0119658096396046       0.0119658096396046                        0
       288                        0        0.011926449536785                        0       0.0119609372926088       0.0119609372926088                        0
       297                        0       0.0119276067288485                        0        0.011958573721686        0.011958573721686                        0
       306                        0       0.0119276940032106                        0       0.0119564366306085       0.0119564366306085                        0
       315                        0       0.0119272198450683                        0       0.0119532441022877       0.0119532441022877                        0
       324                        0       0.0119282155796634                        0       0.0119521340786647       0.0119521340786647                        0
       333                        0       0.0119278337545285                        0       0.0119501681995753       0.0119501681995753                        0
       342                        0       0.0119278695788111                        0       0.0119482741469899       0.0119482741469899                        0
       351                        0       0.0119284659665849                        0       0.0119475626852684       0.0119475626852684                        0
       360                        0       0.0119280216797539                        0       0.0119458761931199       0.0119458761931199                        0
       369                        0       0.0119283436940553                        0       0.0119448512451716       0.0119448512451716                        0
       378                        0       0.0119285509946623                        0       0.0119441735126391       0.0119441735126391                        0
       387                        0       0.0119282547094454                        0       0.0119428699157282       0.0119428699157282                        0
       396                        0       0.0119286393006726                        0        0.011942325390987        0.011942325390987                        0
       405                        0       0.0119285913547505                        0       0.0119416081267821       0.0119416081267821                        0
       414                        0        0.011928493625085                        0       0.0119407006078127       0.0119407006078127                        0
       423                        0       0.0119287951204664                        0       0.0119403540989135       0.0119403540989135                        0
       432                        0       0.0119286435657824                        0        0.011939649863763        0.011939649863763                        0
       441                        0       0.0119286999889731                        0       0.0119390711974101       0.0119390711974101                        0
       450                        0       0.0119288652165759                        0       0.0119387643050277       0.0119387643050277                        0
       459                        0       0.0119287209262618                        0       0.0119381455866092       0.0119381455866092                        0
       468                        0       0.0119288529186677                        0       0.0119377903110371       0.0119377903110371                        0
       477                        0       0.0119288970331106                        0       0.0119374662865895       0.0119374662865895                        0
       486                        0       0.0119288141576727                        0        0.011936976436558        0.011936976436558                        0
       495                        0       0.0119289512723752                        0       0.0119367420864226       0.0119367420864226                        0
       504                        0       0.0119289213932521                        0       0.0119364055751209       0.0119364055751209                        0
       513                        0        0.011928907128283                        0       0.0119360489140798       0.0119360489140798                        0
       522                        0       0.0119290072176051                        0       0.0119358612943675       0.0119358612943675                        0
       531                        0       0.0119289522986257                        0       0.0119355402835283       0.0119355402835283                        0
       540                        0       0.0119289865817666                        0       0.0119352926194016       0.0119352926194016                        0
       549                        0       0.0119290374632262                        0       0.0119351125779361       0.0119351125779361                        0
       558                        0       0.0119289916257999                        0       0.0119348330111001       0.0119348330111001                        0
       567                        0       0.0119290462219828                        0       0.0119346583766241       0.0119346583766241                        0
       576                        0       0.0119290565793356                        0       0.0119344752688247       0.0119344752688247                        0
       585                        0       0.0119290349398762                        0       0.0119342497631948       0.0119342497631948                        0
       594                        0       0.0119290864944775                        0       0.0119341146394695       0.0119341146394695                        0
       603                        0       0.0119290738976544                        0       0.0119339342229614       0.0119339342229614                        0
       612                        0       0.0119290763291111                        0       0.0119337613136996       0.0119337613136996                        0
       621                        0       0.0119291120409477                        0       0.0119336425224278       0.0119336425224278                        0
       630                        0       0.0119290933799616                        0       0.0119334755800046       0.0119334755800046                        0
       639                        0       0.0119291113957216                        0       0.0119333445430235       0.0119333445430235                        0
       648                        0       0.0119291287395435                        0       0.0119332307732241       0.0119332307732241                        0
       657                        0       0.0119291151212634                        0       0.0119330856993958       0.0119330856993958                        0
       666                        0       0.0119291383629554                        0       0.0119329827161514       0.0119329827161514                        0
       675                        0        0.011929141552134                        0        0.011932871820243        0.011932871820243                        0
       684                        0       0.0119291372977269                        0       0.0119327516557913       0.0119327516557913                        0
       693                        0       0.0119291577852113                        0       0.0119326646316418       0.0119326646316418                        0
       702                        0       0.0119291535567733                        0        0.011932559345038        0.011932559345038                        0
       711                        0       0.0119291577956538                        0       0.0119324621304057       0.0119324621304057                        0
