#square and square, nu_xymn_1
#MM NN: 4 1
#quadrature order: 16
#numpanels            c*(gradu.n)^2                      BEM        0.5*(gradu)^2 ex.       Boundary Formula 1       Boundary Formula 2
        18                        0        0.134078832096854                        0       0.0891049902503343       0.0891049902503343                        0
        27                        0        0.140661332633675                        0        0.097980097341215        0.097980097341215                        0
        36                        0        0.140907957422345                        0       0.0984124452787697       0.0984124452787697                        0
        45                        0        0.142765236863128                        0        0.100184100869038        0.100184100869038                        0
        54                        0        0.147426185544567                        0        0.111830273835897        0.111830273835897                        0
        63                        0        0.149348725670283                        0        0.125021397787572        0.125021397787572                        0
        72                        0        0.150421347206277                        0        0.131170111440689        0.131170111440689                        0
        81                        0         0.15133438634506                        0        0.135927831663469        0.135927831663469                        0
        90                        0        0.151572596586411                        0        0.139303958947476        0.139303958947476                        0
        99                        0        0.151987197718924                        0        0.142035131973609        0.142035131973609                        0
       108                        0        0.152218660241628                        0        0.144572377309979        0.144572377309979                        0
       117                        0        0.152282030306595                        0        0.146247778918476        0.146247778918476                        0
       126                        0        0.152483265218413                        0        0.147689515042217        0.147689515042217                        0
       135                        0        0.152515430949258                        0        0.148794739007008        0.148794739007008                        0
       144                        0         0.15255646999686                        0        0.149594943793047        0.149594943793047                        0
       153                        0        0.152647315110715                        0        0.150322154841221        0.150322154841221                        0
       162                        0        0.152635308753918                        0        0.150830309325002        0.150830309325002                        0
       171                        0        0.152675738914918                        0        0.151241690100514        0.151241690100514                        0
       180                        0        0.152706499475482                        0        0.151597898365863        0.151597898365863                        0
       189                        0        0.152694166828505                        0        0.151835704442966        0.151835704442966                        0
       198                        0        0.152728529602657                        0        0.152054710927062        0.152054710927062                        0
       207                        0        0.152730683699588                        0        0.152223083919891        0.152223083919891                        0
       216                        0        0.152727859795423                        0        0.152339990865142        0.152339990865142                        0
       225                        0        0.152750766479021                        0        0.152457568734062        0.152457568734062                        0
       234                        0        0.152743235461382                        0        0.152533897398516        0.152533897398516                        0
       243                        0        0.152748320476013                        0        0.152596071224868        0.152596071224868                        0
       252                        0        0.152759488923084                        0        0.152657034928493        0.152657034928493                        0
       261                        0        0.152751866545614                        0        0.152690631421359        0.152690631421359                        0
       270                        0        0.152760282034448                        0        0.152726412765516        0.152726412765516                        0
       279                        0        0.152762935519372                        0        0.152755457317531        0.152755457317531                        0
       288                        0         0.15275877655151                        0        0.152770622020596        0.152770622020596                        0
       297                        0         0.15276658931919                        0        0.152791783506082        0.152791783506082                        0
       306                        0         0.15276479941996                        0        0.152803626871062        0.152803626871062                        0
       315                        0         0.15276429914288                        0         0.15281145534784         0.15281145534784                        0
       324                        0        0.152769482856508                        0        0.152823263132108        0.152823263132108                        0
       333                        0        0.152766480259584                        0        0.152826741146319        0.152826741146319                        0
       342                        0        0.152768349822469                        0        0.152831642186941        0.152831642186941                        0
       351                        0        0.152770651469467                        0        0.152837147729206        0.152837147729206                        0
       360                        0        0.152768294541925                        0        0.152837260764974        0.152837260764974                        0
       369                        0        0.152770978092853                        0        0.152840578482237        0.152840578482237                        0
       378                        0        0.152771177146606                        0        0.152842071234102        0.152842071234102                        0
       387                        0        0.152770117180009                        0        0.152841313349125        0.152841313349125                        0
       396                        0        0.152772462094184                        0        0.152843287719651        0.152843287719651                        0
       405                        0        0.152771619257623                        0        0.152842578302283        0.152842578302283                        0
       414                        0        0.152771724088561                        0         0.15284191182765         0.15284191182765                        0
       423                        0        0.152773194076027                        0        0.152842613748917        0.152842613748917                        0
       432                        0        0.152772174944669                        0        0.152841005876452        0.152841005876452                        0
       441                        0        0.152772961501555                        0        0.152840578493316        0.152840578493316                        0
       450                        0        0.152773539142235                        0        0.152840221798332        0.152840221798332                        0
       459                        0        0.152772836619458                        0         0.15283850716268         0.15283850716268                        0
       468                        0        0.152773797865171                        0        0.152838146137949        0.152838146137949                        0
       477                        0        0.152773754742485                        0        0.152837080135114        0.152837080135114                        0
       486                        0        0.152773514143026                        0        0.152835620409994        0.152835620409994                        0
       495                        0        0.152774300480091                        0        0.152835126445424        0.152835126445424                        0
       504                        0        0.152773977039375                        0        0.152833723475237        0.152833723475237                        0
       513                        0        0.152774115063965                        0        0.152832586214896        0.152832586214896                        0
       522                        0        0.152774581598078                        0        0.152831861177763        0.152831861177763                        0
       531                        0        0.152774246906148                        0        0.152830417906679        0.152830417906679                        0
       540                        0        0.152774584955636                        0        0.152829518355538        0.152829518355538                        0
       549                        0        0.152774749613453                        0        0.152828578873245        0.152828578873245                        0
       558                        0         0.15277454889371                        0        0.152827272179962        0.152827272179962                        0
       567                        0        0.152774915241465                        0        0.152826485938873        0.152826485938873                        0
       576                        0        0.152774881670802                        0        0.152825420143284        0.152825420143284                        0
       585                        0         0.15277484679548                        0        0.152824313213862        0.152824313213862                        0
       594                        0        0.152775130745666                        0        0.152823543836536        0.152823543836536                        0
       603                        0          0.1527750174964                        0        0.152822457148694        0.152822457148694                        0
       612                        0        0.152775108138051                        0        0.152821534385063        0.152821534385063                        0
       621                        0        0.152775270390082                        0        0.152820737563775        0.152820737563775                        0
       630                        0        0.152775166739933                        0        0.152819713467956        0.152819713467956                        0
       639                        0        0.152775315826238                        0        0.152818922400425        0.152818922400425                        0
       648                        0        0.152775370925594                        0        0.152818099821573        0.152818099821573                        0
       657                        0        0.152775321549517                        0        0.152817183228963        0.152817183228963                        0
       666                        0         0.15277546917282                        0        0.152816468401253        0.152816468401253                        0
       675                        0         0.15277545798872                        0        0.152815647699419        0.152815647699419                        0
       684                        0        0.152775468454867                        0        0.152814846997025        0.152814846997025                        0
       693                        0        0.152775578686931                        0         0.15281416925674         0.15281416925674                        0
       702                        0        0.152775544235128                        0        0.152813383387197        0.152813383387197                        0
       711                        0        0.152775596448918                        0        0.152812682769022        0.152812682769022                        0
       720                        0        0.152775659113031                        0        0.152812024461089        0.152812024461089                        0
