#square and square, nu_xymn_1
#MM NN: 2 4
#quadrature order: 16
#numpanels            c*(gradu.n)^2                      BEM        0.5*(gradu)^2 ex.       Boundary Formula 1       Boundary Formula 2
        18                        0        0.623152183403166                        0        0.374519545823004        0.374519545823004                        0
        27                        0        0.649976354634589                        0         0.42620349515219         0.42620349515219                        0
        36                        0        0.650126219413012                        0        0.434572308940807        0.434572308940807                        0
        45                        0        0.669760811351293                        0        0.480867965470093        0.480867965470093                        0
        54                        0        0.667181260724707                        0        0.496551914640635        0.496551914640635                        0
        63                        0        0.681251605416653                        0        0.581247700286974        0.581247700286974                        0
        72                        0        0.676157170202434                        0        0.602645111043309        0.602645111043309                        0
        81                        0        0.683775505314947                        0         0.61290682070178         0.61290682070178                        0
        90                        0        0.683039148046777                        0        0.639429670763204        0.639429670763204                        0
        99                        0        0.682421872240683                        0         0.64176778934207         0.64176778934207                        0
       108                        0        0.685530906199375                        0        0.653715517044626        0.653715517044626                        0
       117                        0        0.683832157135917                        0        0.664243464037903        0.664243464037903                        0
       126                        0        0.684910827680924                        0         0.66456114154918         0.66456114154918                        0
       135                        0         0.68547474811982                        0        0.671311616068693        0.671311616068693                        0
       144                        0        0.684463670352029                        0        0.675651454401416        0.675651454401416                        0
       153                        0        0.685622326843332                        0        0.675069449667676        0.675069449667676                        0
       162                        0        0.685342798585711                        0        0.679306678094217        0.679306678094217                        0
       171                        0        0.684997466826992                        0        0.680818198827637        0.680818198827637                        0
       180                        0        0.685733735497609                        0        0.680375866719126        0.680375866719126                        0
       189                        0        0.685295489510584                        0        0.683111216996034        0.683111216996034                        0
       198                        0        0.685374240147892                        0        0.683133638583346        0.683133638583346                        0
       207                        0        0.685679488714906                        0        0.683099466837637        0.683099466837637                        0
       216                        0        0.685327275218189                        0         0.68491984685675         0.68491984685675                        0
       225                        0        0.685575041672549                        0        0.684193083327145        0.684193083327145                        0
       234                        0         0.68560560051487                        0        0.684574917564177        0.684574917564177                        0
       243                        0        0.685408649137484                        0        0.685676245751609        0.685676245751609                        0
       252                        0        0.685648224173159                        0        0.684753516326425        0.684753516326425                        0
       261                        0          0.6855554078552                        0        0.685414842386672        0.685414842386672                        0
       270                        0        0.685500896713818                        0        0.685865951905425        0.685865951905425                        0
       279                        0         0.68565436678578                        0        0.685119797289825        0.685119797289825                        0
       288                        0        0.685536591865827                        0        0.685884842698748        0.685884842698748                        0
       297                        0        0.685573195194521                        0        0.685805506627163        0.685805506627163                        0
       306                        0        0.685635546389542                        0        0.685408525683317        0.685408525683317                        0
       315                        0        0.685543743564347                        0        0.686096689292893        0.686096689292893                        0
       324                        0        0.685614880013667                        0        0.685695793335074        0.685695793335074                        0
       333                        0        0.685614264669595                        0        0.685650984049542        0.685650984049542                        0
       342                        0         0.68556574793234                        0        0.686119959948992        0.686119959948992                        0
       351                        0         0.68563097178835                        0        0.685630656654041        0.685630656654041                        0
       360                        0        0.685600207143066                        0         0.68583974569551         0.68583974569551                        0
       369                        0        0.685590712199518                        0        0.686029707801989        0.686029707801989                        0
       378                        0         0.68563169499974                        0        0.685631918293347        0.685631918293347                        0
       387                        0         0.68559572998866                        0        0.685957178639893        0.685957178639893                        0
       396                        0        0.685610471665004                        0        0.685902363042222        0.685902363042222                        0
       405                        0        0.685626036537403                        0        0.685684471201402        0.685684471201402                        0
       414                        0        0.685599089586018                        0        0.685995877192922        0.685995877192922                        0
       423                        0        0.685622183883667                        0        0.685794015910598        0.685794015910598                        0
       432                        0        0.685619842745318                        0        0.685759007773828        0.685759007773828                        0
       441                        0        0.685606660269858                        0        0.685968195867349        0.685968195867349                        0
       450                        0        0.685626868763316                        0        0.685730752140642        0.685730752140642                        0
       459                        0        0.685616023449336                        0        0.685826117408728        0.685826117408728                        0
       468                        0         0.68561482809026                        0        0.685902047886038        0.685902047886038                        0
       477                        0        0.685627109261244                        0        0.685713583029414        0.685713583029414                        0
       486                        0        0.685615303424424                        0        0.685865523248433        0.685865523248433                        0
       495                        0        0.685621245832924                        0        0.685828247339932        0.685828247339932                        0
       504                        0        0.685625450459017                        0        0.685728745181261        0.685728745181261                        0
       513                        0        0.685617035214851                        0        0.685870646213863        0.685870646213863                        0
       522                        0        0.685625112275128                        0        0.685769267348775        0.685769267348775                        0
       531                        0        0.685623696758481                        0        0.685757402918869        0.685757402918869                        0
       540                        0        0.685619988306402                        0         0.68584762295135         0.68584762295135                        0
       549                        0        0.685626739490966                        0        0.685734897008986        0.685734897008986                        0
       558                        0        0.685622779926923                        0         0.68578291992776         0.68578291992776                        0
       567                        0        0.685623000453809                        0        0.685809818385283        0.685809818385283                        0
       576                        0        0.685626933446637                        0        0.685723910429567        0.685723910429567                        0
       585                        0        0.685622905597966                        0        0.685795185375408        0.685795185375408                        0
       594                        0        0.685625345211024                        0        0.685771096699733        0.685771096699733                        0
       603                        0        0.685626521693167                        0        0.685728516002738        0.685728516002738                        0
       612                        0        0.685623817869334                        0        0.685791767495907        0.685791767495907                        0
       621                        0         0.68562678995376                        0        0.685741046656901        0.685741046656901                        0
       630                        0        0.685626105705196                        0        0.685739048864832        0.685739048864832                        0
       639                        0        0.685625082355337                        0        0.685776286996795        0.685776286996795                        0
       648                        0        0.685627456661198                        0        0.685723370237274        0.685723370237274                        0
       657                        0        0.685625991909094                        0        0.685747544024503        0.685747544024503                        0
       666                        0        0.685626307361202                        0        0.685755251858987        0.685755251858987                        0
       675                        0        0.685627629000467                        0        0.685716802487312        0.685716802487312                        0
       684                        0        0.685626233988373                        0        0.685749615573866        0.685749615573866                        0
       693                        0        0.685627257780589                        0        0.685734930778096        0.685734930778096                        0
       702                        0        0.685627597173235                        0        0.685717259506464        0.685717259506464                        0
       711                        0        0.685626728603831                        0        0.685744627029769        0.685744627029769                        0
       720                        0        0.685627867342778                        0        0.685719378169418        0.685719378169418                        0
