#square and square, nu_xymn_2
#MM NN: 4 3
#quadrature order: 16
#numpanels            c*(gradu.n)^2                      BEM        0.5*(gradu)^2 ex.       Boundary Formula 1       Boundary Formula 2
        18                        0       0.0183526230664495                        0         0.02395911299169         0.02395911299169                        0
        27                        0       0.0196287470859235                        0       0.0267754002672149       0.0267754002672149                        0
        36                        0       0.0198635215088642                        0       0.0259156117399714       0.0259156117399714                        0
        45                        0       0.0197689531480596                        0       0.0264870132718928       0.0264870132718928                        0
        54                        0       0.0216074637883953                        0       0.0273749941944268       0.0273749941944268                        0
        63                        0       0.0223460695585733                        0       0.0275313058762858       0.0275313058762858                        0
        72                        0       0.0226157439236523                        0       0.0267685959261544       0.0267685959261544                        0
        81                        0       0.0230528494848175                        0       0.0266088868438422       0.0266088868438422                        0
        90                        0       0.0231687897864039                        0       0.0261343171162567       0.0261343171162567                        0
        99                        0       0.0232874630439279                        0       0.0256553314149872       0.0256553314149872                        0
       108                        0       0.0234225468923059                        0       0.0254023805336675       0.0254023805336675                        0
       117                        0       0.0234456079970711                        0       0.0250399701085382       0.0250399701085382                        0
       126                        0        0.023514861008218                        0       0.0248037830735533       0.0248037830735533                        0
       135                        0        0.023549109820801                        0       0.0246239680763127       0.0246239680763127                        0
       144                        0       0.0235573703708935                        0       0.0244232043060323       0.0244232043060323                        0
       153                        0       0.0235958669280865                        0       0.0243110311578413       0.0243110311578413                        0
       162                        0       0.0235998151401878                        0        0.024196783229455        0.024196783229455                        0
       171                        0       0.0236088227876621                        0       0.0240953388875324       0.0240953388875324                        0
       180                        0         0.02362672865652                        0       0.0240383360894197       0.0240383360894197                        0
       189                        0       0.0236240177120031                        0       0.0239694530281762       0.0239694530281762                        0
       198                        0       0.0236337925477348                        0       0.0239215028427328       0.0239215028427328                        0
       207                        0       0.0236395628656382                        0       0.0238883883728385       0.0238883883728385                        0
       216                        0       0.0236376411248921                        0       0.0238484275265891       0.0238484275265891                        0
       225                        0       0.0236457420664617                        0       0.0238264012462632       0.0238264012462632                        0
       234                        0       0.0236458068019992                        0       0.0238047180884371       0.0238047180884371                        0
       243                        0       0.0236461331688017                        0       0.0237827029232797       0.0237827029232797                        0
       252                        0       0.0236512581211543                        0       0.0237718410374133       0.0237718410374133                        0
       261                        0       0.0236496048211201                        0       0.0237569172870458       0.0237569172870458                        0
       270                        0       0.0236515098357853                        0       0.0237455405967577       0.0237455405967577                        0
       279                        0       0.0236538165208213                        0       0.0237389181359618       0.0237389181359618                        0
       288                        0       0.0236523991587724                        0       0.0237287902997814       0.0237287902997814                        0
       297                        0       0.0236547484088081                        0       0.0237231880889355       0.0237231880889355                        0
       306                        0       0.0236551593970975                        0       0.0237181303693128       0.0237181303693128                        0
       315                        0       0.0236546135563172                        0       0.0237116131886914       0.0237116131886914                        0
       324                        0       0.0236565544218831                        0       0.0237087216794577       0.0237087216794577                        0
       333                        0       0.0236560777383563                        0       0.0237045054591543       0.0237045054591543                        0
       342                        0        0.023656327640265                        0       0.0237005966197786       0.0237005966197786                        0
       351                        0       0.0236575052173668                        0       0.0236987189597098       0.0236987189597098                        0
       360                        0       0.0236568727861593                        0       0.0236952951697771       0.0236952951697771                        0
       369                        0       0.0236575602754866                        0       0.0236930842318717       0.0236930842318717                        0
       378                        0       0.0236580226715429                        0        0.023691471543652        0.023691471543652                        0
       387                        0       0.0236576127388101                        0       0.0236888835043227       0.0236888835043227                        0
       396                        0       0.0236583706428417                        0       0.0236876184772392       0.0236876184772392                        0
       405                        0       0.0236583654885545                        0        0.023686073580403        0.023686073580403                        0
       414                        0       0.0236582741148738                        0       0.0236842676647135       0.0236842676647135                        0
       423                        0       0.0236588634527674                        0       0.0236834219504406       0.0236834219504406                        0
       432                        0       0.0236586616293748                        0         0.02368198954666         0.02368198954666                        0
       441                        0       0.0236588183229491                        0       0.0236808084460771       0.0236808084460771                        0
       450                        0       0.0236591554241856                        0       0.0236800879402618       0.0236800879402618                        0
       459                        0       0.0236589534888752                        0       0.0236788618032615       0.0236788618032615                        0
       468                        0       0.0236592272347324                        0       0.0236781024553106       0.0236781024553106                        0
       477                        0         0.02365934348995                        0       0.0236773959560036       0.0236773959560036                        0
       486                        0       0.0236592380908879                        0       0.0236764298206348       0.0236764298206348                        0
       495                        0       0.0236595107431229                        0       0.0236759051320194       0.0236759051320194                        0
       504                        0       0.0236594908738848                        0       0.0236752104118405       0.0236752104118405                        0
       513                        0       0.0236594966159646                        0       0.0236744983088369       0.0236744983088369                        0
       522                        0       0.0236596979317919                        0       0.0236740750395354       0.0236740750395354                        0
       531                        0       0.0236596286638721                        0       0.0236734318556947       0.0236734318556947                        0
       540                        0       0.0236597125408762                        0        0.023672924135238        0.023672924135238                        0
       549                        0       0.0236598232972847                        0       0.0236725314423149       0.0236725314423149                        0
       558                        0       0.0236597650359949                        0       0.0236719776196139       0.0236719776196139                        0
       567                        0       0.0236598795388664                        0       0.0236716079231437       0.0236716079231437                        0
       576                        0       0.0236599160385676                        0        0.023671224651642        0.023671224651642                        0
       585                        0       0.0236598959423358                        0       0.0236707767262975       0.0236707767262975                        0
       594                        0       0.0236600016775215                        0       0.0236704849616762       0.0236704849616762                        0
       603                        0       0.0236599952232989                        0       0.0236701183349776       0.0236701183349776                        0
       612                        0       0.0236600138521032                        0       0.0236697701848735       0.0236697701848735                        0
       621                        0       0.0236600894126167                        0       0.0236695150358201       0.0236695150358201                        0
       630                        0       0.0236600698954962                        0       0.0236691810890531       0.0236691810890531                        0
       639                        0       0.0236601131756461                        0       0.0236689119620256       0.0236689119620256                        0
       648                        0       0.0236601547340814                        0        0.023668672876165        0.023668672876165                        0
       657                        0       0.0236601418883918                        0       0.0236683838640062       0.0236683838640062                        0
       666                        0       0.0236601923623235                        0       0.0236681686031783       0.0236681686031783                        0
       675                        0       0.0236602076179028                        0       0.0236679408508458       0.0236679408508458                        0
       684                        0       0.0236602093310849                        0       0.0236677002737287       0.0236677002737287                        0
       693                        0       0.0236602535358865                        0       0.0236675172325452       0.0236675172325452                        0
       702                        0       0.0236602544697304                        0       0.0236673044829129       0.0236673044829129                        0
       711                        0       0.0236602695605105                        0       0.0236671077193199       0.0236671077193199                        0
