#square and square, nu_xymn_2
#MM NN: 3 5
#quadrature order: 16
#numpanels            c*(gradu.n)^2                      BEM        0.5*(gradu)^2 ex.       Boundary Formula 1       Boundary Formula 2
        18                        0       -0.864633880424846                        0       -0.895454635783252       -0.895454635783252                        0
        27                        0       -0.887890058986817                        0       -0.970622296543347       -0.970622296543347                        0
        36                        0       -0.890481254559741                        0       -0.948724534608558       -0.948724534608558                        0
        45                        0       -0.897059719309019                        0         -1.0886570984644         -1.0886570984644                        0
        54                        0       -0.896914677363825                        0       -0.911773038142781       -0.911773038142781                        0
        63                        0       -0.856204014826097                        0       -0.916624469998908       -0.916624469998908                        0
        72                        0       -0.875915909469326                        0       -0.986678184716697       -0.986678184716697                        0
        81                        0       -0.855326117842971                        0       -0.856483590185606       -0.856483590185606                        0
        90                        0       -0.853887003824817                        0       -0.905440027403992       -0.905440027403992                        0
        99                        0       -0.860147359592896                        0       -0.901463927778217       -0.901463927778217                        0
       108                        0       -0.849188781658886                        0       -0.847386860073535       -0.847386860073535                        0
       117                        0       -0.852534036368526                        0       -0.894937466637499       -0.894937466637499                        0
       126                        0       -0.852852223169061                        0       -0.863073649048113       -0.863073649048113                        0
       135                        0       -0.848512452551799                        0       -0.851980780445101       -0.851980780445101                        0
       144                        0        -0.85142804413032                        0       -0.882674106794761       -0.882674106794761                        0
       153                        0       -0.849611934267507                        0       -0.847790611320234       -0.847790611320234                        0
       162                        0       -0.848616893532494                        0       -0.857634144541608       -0.857634144541608                        0
       171                        0       -0.850394728167908                        0       -0.869284633904459       -0.869284633904459                        0
       180                        0        -0.84837803678348                        0       -0.844318508025215       -0.844318508025215                        0
       189                        0       -0.848728993692156                        0       -0.860992263684273       -0.860992263684273                        0
       198                        0       -0.849432856846425                        0       -0.857973359741122       -0.857973359741122                        0
       207                        0       -0.848032714419779                        0       -0.845946036744178       -0.845946036744178                        0
       216                        0       -0.848733622809108                        0       -0.861137698278826       -0.861137698278826                        0
       225                        0       -0.848678730018622                        0         -0.8506468711877         -0.8506468711877                        0
       234                        0       -0.848013508832464                        0       -0.849117878254034       -0.849117878254034                        0
       243                        0       -0.848631216622582                        0       -0.858615859106528       -0.858615859106528                        0
       252                        0       -0.848214264582195                        0       -0.847282303911863       -0.847282303911863                        0
       261                        0        -0.84807099176182                        0       -0.851905180131525       -0.851905180131525                        0
       270                        0       -0.848451556518372                        0       -0.854867105646672       -0.854867105646672                        0
       279                        0       -0.847994903563213                        0       -0.846735798733273       -0.846735798733273                        0
       288                        0       -0.848114944463799                        0       -0.853388155539508       -0.853388155539508                        0
       297                        0       -0.848248282289868                        0       -0.851375713960044       -0.851375713960044                        0
       306                        0        -0.84792445721942                        0       -0.847690045103923       -0.847690045103923                        0
       315                        0       -0.848121385914926                        0       -0.853406725226848       -0.853406725226848                        0
       324                        0       -0.848076176650612                        0       -0.849016022002092       -0.849016022002092                        0
       333                        0       -0.847921230712789                        0       -0.849073824375014       -0.849073824375014                        0
       342                        0       -0.848090865025487                        0       -0.852351186337139       -0.852351186337139                        0
       351                        0       -0.847962540810776                        0       -0.847945611248509       -0.847945611248509                        0
       360                        0       -0.847936387485923                        0        -0.85018118356774        -0.85018118356774                        0
       369                        0       -0.848035901138995                        0       -0.850861537511718       -0.850861537511718                        0
       378                        0       -0.847904168082347                        0       -0.847865475526199       -0.847865475526199                        0
       387                        0       -0.847947041481101                        0       -0.850681433543379       -0.850681433543379                        0
       396                        0       -0.847974671792258                        0       -0.849510714864046       -0.849510714864046                        0
       405                        0       -0.847882912170267                        0       -0.848319579601277       -0.848319579601277                        0
       414                        0       -0.847945377800105                        0       -0.850566944964837       -0.850566944964837                        0
       423                        0       -0.847922747999234                        0       -0.848617673593692       -0.848617673593692                        0
       432                        0       -0.847880121766612                        0       -0.848892416730803       -0.848892416730803                        0
       441                        0       -0.847931744897182                        0       -0.850042376246386       -0.850042376246386                        0
       450                        0       -0.847887427914949                        0       -0.848234290467862       -0.848234290467862                        0
       459                        0       -0.847882780369587                        0       -0.849305746154771       -0.849305746154771                        0
       468                        0       -0.847910888926827                        0       -0.849382656063136       -0.849382656063136                        0
       477                        0        -0.84786806252286                        0       -0.848236899574323       -0.848236899574323                        0
       486                        0       -0.847883867425187                        0       -0.849443555111103       -0.849443555111103                        0
       495                        0       -0.847888870876251                        0       -0.848812703872696       -0.848812703872696                        0
       504                        0       -0.847859865688212                        0       -0.848436470001746       -0.848436470001746                        0
       513                        0       -0.847880811882781                        0       -0.849326384197921       -0.849326384197921                        0
       522                        0        -0.84787039071052                        0       -0.848448309182081       -0.848448309182081                        0
       531                        0       -0.847857495068505                        0       -0.848661400854924       -0.848661400854924                        0
       540                        0       -0.847873906234914                        0       -0.849054946987326       -0.849054946987326                        0
       549                        0        -0.84785750246425                        0       -0.848298739174698       -0.848298739174698                        0
       558                        0       -0.847856901497913                        0       -0.848801769031336       -0.848801769031336                        0
       567                        0       -0.847864935709035                        0        -0.84874755575499        -0.84874755575499                        0
       576                        0       -0.847849917556978                        0       -0.848304718191425       -0.848304718191425                        0
       585                        0       -0.847855764984851                        0       -0.848819187592394       -0.848819187592394                        0
       594                        0        -0.84785596959871                        0       -0.848493829959166       -0.848493829959166                        0
       603                        0       -0.847846099472829                        0        -0.84838337183871        -0.84838337183871                        0
       612                        0       -0.847853250007114                        0        -0.84873200614677        -0.84873200614677                        0
       621                        0       -0.847848501976123                        0       -0.848335269569736       -0.848335269569736                        0
       630                        0       -0.847844293754181                        0       -0.848462771704675       -0.848462771704675                        0
       639                        0        -0.84784953226759                        0       -0.848588278674252       -0.848588278674252                        0
       648                        0       -0.847843129766989                        0       -0.848269464021972       -0.848269464021972                        0
       657                        0       -0.847843126155504                        0       -0.848499927123961       -0.848499927123961                        0
       666                        0        -0.84784528320354                        0       -0.848438907325913       -0.848438907325913                        0
       675                        0       -0.847839696045138                        0       -0.848267185951338       -0.848267185951338                        0
       684                        0       -0.847841799091746                        0       -0.848483269410065       -0.848483269410065                        0
       693                        0       -0.847841224030789                        0       -0.848319664717055       -0.848319664717055                        0
       702                        0       -0.847837642876585                        0       -0.848291570099753       -0.848291570099753                        0
       711                        0       -0.847840041213188                        0       -0.848424503722467       -0.848424503722467                        0
       720                        0       -0.847837843851231                        0       -0.848244902537496       -0.848244902537496                        0
