#square and square, nu_xymn_2
#MM NN: 1 3
#quadrature order: 16
#numpanels            c*(gradu.n)^2                      BEM        0.5*(gradu)^2 ex.       Boundary Formula 1       Boundary Formula 2
        18                        0        0.143949573328397                        0        0.156049056730808        0.156049056730808                        0
        27                        0        0.150075223078038                        0        0.172858449453838        0.172858449453838                        0
        36                        0         0.14882189015766                        0        0.163239300496712        0.163239300496712                        0
        45                        0        0.151057371762206                        0        0.184796085742251        0.184796085742251                        0
        54                        0        0.151142466507736                        0        0.159686367418931        0.159686367418931                        0
        63                        0        0.147637248702271                        0        0.160116631721048        0.160116631721048                        0
        72                        0        0.150203840785982                        0        0.170667191341827        0.170667191341827                        0
        81                        0        0.148127303151183                        0        0.151581870620286        0.151581870620286                        0
        90                        0        0.147929775578455                        0        0.157537380383967        0.157537380383967                        0
        99                        0        0.149058646949789                        0         0.15817744637738         0.15817744637738                        0
       108                        0        0.147656407786078                        0        0.149051328337114        0.149051328337114                        0
       117                        0        0.148035706093715                        0         0.15541050542307         0.15541050542307                        0
       126                        0        0.148320279953543                        0        0.151662705351887        0.151662705351887                        0
       135                        0        0.147619212973078                        0        0.148856234112311        0.148856234112311                        0
       144                        0         0.14803856510194                        0        0.153454365107033        0.153454365107033                        0
       153                        0        0.147893332135432                        0        0.148648833876735        0.148648833876735                        0
       162                        0        0.147661692411903                        0        0.149263722393397        0.149263722393397                        0
       171                        0        0.147968968372632                        0        0.151463970743313        0.151463970743313                        0
       180                        0        0.147703667695155                        0        0.147619328985211        0.147619328985211                        0
       189                        0         0.14770266905864                        0        0.149616778368913        0.149616778368913                        0
       198                        0         0.14786186353047                        0        0.149712751975295        0.149712751975295                        0
       207                        0        0.147640761934267                        0         0.14754177889101         0.14754177889101                        0
       216                        0        0.147724968481254                        0        0.149654339910019        0.149654339910019                        0
       225                        0        0.147757977335023                        0        0.148476389486277        0.148476389486277                        0
       234                        0        0.147632153643943                        0        0.147838148317568        0.147838148317568                        0
       243                        0         0.14772645606084                        0        0.149355493199348        0.149355493199348                        0
       252                        0        0.147685123137621                        0        0.147812569459233        0.147812569459233                        0
       261                        0        0.147640765353246                        0        0.148183561354346        0.148183561354346                        0
       270                        0        0.147710431589073                        0        0.148854792521488        0.148854792521488                        0
       279                        0        0.147646285239089                        0        0.147592012036025        0.147592012036025                        0
       288                        0        0.147650712691663                        0        0.148407833571892        0.148407833571892                        0
       297                        0        0.147684991006218                        0         0.14833975186343         0.14833975186343                        0
       306                        0        0.147631210380379                        0        0.147635871259158        0.147635871259158                        0
       315                        0        0.147656107228318                        0        0.148452231780281        0.148452231780281                        0
       324                        0        0.147659859874661                        0         0.14795038977341         0.14795038977341                        0
       333                        0        0.147628608552767                        0        0.147788058435678        0.147788058435678                        0
       342                        0        0.147655476843387                        0        0.148341104368295        0.148341104368295                        0
       351                        0         0.14764133378301                        0        0.147735074654301        0.147735074654301                        0
       360                        0        0.147630718793733                        0        0.147937833124024        0.147937833124024                        0
       369                        0        0.147649871584919                        0        0.148146799686625        0.148146799686625                        0
       378                        0        0.147630695039146                        0        0.147670123903817        0.147670123903817                        0
       387                        0        0.147633287495532                        0        0.148023831146366        0.148023831146366                        0
       396                        0         0.14764185509828                        0        0.147948296790868        0.147948296790868                        0
       405                        0        0.147626137422282                        0        0.147699578560409        0.147699578560409                        0
       414                        0        0.147634393636652                        0        0.148029693437574        0.148029693437574                        0
       423                        0        0.147634118790178                        0        0.147799369476149        0.147799369476149                        0
       432                        0        0.147625100943194                        0        0.147765424323328        0.147765424323328                        0
       441                        0        0.147633562299974                        0        0.147972388180052        0.147972388180052                        0
       450                        0        0.147628316509964                        0        0.147718435782603        0.147718435782603                        0
       459                        0         0.14762550312166                        0        0.147823972417806        0.147823972417806                        0
       468                        0        0.147631230618536                        0        0.147885091271971        0.147885091271971                        0
       477                        0        0.147624821143068                        0        0.147696339155525        0.147696339155525                        0
       486                        0        0.147626033744717                        0        0.147851962412227        0.147851962412227                        0
       495                        0        0.147628266409865                        0        0.147800122690882        0.147800122690882                        0
       504                        0        0.147623175893094                        0        0.147710432040284        0.147710432040284                        0
       513                        0         0.14762605875828                        0         0.14784545494794         0.14784545494794                        0
       522                        0        0.147625493355591                        0        0.147738013528276        0.147738013528276                        0
       531                        0        0.147622652253863                        0        0.147736764717961        0.147736764717961                        0
       540                        0        0.147625444150607                        0        0.147813896402215        0.147813896402215                        0
       549                        0        0.147623393611278                        0        0.147704904701534        0.147704904701534                        0
       558                        0        0.147622601051609                        0        0.147757589011023        0.147757589011023                        0
       567                        0        0.147624369920856                        0         0.14777215543746         0.14777215543746                        0
       576                        0        0.147622069841833                        0        0.147696004146616        0.147696004146616                        0
       585                        0        0.147622587006446                        0        0.147764209256007        0.147764209256007                        0
       594                        0        0.147623139517137                        0        0.147733556938192        0.147733556938192                        0
       603                        0        0.147621374123679                        0        0.147701274688269        0.147701274688269                        0
       612                        0        0.147622398301767                        0        0.147756202919201        0.147756202919201                        0
       621                        0        0.147622021133724                        0        0.147705958261523        0.147705958261523                        0
       630                        0        0.147621066194154                        0        0.147710504191127        0.147710504191127                        0
       639                        0        0.147622000110348                        0        0.147738450500464        0.147738450500464                        0
       648                        0        0.147621163975545                        0        0.147691153584153        0.147691153584153                        0
       657                        0        0.147620924329283                        0        0.147716465483123        0.147716465483123                        0
       666                        0        0.147621465019304                        0        0.147717566137477        0.147717566137477                        0
       675                        0        0.147620593619851                        0        0.147686528306874        0.147686528306874                        0
       684                        0        0.147620797248064                        0        0.147715993698555        0.147715993698555                        0
       693                        0        0.147620901553693                        0        0.147699059250605        0.147699059250605                        0
       702                        0        0.147620253934845                        0        0.147687509409803        0.147687509409803                        0
       711                        0        0.147620613137022                        0        0.147709435196798        0.147709435196798                        0
       720                        0        0.147620400300468                        0        0.147685906661732        0.147685906661732                        0
