#square and square, nu_xymn_1
#MM NN: 1 4
#quadrature order: 16
#numpanels            c*(gradu.n)^2                      BEM        0.5*(gradu)^2 ex.       Boundary Formula 1       Boundary Formula 2
        18                        0        0.431064710824712                        0        0.264666336889052        0.264666336889052                        0
        27                        0        0.450221914227847                        0        0.297595788380181        0.297595788380181                        0
        36                        0        0.451361791062254                        0        0.303512769059808        0.303512769059808                        0
        45                        0        0.462867256640208                        0        0.328721143188772        0.328721143188772                        0
        54                        0        0.466551409531139                        0        0.347497436490374        0.347497436490374                        0
        63                        0        0.476042207145993                        0        0.402500536674022        0.402500536674022                        0
        72                        0        0.474621668985015                        0        0.419282321593968        0.419282321593968                        0
        81                        0        0.479436714839484                        0         0.42902715583363         0.42902715583363                        0
        90                        0        0.479392136948698                        0        0.445633006849964        0.445633006849964                        0
        99                        0        0.479505659198159                        0        0.449530834302488        0.449530834302488                        0
       108                        0        0.481320304117331                        0        0.457971273617858        0.457971273617858                        0
       117                        0        0.480558843475391                        0        0.464899451550939        0.464899451550939                        0
       126                        0        0.481296826313025                        0        0.466485467071911        0.466485467071911                        0
       135                        0        0.481623197722802                        0        0.470933740743567        0.470933740743567                        0
       144                        0        0.481166876935805                        0         0.47390163089283         0.47390163089283                        0
       153                        0        0.481833073934181                        0        0.474320787302807        0.474320787302807                        0
       162                        0        0.481689081865895                        0        0.476933086534117        0.476933086534117                        0
       171                        0        0.481558313245527                        0        0.478098578470702        0.478098578470702                        0
       180                        0        0.481955318266199                        0        0.478219994059517        0.478219994059517                        0
       189                        0        0.481728827865848                        0        0.479819570357654        0.479819570357654                        0
       198                        0        0.481801309711859                        0        0.480047287275021        0.480047287275021                        0
       207                        0        0.481956296090027                        0         0.48018967298675         0.48018967298675                        0
       216                        0        0.481780050088577                        0        0.481214750061488        0.481214750061488                        0
       225                        0         0.48192507897961                        0         0.48096581771393         0.48096581771393                        0
       234                        0        0.481934067801871                        0        0.481228087058163        0.481228087058163                        0
       243                        0         0.48184169156188                        0        0.481840392567895        0.481840392567895                        0
       252                        0        0.481971400122748                        0        0.481436930660546        0.481436930660546                        0
       261                        0        0.481918752501603                        0         0.48179879504468         0.48179879504468                        0
       270                        0        0.481899901400361                        0        0.482059904584612        0.482059904584612                        0
       279                        0        0.481978787905723                        0         0.48171339134413         0.48171339134413                        0
       288                        0        0.481916803845173                        0        0.482110161906009        0.482110161906009                        0
       297                        0         0.48194245698599                        0        0.482091272783832        0.482091272783832                        0
       306                        0        0.481971912528672                        0        0.481902913854884        0.481902913854884                        0
       315                        0        0.481926117131463                        0         0.48225463313184         0.48225463313184                        0
       324                        0         0.48196636910162                        0         0.48206540959483         0.48206540959483                        0
       333                        0        0.481963412424432                        0        0.482045475698932        0.482045475698932                        0
       342                        0        0.481941230333887                        0         0.48228492987178         0.48228492987178                        0
       351                        0         0.48197581593302                        0        0.482045128077752        0.482045128077752                        0
       360                        0         0.48195847546836                        0        0.482149305520132        0.482149305520132                        0
       369                        0        0.481956360865284                        0        0.482247669169557        0.482247669169557                        0
       378                        0        0.481976938736331                        0        0.482049680466326        0.482049680466326                        0
       387                        0        0.481958203127986                        0        0.482211406772051        0.482211406772051                        0
       396                        0        0.481967761494622                        0        0.482185939274131        0.482185939274131                        0
       405                        0        0.481974750255221                        0        0.482075849663494        0.482075849663494                        0
       414                        0        0.481961551476574                        0        0.482230909940496        0.482230909940496                        0
       423                        0        0.481974416072689                        0        0.482130550692999        0.482130550692999                        0
       432                        0        0.481972353668151                        0        0.482111175390891        0.482111175390891                        0
       441                        0        0.481966598183425                        0        0.482215416234324        0.482215416234324                        0
       450                        0        0.481977188339577                        0        0.482096159097233        0.482096159097233                        0
       459                        0        0.481971197635813                        0        0.482142008948245        0.482142008948245                        0
       468                        0        0.481971534780968                        0        0.482179667611713        0.482179667611713                        0
       477                        0        0.481977609814304                        0        0.482084195449494        0.482084195449494                        0
       486                        0        0.481971566402432                        0        0.482158686793133        0.482158686793133                        0
       495                        0        0.481975269469992                        0        0.482139563248081        0.482139563248081                        0
       504                        0        0.481977075919183                        0        0.482088276013166        0.482088276013166                        0
       513                        0        0.481973059300853                        0        0.482158120965836        0.482158120965836                        0
       522                        0        0.481977516198521                        0        0.482106673225871        0.482106673225871                        0
       531                        0         0.48197652368375                        0         0.48209921851989         0.48209921851989                        0
       540                        0        0.481975020461748                        0        0.482143472523853        0.482143472523853                        0
       549                        0         0.48197853511526                        0        0.482086114538057        0.482086114538057                        0
       558                        0        0.481976403808974                        0        0.482108789557137        0.482108789557137                        0
       567                        0        0.481976869470147                        0        0.482121484154071        0.482121484154071                        0
       576                        0        0.481978800505443                        0        0.482077407658459        0.482077407658459                        0
       585                        0        0.481976787013181                        0        0.482111943212711        0.482111943212711                        0
       594                        0        0.481978272181658                        0        0.482099140588042        0.482099140588042                        0
       603                        0        0.481978761481524                        0        0.482076720560438        0.482076720560438                        0
       612                        0        0.481977518255637                        0        0.482107445858349        0.482107445858349                        0
       621                        0        0.481979151606291                        0        0.482081281798878        0.482081281798878                        0
       630                        0        0.481978726519793                        0        0.482079235824825        0.482079235824825                        0
       639                        0         0.48197836798602                        0        0.482097088793393        0.482097088793393                        0
       648                        0        0.481979603861409                        0        0.482069791310216        0.482069791310216                        0
       657                        0        0.481978841269463                        0        0.482080957459535        0.482080957459535                        0
       666                        0        0.481979142771365                        0        0.482084115204366        0.482084115204366                        0
       675                        0        0.481979794384942                        0        0.482064052391614        0.482064052391614                        0
       684                        0        0.481979120719184                        0        0.482079667219235        0.482079667219235                        0
       693                        0         0.48197973691421                        0        0.482071656422444        0.482071656422444                        0
       702                        0        0.481979879471471                        0        0.482062022866581        0.482062022866581                        0
       711                        0         0.48197950420593                        0        0.482075021112027        0.482075021112027                        0
