#square and square, nu_xymn_2
#MM NN: 2 5
#quadrature order: 16
#numpanels            c*(gradu.n)^2                      BEM        0.5*(gradu)^2 ex.       Boundary Formula 1       Boundary Formula 2
        18                        0        0.035602648807105                        0       0.0417503030509071       0.0417503030509071                        0
        27                        0       0.0377503312822511                        0       0.0463929927120288       0.0463929927120288                        0
        36                        0       0.0374959268931145                        0       0.0444386330222436       0.0444386330222436                        0
        45                        0       0.0378043769189211                        0        0.048395909486098        0.048395909486098                        0
        54                        0       0.0386733305673578                        0       0.0441883071358261       0.0441883071358261                        0
        63                        0       0.0373807667231835                        0       0.0420277957299642       0.0420277957299642                        0
        72                        0       0.0376220872496316                        0       0.0427587459435144       0.0427587459435144                        0
        81                        0       0.0376838682882473                        0       0.0403925619639791       0.0403925619639791                        0
        90                        0        0.037310254631892                        0       0.0398503086517708       0.0398503086517708                        0
        99                        0       0.0375516514103299                        0        0.039945602963757        0.039945602963757                        0
       108                        0       0.0374558654552106                        0        0.038815639342915        0.038815639342915                        0
       117                        0       0.0373219792639661                        0       0.0387893027395099       0.0387893027395099                        0
       126                        0       0.0374894432191889                        0       0.0386721023209578       0.0386721023209578                        0
       135                        0       0.0373700750546012                        0       0.0381169472469253       0.0381169472469253                        0
       144                        0        0.037347232645125                        0       0.0382458932538025       0.0382458932538025                        0
       153                        0       0.0374276341241266                        0       0.0380391795632284       0.0380391795632284                        0
       162                        0       0.0373386433972115                        0       0.0377996038293979       0.0377996038293979                        0
       171                        0       0.0373651598917039                        0       0.0379304954768928       0.0379304954768928                        0
       180                        0       0.0373830841126893                        0        0.037719341276273        0.037719341276273                        0
       189                        0       0.0373311454079372                        0       0.0376534201009936       0.0376534201009936                        0
       198                        0       0.0373696579902506                        0       0.0377261333935663       0.0377261333935663                        0
       207                        0       0.0373555970820892                        0       0.0375578312585011       0.0375578312585011                        0
       216                        0       0.0373338821214849                        0       0.0375794977219215       0.0375794977219215                        0
       225                        0       0.0373638442907644                        0       0.0375875948684316       0.0375875948684316                        0
       234                        0       0.0373408702823771                        0       0.0374796187689894       0.0374796187689894                        0
       243                        0       0.0373391330113538                        0       0.0375315507975736       0.0375315507975736                        0
       252                        0       0.0373541305574564                        0       0.0374959240853017       0.0374959240853017                        0
       261                        0         0.03733455440885                        0       0.0374443267339547       0.0374443267339547                        0
       270                        0       0.0373427109083375                        0       0.0374910389205337       0.0374910389205337                        0
       279                        0       0.0373451304536765                        0       0.0374388582572291       0.0374388582572291                        0
       288                        0       0.0373331635685412                        0       0.0374286955955486       0.0374286955955486                        0
       297                        0       0.0373433001876425                        0       0.0374539033972942       0.0374539033972942                        0
       306                        0       0.0373386917317122                        0       0.0374063187484986       0.0374063187484986                        0
       315                        0       0.0373340545463195                        0       0.0374194477996476       0.0374194477996476                        0
       324                        0       0.0373415622446962                        0       0.0374218622137451       0.0374218622137451                        0
       333                        0       0.0373349489681882                        0       0.0373897890477787       0.0373897890477787                        0
       342                        0       0.0373353888230475                        0       0.0374100982329396       0.0374100982329396                        0
       351                        0       0.0373388503317574                        0       0.0373970488250011       0.0373970488250011                        0
       360                        0       0.0373333078925532                        0       0.0373823401973832       0.0373823401973832                        0
       369                        0       0.0373361537064002                        0       0.0373988654622846       0.0373988654622846                        0
       378                        0       0.0373362590679416                        0       0.0373799832116673       0.0373799832116673                        0
       387                        0       0.0373329802119564                        0       0.0373787954232695       0.0373787954232695                        0
       396                        0       0.0373360797194723                        0       0.0373866598989779       0.0373866598989779                        0
       405                        0       0.0373343367316795                        0       0.0373696206554028       0.0373696206554028                        0
       414                        0       0.0373332439961186                        0       0.0373758562244319       0.0373758562244319                        0
       423                        0        0.037335380537099                        0       0.0373752300908559       0.0373752300908559                        0
       432                        0       0.0373331902425092                        0       0.0373640646607284       0.0373640646607284                        0
       441                        0       0.0373335765298878                        0       0.0373720047981192       0.0373720047981192                        0
       450                        0       0.0373344310125313                        0       0.0373659316994784       0.0373659316994784                        0
       459                        0       0.0373326770861665                        0       0.0373612690911511       0.0373612690911511                        0
       468                        0        0.037333703637516                        0        0.037367097427264        0.037367097427264                        0
       477                        0       0.0373335419562727                        0       0.0373592788924888       0.0373592788924888                        0
       486                        0       0.0373325608547788                        0       0.0373595402945922       0.0373595402945922                        0
       495                        0       0.0373335699453869                        0       0.0373617492133647       0.0373617492133647                        0
       504                        0       0.0373328787466756                        0       0.0373550391985779       0.0373550391985779                        0
       513                        0       0.0373326135295547                        0       0.0373577992059844       0.0373577992059844                        0
       522                        0       0.0373332540176986                        0       0.0373567379555514       0.0373567379555514                        0
       531                        0       0.0373324753106331                        0       0.0373525492361736       0.0373525492361736                        0
       540                        0       0.0373326722509479                        0        0.037355608514597        0.037355608514597                        0
       549                        0       0.0373328755399506                        0       0.0373526173643243       0.0373526173643243                        0
       558                        0        0.037332283199525                        0         0.03735104053853         0.03735104053853                        0
       567                        0       0.0373326570079857                        0       0.0373530173730777       0.0373530173730777                        0
       576                        0        0.037332532268357                        0       0.0373495845078938       0.0373495845078938                        0
       585                        0       0.0373322210642244                        0       0.0373498771292519       0.0373498771292519                        0
       594                        0       0.0373325575810633                        0       0.0373503212765827       0.0373503212765827                        0
       603                        0       0.0373322756649387                        0       0.0373475307247288       0.0373475307247288                        0
       612                        0       0.0373322112262073                        0        0.037348672656935        0.037348672656935                        0
       621                        0       0.0373324042127792                        0        0.037347841486777        0.037347841486777                        0
       630                        0       0.0373321140148533                        0       0.0373461750832736       0.0373461750832736                        0
       639                        0       0.0373321999941892                        0       0.0373472951319116       0.0373472951319116                        0
       648                        0       0.0373322380379446                        0       0.0373457891935017       0.0373457891935017                        0
       657                        0       0.0373320279009401                        0       0.0373452022519075       0.0373452022519075                        0
       666                        0       0.0373321628528031                        0       0.0373457951258729       0.0373457951258729                        0
       675                        0       0.0373320914859594                        0        0.037344224857999        0.037344224857999                        0
       684                        0       0.0373319872523875                        0       0.0373443609368201       0.0373443609368201                        0
       693                        0       0.0373320987666198                        0       0.0373443059046758       0.0373443059046758                        0
       702                        0       0.0373319807144983                        0       0.0373430858732177       0.0373430858732177                        0
       711                        0       0.0373319643412274                        0       0.0373435079752986       0.0373435079752986                        0
       720                        0       0.0373320195887136                        0       0.0373429575527007       0.0373429575527007                        0
