#square and square, nu_xymn_2
#MM NN: 5 1
#quadrature order: 16
#numpanels            c*(gradu.n)^2                      BEM        0.5*(gradu)^2 ex.       Boundary Formula 1       Boundary Formula 2
        18                        0        0.016023945231256                        0       0.0231121277789244       0.0231121277789244                        0
        27                        0       0.0169773573990971                        0       0.0263580592732577       0.0263580592732577                        0
        36                        0       0.0175907231753204                        0       0.0245121263582206       0.0245121263582206                        0
        45                        0       0.0175421770675566                        0       0.0243037844686588       0.0243037844686588                        0
        54                        0       0.0194030726368009                        0       0.0255814124874927       0.0255814124874927                        0
        63                        0       0.0206300320531058                        0       0.0264351409839339       0.0264351409839339                        0
        72                        0       0.0211192364919246                        0       0.0258240907024694       0.0258240907024694                        0
        81                        0       0.0215843634717128                        0        0.025639457883133        0.025639457883133                        0
        90                        0       0.0218174875016948                        0       0.0252235678818019       0.0252235678818019                        0
        99                        0       0.0219871199613581                        0       0.0247123275635008       0.0247123275635008                        0
       108                        0       0.0221504399729583                        0       0.0244060452241839       0.0244060452241839                        0
       117                        0       0.0222206562533162                        0       0.0240357112707561       0.0240357112707561                        0
       126                        0       0.0222992056872344                        0       0.0237545526805052       0.0237545526805052                        0
       135                        0       0.0223509817305493                        0       0.0235472818950861       0.0235472818950861                        0
       144                        0       0.0223761194941604                        0        0.023335032784657        0.023335032784657                        0
       153                        0       0.0224156505361924                        0       0.0231945731199158       0.0231945731199158                        0
       162                        0       0.0224305745988617                        0        0.023070822864938        0.023070822864938                        0
       171                        0       0.0224439513422573                        0       0.0229604249030091       0.0229604249030091                        0
       180                        0       0.0224629549742626                        0       0.0228901694093586       0.0228901694093586                        0
       189                        0       0.0224665333290623                        0       0.0228198416020568       0.0228198416020568                        0
       198                        0       0.0224762482810772                        0       0.0227657776276563       0.0227657776276563                        0
       207                        0       0.0224839825103804                        0       0.0227283521188778       0.0227283521188778                        0
       216                        0       0.0224850227105577                        0       0.0226891381932767       0.0226891381932767                        0
       225                        0       0.0224922660982089                        0       0.0226634985067389       0.0226634985067389                        0
       234                        0       0.0224944465699365                        0       0.0226417650397664       0.0226417650397664                        0
       243                        0       0.0224956450167637                        0       0.0226204351680094       0.0226204351680094                        0
       252                        0       0.0225003839145067                        0       0.0226079959872061       0.0226079959872061                        0
       261                        0       0.0225004065856935                        0       0.0225945040735655       0.0225945040735655                        0
       270                        0       0.0225021604327338                        0       0.0225833379689119       0.0225833379689119                        0
       279                        0        0.022504680144406                        0       0.0225765623995578       0.0225765623995578                        0
       288                        0       0.0225042791833769                        0       0.0225679641070661       0.0225679641070661                        0
       297                        0       0.0225062075596531                        0       0.0225623365065648       0.0225623365065648                        0
       306                        0       0.0225071608750162                        0       0.0225579214513927       0.0225579214513927                        0
       315                        0       0.0225070362421198                        0        0.022552515876877        0.022552515876877                        0
       324                        0       0.0225086813995218                        0       0.0225496499156038       0.0225496499156038                        0
       333                        0       0.0225087866965813                        0       0.0225463642402767       0.0225463642402767                        0
       342                        0       0.0225090678564036                        0       0.0225431049457031       0.0225431049457031                        0
       351                        0       0.0225101846420596                        0       0.0225414382775157       0.0225414382775157                        0
       360                        0       0.0225099959870451                        0       0.0225389043676011       0.0225389043676011                        0
       369                        0       0.0225105464101495                        0       0.0225370314024592       0.0225370314024592                        0
       378                        0       0.0225111317399288                        0       0.0225358031192889       0.0225358031192889                        0
       387                        0       0.0225109710091254                        0       0.0225339082848723       0.0225339082848723                        0
       396                        0       0.0225115848376645                        0        0.022532844262203        0.022532844262203                        0
       405                        0       0.0225117836586885                        0       0.0225317714782198       0.0225317714782198                        0
       414                        0       0.0225117750531946                        0       0.0225304354738039       0.0225304354738039                        0
       423                        0       0.0225122913872591                        0       0.0225297731601679       0.0225297731601679                        0
       432                        0       0.0225122862145134                        0       0.0225288074306123       0.0225288074306123                        0
       441                        0       0.0225124252348257                        0       0.0225279201092902       0.0225279201092902                        0
       450                        0       0.0225127707301036                        0       0.0225274148933118       0.0225274148933118                        0
       459                        0       0.0225127090572373                        0       0.0225265861491652       0.0225265861491652                        0
       468                        0       0.0225129306084495                        0       0.0225260153027827       0.0225260153027827                        0
       477                        0        0.022513109895727                        0       0.0225255545836221       0.0225255545836221                        0
       486                        0       0.0225130775484597                        0       0.0225248916997309       0.0225248916997309                        0
       495                        0       0.0225133081600231                        0        0.022524511271099        0.022524511271099                        0
       504                        0       0.0225133700087615                        0        0.022524067979789        0.022524067979789                        0
       513                        0       0.0225133958470938                        0       0.0225235716419987       0.0225235716419987                        0
       522                        0       0.0225135839861967                        0       0.0225232852327978       0.0225232852327978                        0
       531                        0       0.0225135871029008                        0       0.0225228726199383       0.0225228726199383                        0
       540                        0        0.022513662038854                        0       0.0225225168218594       0.0225225168218594                        0
       549                        0       0.0225137872548493                        0       0.0225222666485035       0.0225222666485035                        0
       558                        0       0.0225137781285561                        0       0.0225219059988203       0.0225219059988203                        0
       567                        0       0.0225138764031092                        0       0.0225216511103436       0.0225216511103436                        0
       576                        0       0.0225139436803768                        0       0.0225214133241793       0.0225214133241793                        0
       585                        0       0.0225139482695373                        0       0.0225211172461456       0.0225211172461456                        0
       594                        0       0.0225140440738952                        0       0.0225209239573026       0.0225209239573026                        0
       603                        0       0.0225140719103187                        0       0.0225206966890708       0.0225206966890708                        0
       612                        0       0.0225140973332628                        0       0.0225204647666287       0.0225204647666287                        0
       621                        0       0.0225141739635764                        0       0.0225203033187252       0.0225203033187252                        0
       630                        0       0.0225141830745175                        0       0.0225200941010258       0.0225200941010258                        0
       639                        0       0.0225142242222051                        0       0.0225199158342308       0.0225199158342308                        0
       648                        0       0.0225142761709003                        0        0.022519769070209        0.022519769070209                        0
       657                        0       0.0225142823351326                        0       0.0225195857155174       0.0225195857155174                        0
       666                        0       0.0225143292642131                        0       0.0225194461638765       0.0225194461638765                        0
       675                        0       0.0225143596385878                        0       0.0225193077426273       0.0225193077426273                        0
       684                        0       0.0225143711679342                        0       0.0225191538182772       0.0225191538182772                        0
       693                        0       0.0225144147297984                        0       0.0225190387637134       0.0225190387637134                        0
       702                        0       0.0225144308843136                        0       0.0225189090411248       0.0225189090411248                        0
       711                        0       0.0225144494788362                        0       0.0225187831419008       0.0225187831419008                        0
       720                        0       0.0225144842193295                        0       0.0225186821816935       0.0225186821816935                        0
