#square and square, nu_xymn_1
#MM NN: 1 4
#quadrature order: 16
#numpanels            c*(gradu.n)^2                      BEM        0.5*(gradu)^2 ex.       Boundary Formula 1       Boundary Formula 2
        18                        0       0.0621876939466399                        0       0.0528424770240789       0.0528424770240789                        0
        27                        0       0.0601262409156179                        0         0.06136329555559         0.06136329555559                        0
        36                        0       0.0603271458144728                        0        0.058359861595164        0.058359861595164                        0
        45                        0        0.061439043810103                        0       0.0631652309036654       0.0631652309036654                        0
        54                        0       0.0581972642649769                        0       0.0615258866740973       0.0615258866740973                        0
        63                        0       0.0604275423237136                        0       0.0605040384898451       0.0605040384898451                        0
        72                        0       0.0599944655998515                        0       0.0646456020300647       0.0646456020300647                        0
        81                        0       0.0593397694106905                        0       0.0613638068190086       0.0613638068190086                        0
        90                        0       0.0607005780456148                        0       0.0613658456008815       0.0613658456008815                        0
        99                        0       0.0598253345047427                        0        0.063412420879454        0.063412420879454                        0
       108                        0       0.0600008220390175                        0       0.0610441020744064       0.0610441020744064                        0
       117                        0       0.0606162187032577                        0       0.0616598793374442       0.0616598793374442                        0
       126                        0       0.0599474057706968                        0       0.0626158927150926       0.0626158927150926                        0
       135                        0        0.060363811526464                        0       0.0608318297759549       0.0608318297759549                        0
       144                        0       0.0604747840148224                        0       0.0618207053395737       0.0618207053395737                        0
       153                        0       0.0601546825002926                        0       0.0618232436573657       0.0618232436573657                        0
       162                        0       0.0605206826681537                        0       0.0607455698118332       0.0607455698118332                        0
       171                        0       0.0603904167431884                        0        0.061856168847242        0.061856168847242                        0
       180                        0       0.0603230343173208                        0       0.0612288535126867       0.0612288535126867                        0
       189                        0       0.0605591634361403                        0       0.0607894356129383       0.0607894356129383                        0
       198                        0         0.06037728821881                        0       0.0617134310224384       0.0617134310224384                        0
       207                        0       0.0604392924389967                        0       0.0608326967567456       0.0608326967567456                        0
       216                        0       0.0605427067720843                        0       0.0609144572371146       0.0609144572371146                        0
       225                        0       0.0604069173443388                        0        0.061424748443598        0.061424748443598                        0
       234                        0        0.060508325523754                        0       0.0606216737777436       0.0606216737777436                        0
       243                        0       0.0605150156924752                        0       0.0610379505306968       0.0610379505306968                        0
       252                        0       0.0604494790006685                        0       0.0610982231890093       0.0610982231890093                        0
       261                        0       0.0605398174945269                        0       0.0605621223351362       0.0605621223351362                        0
       270                        0       0.0604983427044856                        0        0.061086439767324        0.061086439767324                        0
       279                        0       0.0604887948071662                        0       0.0608211560490276       0.0608211560490276                        0
       288                        0       0.0605464145414874                        0       0.0606034652888567       0.0606034652888567                        0
       297                        0       0.0604967999995502                        0       0.0610354058704962       0.0610354058704962                        0
       306                        0       0.0605182778251471                        0       0.0606346430589867       0.0606346430589867                        0
       315                        0        0.060541164405472                        0       0.0606858828382774       0.0606858828382774                        0
       324                        0       0.0605053757167236                        0       0.0609132503663317       0.0609132503663317                        0
       333                        0       0.0605363427353482                        0       0.0605435143777243       0.0605435143777243                        0
       342                        0       0.0605340855959833                        0       0.0607554355247023       0.0607554355247023                        0
       351                        0       0.0605178204976979                        0       0.0607701344096094       0.0607701344096094                        0
       360                        0       0.0605444782318293                        0       0.0605292833533916       0.0605292833533916                        0
       369                        0       0.0605302959126045                        0        0.060780042754616        0.060780042754616                        0
       378                        0       0.0605297549631638                        0       0.0606476956869807       0.0606476956869807                        0
       387                        0        0.060545968768946                        0       0.0605611107499273       0.0605611107499273                        0
       396                        0       0.0605306878612425                        0       0.0607558617445666       0.0607558617445666                        0
       405                        0       0.0605388641217904                        0       0.0605675319314361       0.0605675319314361                        0
       414                        0       0.0605444421033027                        0       0.0606062968957595       0.0606062968957595                        0
       423                        0       0.0605339674314436                        0       0.0606998447908686       0.0606998447908686                        0
       432                        0       0.0605444520535674                        0       0.0605324601357407       0.0605324601357407                        0
       441                        0       0.0605426409017336                        0       0.0606397139350418       0.0606397139350418                        0
       450                        0       0.0605383856880888                        0        0.060635538046113        0.060635538046113                        0
       459                        0       0.0605469726428449                        0       0.0605324221016287       0.0605324221016287                        0
       468                        0       0.0605419254021941                        0       0.0606494278973785       0.0606494278973785                        0
       477                        0       0.0605425717933659                        0       0.0605818398545513       0.0605818398545513                        0
       486                        0       0.0605474953812148                        0       0.0605513811645816       0.0605513811645816                        0
       495                        0       0.0605425009889471                        0       0.0606364819772656       0.0606364819772656                        0
       504                        0       0.0605457539823837                        0       0.0605483167943675       0.0605483167943675                        0
       513                        0       0.0605471621266558                        0       0.0605736556958877       0.0605736556958877                        0
       522                        0       0.0605439559370911                        0       0.0606099675670166       0.0606099675670166                        0
       531                        0       0.0605477175762463                        0        0.060535572318114        0.060535572318114                        0
       540                        0       0.0605468049900361                        0       0.0605884357460837       0.0605884357460837                        0
       549                        0       0.0605457256021442                        0        0.060580843528268        0.060580843528268                        0
       558                        0       0.0605486490940881                        0       0.0605381620291969       0.0605381620291969                        0
       567                        0       0.0605468214741685                        0       0.0605915453730043       0.0605915453730043                        0
       576                        0       0.0605473533244178                        0       0.0605574551522143       0.0605574551522143                        0
       585                        0       0.0605489300476896                        0       0.0605482201099843       0.0605482201099843                        0
       594                        0       0.0605472555516381                        0       0.0605844869747057       0.0605844869747057                        0
       603                        0       0.0605485854779442                        0       0.0605437069301731       0.0605437069301731                        0
       612                        0       0.0605489460122259                        0       0.0605586043286932       0.0605586043286932                        0
       621                        0       0.0605479593527008                        0       0.0605718768235554       0.0605718768235554                        0
       630                        0        0.060549366047471                        0       0.0605393770792097       0.0605393770792097                        0
       639                        0        0.060548967369901                        0        0.060564825431707        0.060564825431707                        0
       648                        0       0.0605487367104173                        0       0.0605587393223592       0.0605587393223592                        0
       657                        0       0.0605497773226057                        0       0.0605416021317128       0.0605416021317128                        0
       666                        0       0.0605491173147278                        0        0.060565523375643        0.060565523375643                        0
       675                        0       0.0605494310158883                        0       0.0605486726984487       0.0605486726984487                        0
       684                        0       0.0605499621360424                        0        0.060546650188671        0.060546650188671                        0
