#square and square, nu_xymn_1
#MM NN: 3 5
#quadrature order: 16
#numpanels            c*(gradu.n)^2                      BEM        0.5*(gradu)^2 ex.       Boundary Formula 1       Boundary Formula 2
        18                        0       0.0208594879461414                        0       0.0152114407990508       0.0152114407990508                        0
        27                        0       0.0213683328298394                        0       0.0168878734676866       0.0168878734676866                        0
        36                        0       0.0211500413656665                        0       0.0166024838445296       0.0166024838445296                        0
        45                        0       0.0216439237480651                        0       0.0170071665441194       0.0170071665441194                        0
        54                        0       0.0208999050187454                        0       0.0180234651758793       0.0180234651758793                        0
        63                        0       0.0202482560162536                        0        0.018881724821391        0.018881724821391                        0
        72                        0       0.0202411765176468                        0       0.0190615843793493       0.0190615843793493                        0
        81                        0       0.0200241509950711                        0       0.0193678949948498       0.0193678949948498                        0
        90                        0       0.0199047934074736                        0       0.0194295955061789       0.0194295955061789                        0
        99                        0       0.0199158853933657                        0       0.0194828030466629       0.0194828030466629                        0
       108                        0        0.019827246174874                        0       0.0196143838173267       0.0196143838173267                        0
       117                        0         0.01980009401829                        0       0.0196101895962778       0.0196101895962778                        0
       126                        0       0.0198042420457036                        0       0.0196575617964659       0.0196575617964659                        0
       135                        0       0.0197623581871313                        0       0.0196940827491983       0.0196940827491983                        0
       144                        0       0.0197614837233491                        0       0.0196828155158838       0.0196828155158838                        0
       153                        0       0.0197584529255457                        0       0.0197164073363284       0.0197164073363284                        0
       162                        0       0.0197384849404223                        0       0.0197201927385953       0.0197201927385953                        0
       171                        0       0.0197437768268239                        0        0.019716395201018        0.019716395201018                        0
       180                        0       0.0197373002145448                        0       0.0197355472950771       0.0197355472950771                        0
       189                        0       0.0197289985270269                        0       0.0197293076375701       0.0197293076375701                        0
       198                        0       0.0197337171657208                        0        0.019731671453719        0.019731671453719                        0
       207                        0       0.0197269747138965                        0       0.0197395495082719       0.0197395495082719                        0
       216                        0       0.0197248438712086                        0       0.0197325772441687       0.0197325772441687                        0
       225                        0       0.0197271632378092                        0         0.01973736227992         0.01973736227992                        0
       234                        0       0.0197219128210066                        0       0.0197382716093859       0.0197382716093859                        0
       243                        0       0.0197225900640822                        0       0.0197337270459305       0.0197337270459305                        0
       252                        0       0.0197227482618061                        0       0.0197380041837866       0.0197380041837866                        0
       261                        0       0.0197194885319233                        0       0.0197356487731415       0.0197356487731415                        0
       270                        0       0.0197209493345992                        0       0.0197338476135434       0.0197338476135434                        0
       279                        0       0.0197198562532308                        0       0.0197362978718063       0.0197362978718063                        0
       288                        0        0.019718337090714                        0       0.0197331540169141       0.0197331540169141                        0
       297                        0       0.0197195310274226                        0       0.0197332184889314       0.0197332184889314                        0
       306                        0       0.0197180655618298                        0       0.0197337900959734       0.0197337900959734                        0
       315                        0       0.0197177283249655                        0       0.0197311810153816       0.0197311810153816                        0
       324                        0       0.0197182956498605                        0       0.0197320060821542       0.0197320060821542                        0
       333                        0       0.0197170293103075                        0       0.0197312834583742       0.0197312834583742                        0
       342                        0       0.0197172949515573                        0        0.019729671740406        0.019729671740406                        0
       351                        0       0.0197172906552704                        0       0.0197304341091431       0.0197304341091431                        0
       360                        0       0.0197164639836447                        0       0.0197291282415102       0.0197291282415102                        0
       369                        0       0.0197168878547463                        0       0.0197284347065446       0.0197284347065446                        0
       378                        0       0.0197165417294271                        0       0.0197287416201959       0.0197287416201959                        0
       387                        0       0.0197161554254889                        0       0.0197274124641007       0.0197274124641007                        0
       396                        0       0.0197164793703729                        0       0.0197273059404348       0.0197273059404348                        0
       405                        0       0.0197160301974383                        0       0.0197271193342506       0.0197271193342506                        0
       414                        0       0.0197159601994432                        0       0.0197260846859238       0.0197260846859238                        0
       423                        0       0.0197160935712578                        0       0.0197262054166663       0.0197262054166663                        0
       432                        0       0.0197157062438718                        0       0.0197256835583597       0.0197256835583597                        0
       441                        0       0.0197157980675179                        0       0.0197250374354783       0.0197250374354783                        0
       450                        0       0.0197157618454657                        0       0.0197251268184249       0.0197251268184249                        0
       459                        0       0.0197155095514363                        0       0.0197244797401188       0.0197244797401188                        0
       468                        0       0.0197156369149438                        0       0.0197241630859289       0.0197241630859289                        0
       477                        0       0.0197155019828919                        0       0.0197241016208056       0.0197241016208056                        0
       486                        0       0.0197153856906614                        0       0.0197234998392871       0.0197234998392871                        0
       495                        0       0.0197154742750662                        0       0.0197233842664432       0.0197233842664432                        0
       504                        0       0.0197153142230643                        0       0.0197231668160893       0.0197231668160893                        0
       513                        0       0.0197152950731352                        0       0.0197227042136891       0.0197227042136891                        0
       522                        0        0.019715320416557                        0       0.0197226612241632       0.0197226612241632                        0
       531                        0       0.0197151861098709                        0       0.0197223465527984       0.0197223465527984                        0
       540                        0       0.0197152149472726                        0       0.0197220425493761       0.0197220425493761                        0
       549                        0       0.0197151864935667                        0        0.019721983675359        0.019721983675359                        0
       558                        0       0.0197150998092244                        0        0.019721646427865        0.019721646427865                        0
       567                        0       0.0197151365184594                        0       0.0197214697454945       0.0197214697454945                        0
       576                        0       0.0197150786728935                        0       0.0197213570224554       0.0197213570224554                        0
       585                        0       0.0197150382744638                        0       0.0197210559963836       0.0197210559963836                        0
       594                        0       0.0197150598018106                        0        0.019720954344329        0.019720954344329                        0
       603                        0       0.0197149970461019                        0       0.0197207902559975       0.0197207902559975                        0
       612                        0       0.0197149888374814                        0       0.0197205552929725       0.0197205552929725                        0
       621                        0       0.0197149884990132                        0       0.0197204797123105       0.0197204797123105                        0
       630                        0       0.0197149372802398                        0       0.0197202885938873       0.0197202885938873                        0
       639                        0       0.0197149442148378                        0       0.0197201220133696       0.0197201220133696                        0
       648                        0       0.0197149263105181                        0       0.0197200404288789       0.0197200404288789                        0
       657                        0       0.0197148931405195                        0       0.0197198508631361       0.0197198508631361                        0
       666                        0       0.0197149016730558                        0       0.0197197370155587       0.0197197370155587                        0
       675                        0       0.0197148750994179                        0       0.0197196370099333       0.0197196370099333                        0
       684                        0       0.0197148586610803                        0       0.0197194702725083       0.0197194702725083                        0
       693                        0       0.0197148613330757                        0       0.0197193870436312       0.0197193870436312                        0
       702                        0       0.0197148345956619                        0       0.0197192713189444       0.0197192713189444                        0
       711                        0       0.0197148294192461                        0       0.0197191369117099       0.0197191369117099                        0
