#square and square, nu_xymn_1
#MM NN: 2 2
#quadrature order: 16
#numpanels            c*(gradu.n)^2                      BEM        0.5*(gradu)^2 ex.       Boundary Formula 1       Boundary Formula 2
        18                        0        0.136390153927267                        0       0.0962214577926916       0.0962214577926916                        0
        27                        0        0.140490550456116                        0        0.106736024120645        0.106736024120645                        0
        36                        0        0.140112653247468                        0        0.105803611472384        0.105803611472384                        0
        45                        0        0.142905049022857                        0        0.109119334714673        0.109119334714673                        0
        54                        0        0.142165868812719                        0        0.116939341813137        0.116939341813137                        0
        63                        0        0.142305018534757                        0        0.126111920652724        0.126111920652724                        0
        72                        0        0.142924808749446                        0        0.130117379804043        0.130117379804043                        0
        81                        0        0.142539124105704                        0        0.133111086056519        0.133111086056519                        0
        90                        0        0.142674661163435                        0        0.134984935203912        0.134984935203912                        0
        99                        0        0.142840048752573                        0        0.136668345944007        0.136668345944007                        0
       108                        0        0.142645081029167                        0        0.138276889476213        0.138276889476213                        0
       117                        0        0.142768853659589                        0        0.139070466504047        0.139070466504047                        0
       126                        0        0.142784883530708                        0        0.140070948890768        0.140070948890768                        0
       135                        0         0.14269558728366                        0        0.140656794021531        0.140656794021531                        0
       144                        0        0.142786547904875                        0        0.141019742309513        0.141019742309513                        0
       153                        0        0.142752437586236                        0        0.141575536432862        0.141575536432862                        0
       162                        0        0.142726443266068                        0        0.141756445474156        0.141756445474156                        0
       171                        0         0.14277879485853                        0        0.141987865618519        0.141987865618519                        0
       180                        0        0.142737470021648                        0        0.142259433977961        0.142259433977961                        0
       189                        0        0.142743993993092                        0        0.142289385325173        0.142289385325173                        0
       198                        0        0.142765049014428                        0        0.142466616845187        0.142466616845187                        0
       207                        0        0.142733748359863                        0        0.142563049562804        0.142563049562804                        0
       216                        0        0.142751566495611                        0        0.142560997254667        0.142560997254667                        0
       225                        0        0.142752901477274                        0        0.142691955452014        0.142691955452014                        0
       234                        0        0.142735759808544                        0        0.142695789260176        0.142695789260176                        0
       243                        0         0.14275255373705                        0        0.142706567124642        0.142706567124642                        0
       252                        0         0.14274466708128                        0        0.142786671111555        0.142786671111555                        0
       261                        0        0.142739372015926                        0        0.142755047976172        0.142755047976172                        0
       270                        0          0.1427501173872                        0        0.142784796064682        0.142784796064682                        0
       279                        0        0.142740347537042                        0         0.14281777626727         0.14281777626727                        0
       288                        0         0.14274225562976                        0        0.142784692967916        0.142784692967916                        0
       297                        0        0.142746607635939                        0        0.142822428519348        0.142822428519348                        0
       306                        0        0.142738954107632                        0        0.142821393050262        0.142821393050262                        0
       315                        0        0.142743620636164                        0        0.142802413002357        0.142802413002357                        0
       324                        0        0.142743416240102                        0        0.142834678029955        0.142834678029955                        0
       333                        0        0.142739207100049                        0        0.142816022194235        0.142816022194235                        0
       342                        0        0.142743629958761                        0        0.142813653240826        0.142813653240826                        0
       351                        0        0.142741163731998                        0        0.142832382202725        0.142832382202725                        0
       360                        0        0.142740013924378                        0        0.142810104381797        0.142810104381797                        0
       369                        0        0.142742822938147                        0        0.142819249072585        0.142819249072585                        0
       378                        0        0.142739942399796                        0        0.142823458440222        0.142823458440222                        0
       387                        0        0.142740697133109                        0         0.14280638098014         0.14280638098014                        0
       396                        0        0.142741737297868                        0        0.142819434144919        0.142819434144919                        0
       405                        0        0.142739529424809                        0        0.142813114346066        0.142813114346066                        0
       414                        0        0.142740991747342                        0        0.142804612007139        0.142804612007139                        0
       423                        0         0.14274074884293                        0        0.142815275149335        0.142815275149335                        0
       432                        0        0.142739582749085                        0        0.142804191828595        0.142804191828595                        0
       441                        0        0.142740912860484                        0        0.142803433294782        0.142803433294782                        0
       450                        0        0.142740045370813                        0        0.142808534400176        0.142808534400176                        0
       459                        0        0.142739793407497                        0        0.142797703332764        0.142797703332764                        0
       468                        0        0.142740601970261                        0        0.142801578856613        0.142801578856613                        0
       477                        0        0.142739658594593                        0        0.142801024491432        0.142801024491432                        0
       486                        0        0.142739963676117                        0        0.142793445472235        0.142793445472235                        0
       495                        0        0.142740216025959                        0        0.142798467580881        0.142798467580881                        0
       504                        0        0.142739520447947                        0        0.142794105905627        0.142794105905627                        0
       513                        0        0.142740014305313                        0        0.142790609052514        0.142790609052514                        0
       522                        0        0.142739871066691                        0        0.142794232023579        0.142794232023579                        0
       531                        0        0.142739524591367                        0        0.142788493729809        0.142788493729809                        0
       540                        0        0.142739950190541                        0        0.142788299591331        0.142788299591331                        0
       549                        0        0.142739625635012                        0        0.142789427719784        0.142789427719784                        0
       558                        0        0.142739574757793                        0         0.14278430992516         0.14278430992516                        0
       567                        0        0.142739816455622                        0        0.142785879344069        0.142785879344069                        0
       576                        0        0.142739487520601                        0        0.142784688572783        0.142784688572783                        0
       585                        0        0.142739609459591                        0        0.142781274082586        0.142781274082586                        0
       594                        0        0.142739664229092                        0        0.142783089608077        0.142783089608077                        0
       603                        0        0.142739432139513                        0        0.142780487375023        0.142780487375023                        0
       612                        0        0.142739604592339                        0        0.142778936759733        0.142778936759733                        0
       621                        0        0.142739531450458                        0        0.142779991538748        0.142779991538748                        0
       630                        0        0.142739423203849                        0        0.142777040486446        0.142777040486446                        0
       639                        0        0.142739562993222                        0        0.142776878917234        0.142776878917234                        0
       648                        0        0.142739436510923                        0         0.14277681698145         0.14277681698145                        0
       657                        0        0.142739428577906                        0        0.142774328101042        0.142774328101042                        0
       666                        0        0.142739500548603                        0        0.142774829732004        0.142774829732004                        0
       675                        0        0.142739380492422                        0        0.142773818807863        0.142773818807863                        0
       684                        0         0.14273942813041                        0        0.142772179747857        0.142772179747857                        0
       693                        0        0.142739434879059                        0        0.142772693065984        0.142772693065984                        0
