#square and square, nu_xymn_1
#MM NN: 3 1
#quadrature order: 16
#numpanels            c*(gradu.n)^2                      BEM        0.5*(gradu)^2 ex.       Boundary Formula 1       Boundary Formula 2
        18                        0         0.30889750656963                        0        0.227500910431231        0.227500910431231                        0
        27                        0        0.302413054337463                        0        0.277457271141321        0.277457271141321                        0
        36                        0        0.302701878538275                        0        0.263943893148419        0.263943893148419                        0
        45                        0        0.314784438349662                        0        0.309916235765725        0.309916235765725                        0
        54                        0        0.293484103966979                        0        0.283592713538334        0.283592713538334                        0
        63                        0        0.312591680022383                        0        0.302054280321366        0.302054280321366                        0
        72                        0         0.30660474666209                        0        0.323344871080282        0.323344871080282                        0
        81                        0        0.307342049788077                        0        0.302502209834069        0.302502209834069                        0
        90                        0        0.313598629211618                        0        0.313841922250101        0.313841922250101                        0
        99                        0        0.308580635292125                        0        0.319353910937479        0.319353910937479                        0
       108                        0        0.311356298949225                        0        0.310069582705352        0.310069582705352                        0
       117                        0        0.313221426939111                        0         0.31742727238956         0.31742727238956                        0
       126                        0        0.310479439216164                        0        0.318638727067965        0.318638727067965                        0
       135                        0        0.312951384582234                        0        0.312623112425904        0.312623112425904                        0
       144                        0        0.312762344740566                        0        0.318978845590343        0.318978845590343                        0
       153                        0        0.311910679736365                        0        0.316646760761148        0.316646760761148                        0
       162                        0        0.313543354507018                        0        0.313778639024845        0.313778639024845                        0
       171                        0        0.312631346806683                        0        0.319257209299403        0.319257209299403                        0
       180                        0        0.312797813591137                        0        0.315043528991414        0.315043528991414                        0
       189                        0        0.313651486183815                        0        0.314697253418451        0.314697253418451                        0
       198                        0        0.312791442628159                        0        0.318506687861388        0.318506687861388                        0
       207                        0        0.313318717247053                        0        0.313966554608205        0.313966554608205                        0
       216                        0        0.313569161631715                        0        0.315571368279584        0.315571368279584                        0
       225                        0        0.313064705110997                        0        0.317091388182227        0.317091388182227                        0
       234                        0         0.31359356748523                        0        0.313509300231948        0.313509300231948                        0
       243                        0        0.313478067369888                        0        0.316179660448096        0.316179660448096                        0
       252                        0         0.31332218449099                        0        0.315602330419378        0.315602330419378                        0
       261                        0        0.313702979132497                        0        0.313590508973102        0.313590508973102                        0
       270                        0        0.313454242696855                        0        0.316290948014184        0.316290948014184                        0
       279                        0        0.313518143501243                        0        0.314430145410519        0.314430145410519                        0
       288                        0        0.313715700195238                        0        0.314003880481171        0.314003880481171                        0
       297                        0        0.313494281543549                        0        0.315897686007457        0.315897686007457                        0
       306                        0        0.313647359708036                        0        0.313726359563412        0.313726359563412                        0
       315                        0        0.313691259113141                        0        0.314484123025159        0.314484123025159                        0
       324                        0        0.313564664730584                        0        0.315211820468632        0.315211820468632                        0
       333                        0        0.313718318658685                        0        0.313473808882041        0.313473808882041                        0
       342                        0        0.313669892164664                        0        0.314803086051448        0.314803086051448                        0
       351                        0        0.313636746353488                        0        0.314498848615316        0.314498848615316                        0
       360                        0         0.31374598977277                        0        0.313553226765257        0.313553226765257                        0
       369                        0        0.313667711256134                        0        0.314852105313371        0.314852105313371                        0
       378                        0        0.313695341845148                        0         0.31394741252245         0.31394741252245                        0
       387                        0        0.313748493244565                        0        0.313798655200747        0.313798655200747                        0
       396                        0        0.313683020539992                        0        0.314659590931313        0.314659590931313                        0
       405                        0        0.313735268704087                        0         0.31363489835364         0.31363489835364                        0
       414                        0        0.313742322501274                        0        0.314050805553374        0.314050805553374                        0
       423                        0        0.313707153265658                        0         0.31433887164328         0.31433887164328                        0
       432                        0        0.313757440172722                        0        0.313547175643787        0.313547175643787                        0
       441                        0         0.31373819579394                        0        0.314201814554645        0.314201814554645                        0
       450                        0          0.3137319674814                        0        0.314014320125541        0.314014320125541                        0
       459                        0        0.313766346406883                        0        0.313614339801739        0.313614339801739                        0
       468                        0        0.313740096608498                        0        0.314215981665981        0.314215981665981                        0
       477                        0        0.313752422650669                        0         0.31377196517512         0.31377196517512                        0
       486                        0        0.313767831196468                        0        0.313747517498597        0.313747517498597                        0
       495                        0        0.313747265301193                        0        0.314119538953713        0.314119538953713                        0
       504                        0        0.313766532809795                        0        0.313644921191149        0.313644921191149                        0
       513                        0        0.313767030304449                        0        0.313869963657702        0.313869963657702                        0
       522                        0        0.313757017316589                        0        0.313970101559034        0.313970101559034                        0
       531                        0        0.313774583748637                        0        0.313621982946757        0.313621982946757                        0
       540                        0        0.313767115368593                        0        0.313936428406053        0.313936428406053                        0
       549                        0        0.313766732842491                        0        0.313825052363034        0.313825052363034                        0
       558                        0        0.313778204837908                        0        0.313666117667172        0.313666117667172                        0
       567                        0        0.313769171004819                        0        0.313937228058205        0.313937228058205                        0
       576                        0        0.313774714288804                        0        0.313721978148685        0.313721978148685                        0
       585                        0        0.313779436967803                        0        0.313734003214844        0.313734003214844                        0
       594                        0        0.313772858558051                        0        0.313889176893606        0.313889176893606                        0
       603                        0        0.313780309631795                        0         0.31367338300674         0.31367338300674                        0
       612                        0        0.313779989970135                        0        0.313791120194415        0.313791120194415                        0
       621                        0        0.313777254699331                        0        0.313820463964284        0.313820463964284                        0
       630                        0        0.313783689222734                        0        0.313671469386216        0.313671469386216                        0
       639                        0        0.313780870684609                        0         0.31381940787716         0.31381940787716                        0
       648                        0         0.31378146285714                        0         0.31375703345787         0.31375703345787                        0
       657                        0        0.313785489717526                        0        0.313697488216545        0.313697488216545                        0
       666                        0        0.313782390463915                        0        0.313817246501194        0.313817246501194                        0
       675                        0        0.313784908963428                        0        0.313714745888713        0.313714745888713                        0
       684                        0        0.313786457014726                        0         0.31373120232264         0.31373120232264                        0
       693                        0        0.313784399135669                        0        0.313794102488316        0.313794102488316                        0
