#square and square, nu_xymn_1
#MM NN: 4 2
#quadrature order: 16
#numpanels            c*(gradu.n)^2                      BEM        0.5*(gradu)^2 ex.       Boundary Formula 1       Boundary Formula 2
        18                        0       0.0583373675054097                        0        0.055469353579336        0.055469353579336                        0
        27                        0       0.0274710434345942                        0        0.118346010172351        0.118346010172351                        0
        36                        0        0.026507752785553                        0       0.0916843469492234       0.0916843469492234                        0
        45                        0       0.0437924663981729                        0        0.180832063237093        0.180832063237093                        0
        54                        0      -0.0057670615688283                        0       0.0810483822981081       0.0810483822981081                        0
        63                        0       0.0354812318900426                        0        0.085971095791259        0.085971095791259                        0
        72                        0       0.0199957148847716                        0        0.108068554520173        0.108068554520173                        0
        81                        0        0.023015619062499                        0       0.0514893800728628       0.0514893800728628                        0
        90                        0       0.0350314432773965                        0       0.0694724211942837       0.0694724211942837                        0
        99                        0       0.0242724057678357                        0       0.0694523062379109       0.0694523062379109                        0
       108                        0       0.0307182643693057                        0       0.0460311400859858       0.0460311400859858                        0
       117                        0       0.0336988768288593                        0       0.0578017042642925       0.0578017042642925                        0
       126                        0       0.0284011170419273                        0       0.0540017177776253       0.0540017177776253                        0
       135                        0       0.0335422508659961                        0       0.0413279417016677       0.0413279417016677                        0
       144                        0       0.0327094864133795                        0       0.0519963236747018       0.0519963236747018                        0
       153                        0       0.0313506451304679                        0         0.04427344328717         0.04427344328717                        0
       162                        0       0.0345107112808222                        0        0.039008845685156        0.039008845685156                        0
       171                        0       0.0325202887416063                        0       0.0481806585074342       0.0481806585074342                        0
       180                        0       0.0331021148414988                        0       0.0387112424782929       0.0387112424782929                        0
       189                        0        0.034627199946093                        0       0.0385336518093642       0.0385336518093642                        0
       198                        0       0.0329214849780957                        0       0.0446384881781668       0.0446384881781668                        0
       207                        0       0.0340880743297904                        0        0.035627495058291        0.035627495058291                        0
       216                        0       0.0344362666404461                        0       0.0390441862563941       0.0390441862563941                        0
       225                        0       0.0335146518232483                        0       0.0409944487234051       0.0409944487234051                        0
       234                        0       0.0345842804144943                        0       0.0343575932111037       0.0343575932111037                        0
       243                        0       0.0342663843070214                        0       0.0395535097042843       0.0395535097042843                        0
       252                        0       0.0340437605331095                        0       0.0378161510481126       0.0378161510481126                        0
       261                        0       0.0347661876439383                        0       0.0343662898509318       0.0343662898509318                        0
       270                        0       0.0342431377482269                        0       0.0393844159363426       0.0393844159363426                        0
       279                        0       0.0344301166558817                        0       0.0355305452195157       0.0355305452195157                        0
       288                        0        0.034773667215515                        0       0.0350893163795731       0.0350893163795731                        0
       297                        0       0.0343439749003945                        0        0.038432095820858        0.038432095820858                        0
       306                        0       0.0346748635098036                        0       0.0342549472625446       0.0342549472625446                        0
       315                        0        0.034721672712519                        0       0.0359520057802638       0.0359520057802638                        0
       324                        0       0.0344964409808501                        0       0.0370531701492007       0.0370531701492007                        0
       333                        0       0.0348029741334064                        0       0.0338679312286731       0.0338679312286731                        0
       342                        0       0.0346840946604262                        0       0.0365046759211217       0.0365046759211217                        0
       351                        0       0.0346439653648836                        0       0.0357101585547023       0.0357101585547023                        0
       360                        0       0.0348486198197089                        0       0.0340993015736682       0.0340993015736682                        0
       369                        0       0.0346871834130493                        0       0.0365512202587951       0.0365512202587951                        0
       378                        0       0.0347591166379007                        0       0.0347221876596586       0.0347221876596586                        0
       387                        0        0.034849097487937                        0        0.034616729345207        0.034616729345207                        0
       396                        0       0.0347238633681709                        0       0.0361605785875406       0.0361605785875406                        0
       405                        0       0.0348346311863276                        0        0.034204946352893        0.034204946352893                        0
       414                        0       0.0348363646868092                        0       0.0351176516547556       0.0351176516547556                        0
       423                        0       0.0347754649287489                        0       0.0355544960906108       0.0355544960906108                        0
       432                        0       0.0348746924388718                        0       0.0341102157044993       0.0341102157044993                        0
       441                        0        0.034829987706717                        0       0.0354074208561678       0.0354074208561678                        0
       450                        0       0.0348258965005741                        0       0.0349653527539942       0.0349653527539942                        0
       459                        0       0.0348895705688953                        0       0.0342934550008623       0.0342934550008623                        0
       468                        0       0.0348362186406385                        0       0.0354316536074655       0.0354316536074655                        0
       477                        0       0.0348659531276615                        0       0.0345468181366399       0.0345468181366399                        0
       486                        0       0.0348912539711543                        0       0.0345824742827961       0.0345824742827961                        0
       495                        0       0.0348524694310735                        0       0.0352507074825919       0.0352507074825919                        0
       504                        0       0.0348926452125174                        0       0.0343511480755987       0.0343511480755987                        0
       513                        0       0.0348896593551979                        0       0.0348344798756768       0.0348344798756768                        0
       522                        0       0.0348729759320681                        0       0.0349787214843505       0.0349787214843505                        0
       531                        0       0.0349073031489018                        0       0.0343487166085797       0.0343487166085797                        0
       540                        0       0.0348905228351867                        0       0.0349700001823094       0.0349700001823094                        0
       549                        0       0.0348925722166435                        0       0.0347240284830497       0.0347240284830497                        0
       558                        0       0.0349135907808565                        0       0.0344645467058978       0.0344645467058978                        0
       567                        0       0.0348954653138758                        0       0.0349775077012471       0.0349775077012471                        0
       576                        0       0.0349081640044983                        0       0.0345542422136846       0.0345542422136846                        0
       585                        0       0.0349156663054818                        0       0.0346154615157293       0.0346154615157293                        0
       594                        0       0.0349034688519615                        0       0.0348938704728589       0.0348938704728589                        0
       603                        0        0.034918784323795                        0       0.0344885895038354       0.0344885895038354                        0
       612                        0       0.0349168137412978                        0       0.0347378162175626       0.0347378162175626                        0
       621                        0        0.034912564887256                        0       0.0347747386448639       0.0347747386448639                        0
       630                        0       0.0349250298247866                        0       0.0345086615727985       0.0345086615727985                        0
       639                        0       0.0349188348137508                        0       0.0348005819946045       0.0348005819946045                        0
       648                        0       0.0349209950749801                        0       0.0346690694050283       0.0346690694050283                        0
       657                        0       0.0349283039461878                        0       0.0345769598591988       0.0345769598591988                        0
       666                        0       0.0349221653595017                        0       0.0348038804969769       0.0348038804969769                        0
       675                        0       0.0349277226907104                        0       0.0346052810918087       0.0346052810918087                        0
       684                        0       0.0349301148901233                        0       0.0346548909413743       0.0346548909413743                        0
       693                        0       0.0349263911822412                        0        0.034767867811146        0.034767867811146                        0
       702                        0       0.0349324772680841                        0       0.0345892549321687       0.0345892549321687                        0
       711                        0       0.0349316019698086                        0       0.0347150420505285       0.0347150420505285                        0
       720                        0       0.0349308042182633                        0       0.0347189001841342       0.0347189001841342                        0
