#square and square, nu_xymn_1
#MM NN: 0 0
#quadrature order: 16
#numpanels            c*(gradu.n)^2                      BEM        0.5*(gradu)^2 ex.       Boundary Formula 1       Boundary Formula 2
        28                        0        0.111092368017587                        0        0.111271580133649        0.111271580133649                        0
        56                        0        0.111603181471141                        0       0.0969693769444165       0.0969693769444165                        0
       112                        0        0.112815378659832                        0        0.101092320108663        0.101092320108663                        0
       224                        0        0.113278549085443                        0        0.103257823213769        0.103257823213769                        0
       448                        0        0.113469392954346                        0        0.105155150095778        0.105155150095778                        0
       896                        0        0.113546440712387                        0        0.106770807223764        0.106770807223764                        0
      1792                        0        0.113577235548815                        0        0.108111547355932        0.108111547355932                        0
      3584                        0        0.113589492253298                        0        0.109207426425437        0.109207426425437                        0
