#square and square, nu_xymn_2
#MM NN: 0 0
#quadrature order: 16
#numpanels            c*(gradu.n)^2                      BEM        0.5*(gradu)^2 ex.       Boundary Formula 1       Boundary Formula 2
        28                        0      -0.0555461840087932                        0      -0.0556357900668244      -0.0556357900668244                        0
        56                        0      -0.0558015907355706                        0      -0.0484846884722067      -0.0484846884722067                        0
       112                        0      -0.0564076893299162                        0      -0.0505461600543323      -0.0505461600543323                        0
       224                        0      -0.0566392745427216                        0      -0.0516289116068719      -0.0516289116068719                        0
       448                        0      -0.0567346964771728                        0      -0.0525775750478754      -0.0525775750478754                        0
       896                        0      -0.0567732203561938                        0      -0.0533854036118795      -0.0533854036118795                        0
      1792                        0      -0.0567886177744074                        0      -0.0540557736779993      -0.0540557736779993                        0
      3584                        0      -0.0567947461266491                        0      -0.0546037132127018      -0.0546037132127018                        0
      7168                        0      -0.0567971810652226                        0       -0.055047152063725       -0.055047152063725                        0
