#square and square, nu_xymn_1
#MM NN: 3 5
#quadrature order: 16
#numpanels            c*(gradu.n)^2                      BEM        0.5*(gradu)^2 ex.       Boundary Formula 1       Boundary Formula 2
        16                        0        0.156909014660663                        0       0.0816748103920497       0.0816748103920497                        0
        32                        0        0.182192308759823                        0        0.122276006145016        0.122276006145016                        0
        48                        0         0.18877450492102                        0        0.137616849235716        0.137616849235716                        0
        64                        0        0.191737097914737                        0        0.146151253683536        0.146151253683536                        0
        80                        0        0.193412726150498                        0        0.151699359631525        0.151699359631525                        0
        96                        0         0.19448351219403                        0        0.155649372096046        0.155649372096046                        0
       112                        0        0.195222627400384                        0        0.158636379192053        0.158636379192053                        0
       128                        0        0.195761092414554                        0        0.160994058456727        0.160994058456727                        0
       144                        0        0.196169411654017                        0        0.162915362113684        0.162915362113684                        0
       160                        0        0.196488780783896                        0        0.164520102121167        0.164520102121167                        0
       176                        0        0.196744820277126                        0        0.165886887315605        0.165886887315605                        0
       192                        0        0.196954266037082                        0        0.167069606389378        0.167069606389378                        0
       208                        0        0.197128493456962                        0        0.168106546883435        0.168106546883435                        0
       224                        0        0.197275492590589                        0        0.169025732068234        0.169025732068234                        0
       240                        0        0.197401032886468                        0         0.16984819307328         0.16984819307328                        0
       256                        0        0.197509379753546                        0        0.170590055136939        0.170590055136939                        0
       272                        0        0.197603751541259                        0         0.17126391290786         0.17126391290786                        0
       288                        0        0.197686620118473                        0        0.171879763576544        0.171879763576544                        0
       304                        0        0.197759913962829                        0        0.172445656106099        0.172445656106099                        0
       320                        0        0.197825158654444                        0        0.172968153033997        0.172968153033997                        0
       336                        0         0.19788357611707                        0        0.173452665453121        0.173452665453121                        0
       352                        0        0.197936156036264                        0        0.173903700288599        0.173903700288599                        0
       368                        0        0.197983708120566                        0         0.17432504572167         0.17432504572167                        0
       384                        0        0.198026900925049                        0           0.174719912218           0.174719912218                        0
       400                        0        0.198066291089466                        0        0.175091041179304        0.175091041179304                        0
       416                        0         0.19810234563372                        0        0.175440789639437        0.175440789639437                        0
       432                        0         0.19813545915424                        0        0.175771196996719        0.175771196996719                        0
       448                        0        0.198165967227201                        0        0.176084038116104        0.176084038116104                        0
       464                        0         0.19819415695666                        0         0.17638086596864         0.17638086596864                        0
       480                        0        0.198220275350315                        0        0.176663046159571        0.176663046159571                        0
       496                        0        0.198244536025667                        0        0.176931785106237        0.176931785106237                        0
       512                        0        0.198267124620962                        0        0.177188153201286        0.177188153201286                        0
       528                        0        0.198288203192568                        0        0.177433103981233        0.177433103981233                        0
       544                        0        0.198307913812778                        0        0.177667490091988        0.177667490091988                        0
       560                        0        0.198326381532055                        0        0.177892076662277        0.177892076662277                        0
       576                        0        0.198343716832382                        0         0.17810755257107         0.17810755257107                        0
       592                        0        0.198360017670575                        0        0.178314539987444        0.178314539987444                        0
       608                        0        0.198375371188988                        0        0.178513602489836        0.178513602489836                        0
       624                        0        0.198389855154842                        0        0.178705252006629        0.178705252006629                        0
       640                        0        0.198403539176985                        0        0.178889954775686        0.178889954775686                        0
       656                        0        0.198416485738974                        0         0.17906813648343         0.17906813648343                        0
       672                        0        0.198428751079979                        0         0.17924018671205         0.17924018671205                        0
       688                        0        0.198440385948922                        0        0.179406462804611        0.179406462804611                        0
       704                        0        0.198451436252488                        0        0.179567293234403        0.179567293234403                        0
       720                        0        0.198461943614038                        0        0.179722980552611        0.179722980552611                        0
       736                        0        0.198471945857304                        0        0.179873803975201        0.179873803975201                        0
       752                        0         0.19848147742636                        0        0.180020021661119        0.180020021661119                        0
       768                        0        0.198490569751434                        0        0.180161872722394        0.180161872722394                        0
       784                        0        0.198499251568483                        0        0.180299579005034        0.180299579005034                        0
       800                        0        0.198507549199212                        0        0.180433346669259        0.180433346669259                        0
       816                        0        0.198515486797056                        0        0.180563367596261        0.180563367596261                        0
       832                        0         0.19852308656391                        0        0.180689820643221        0.180689820643221                        0
       848                        0        0.198530368941487                        0        0.180812872765714        0.180812872765714                        0
       864                        0        0.198537352780756                        0        0.180932680023055        0.180932680023055                        0
       880                        0        0.198544055492298                        0        0.181049388483409        0.181049388483409                        0
       896                        0        0.198550493180004                        0        0.181163135035284        0.181163135035284                        0
       912                        0        0.198556680760271                        0        0.181274048122442        0.181274048122442                        0
       928                        0        0.198562632068448                        0        0.181382248406354        0.181382248406354                        0
