#square and square, nu_xymn_2
#MM NN: 5 2
#quadrature order: 16
#numpanels            c*(gradu.n)^2                      BEM        0.5*(gradu)^2 ex.       Boundary Formula 1       Boundary Formula 2
        16                        0        0.162256942444141                        0       0.0816748103920518       0.0816748103920518                        0
        32                        0        0.183989080921168                        0        0.122276006145016        0.122276006145016                        0
        48                        0        0.189743249645407                        0        0.137616849235713        0.137616849235713                        0
        64                        0         0.19236509241253                        0        0.146151253683531        0.146151253683531                        0
        80                        0        0.193863291563088                        0        0.151699359631534        0.151699359631534                        0
        96                        0        0.194828054304449                        0         0.15564937209611         0.15564937209611                        0
       112                        0        0.195497825673552                        0        0.158636379192032        0.158636379192032                        0
       128                        0        0.195987954653525                        0        0.160994058456736        0.160994058456736                        0
       144                        0        0.196360951108347                        0        0.162915362113659        0.162915362113659                        0
       160                        0         0.19665354971983                        0        0.164520102121187        0.164520102121187                        0
       176                        0        0.196888705075333                        0        0.165886887315584        0.165886887315584                        0
       192                        0        0.197081471328804                        0        0.167069606389444        0.167069606389444                        0
       208                        0        0.197242115414409                        0        0.168106546883446        0.168106546883446                        0
       224                        0        0.197377869832607                        0        0.169025732068199        0.169025732068199                        0
       240                        0        0.197493970290478                        0        0.169848193073261        0.169848193073261                        0
       256                        0        0.197594296258008                        0        0.170590055136916        0.170590055136916                        0
       272                        0        0.197681780703203                        0        0.171263912907881        0.171263912907881                        0
       288                        0        0.197758680315458                        0        0.171879763576534        0.171879763576534                        0
       304                        0        0.197826758520857                        0        0.172445656106164        0.172445656106164                        0
       320                        0        0.197887412361167                        0         0.17296815303396         0.17296815303396                        0
       336                        0        0.197941762292315                        0        0.173452665453049        0.173452665453049                        0
       352                        0         0.19799071692173                        0        0.173903700288629        0.173903700288629                        0
       368                        0        0.198035020457517                        0         0.17432504572172         0.17432504572172                        0
       384                        0        0.198075288009793                        0        0.174719912217917        0.174719912217917                        0
       400                        0        0.198112032212768                        0        0.175091041179393        0.175091041179393                        0
       416                        0        0.198145683551203                        0        0.175440789639414        0.175440789639414                        0
       432                        0        0.198176606056622                        0        0.175771196996732        0.175771196996732                        0
       448                        0        0.198205109554778                        0        0.176084038116087        0.176084038116087                        0
       464                        0         0.19823145931415                        0        0.176380865968561        0.176380865968561                        0
       480                        0        0.198255883714764                        0        0.176663046159473        0.176663046159473                        0
       496                        0        0.198278580393898                        0        0.176931785106268        0.176931785106268                        0
       512                        0         0.19829972120907                        0        0.177188153201194        0.177188153201194                        0
       528                        0        0.198319456274619                        0        0.177433103981289        0.177433103981289                        0
       544                        0        0.198337917266843                        0        0.177667490091943        0.177667490091943                        0
       560                        0        0.198355220147259                        0        0.177892076662376        0.177892076662376                        0
       576                        0         0.19837146741955                        0        0.178107552571087        0.178107552571087                        0
       592                        0        0.198386750010565                        0        0.178314539987457        0.178314539987457                        0
       608                        0        0.198401148846078                        0        0.178513602489896        0.178513602489896                        0
       624                        0        0.198414736177391                        0        0.178705252006632        0.178705252006632                        0
       640                        0        0.198427576703435                        0        0.178889954775789        0.178889954775789                        0
       656                        0        0.198439728523974                        0        0.179068136483393        0.179068136483393                        0
       672                        0        0.198451243952859                        0        0.179240186711981        0.179240186711981                        0
       688                        0         0.19846217021456                        0        0.179406462804603        0.179406462804603                        0
       704                        0        0.198472550043003                        0        0.179567293234451        0.179567293234451                        0
       720                        0         0.19848242219827                        0        0.179722980552502        0.179722980552502                        0
       736                        0        0.198491821913983                        0        0.179873803975194        0.179873803975194                        0
       752                        0        0.198500781285918                        0        0.180020021661072        0.180020021661072                        0
       768                        0        0.198509329610617                        0        0.180161872722367        0.180161872722367                        0
       784                        0        0.198517493681339                        0        0.180299579005013        0.180299579005013                        0
       800                        0        0.198525298047481                        0        0.180433346669243        0.180433346669243                        0
       816                        0        0.198532765242536                        0        0.180563367596262        0.180563367596262                        0
       832                        0         0.19853991598502                        0        0.180689820643216        0.180689820643216                        0
       848                        0        0.198546769355939                        0        0.180812872765467        0.180812872765467                        0
       864                        0        0.198553342955982                        0        0.180932680023141        0.180932680023141                        0
       880                        0        0.198559653045055                        0        0.181049388483279        0.181049388483279                        0
       896                        0        0.198565714666391                        0        0.181163135035202        0.181163135035202                        0
       912                        0        0.198571541757233                        0        0.181274048122433        0.181274048122433                        0
       928                        0        0.198577147247718                        0         0.18138224840642         0.18138224840642                        0
       944                        0        0.198582543149382                        0        0.181487849366566        0.181487849366566                        0
