#square and square, nu_xymn_2
#MM NN: 4 1
#quadrature order: 16
#numpanels            c*(gradu.n)^2                      BEM        0.5*(gradu)^2 ex.       Boundary Formula 1       Boundary Formula 2
        16                        0        0.177905327399813                        0       0.0978734792074841       0.0978734792074841                        0
        32                        0        0.200299641104502                        0        0.140078327978263        0.140078327978263                        0
        48                        0        0.205693590833346                        0        0.154734380220098        0.154734380220098                        0
        64                        0        0.208038474136827                        0          0.1627245190052          0.1627245190052                        0
        80                        0        0.209349217795382                        0        0.167899758988528        0.167899758988528                        0
        96                        0        0.210183178290217                        0        0.171588376919877        0.171588376919877                        0
       112                        0        0.210757825317976                        0        0.174385128998164        0.174385128998164                        0
       128                        0        0.211176220145099                        0        0.176599502290504        0.176599502290504                        0
       144                        0        0.211493470234054                        0        0.178409688492052        0.178409688492052                        0
       160                        0        0.211741659508777                        0           0.179926157681           0.179926157681                        0
       176                        0        0.211940700310211                        0        0.181221382353477        0.181221382353477                        0
       192                        0        0.212103584342435                        0        0.182345082083662        0.182345082083662                        0
       208                        0        0.212239136267534                        0         0.18333262636093         0.18333262636093                        0
       224                        0        0.212353552530751                        0        0.184209942242505        0.184209942242505                        0
       240                        0        0.212451306996264                        0         0.18499652034754         0.18499652034754                        0
       256                        0        0.212535707366151                        0        0.185707330908848        0.185707330908848                        0
       272                        0        0.212609249709842                        0        0.186354087156083        0.186354087156083                        0
       288                        0        0.212673851517992                        0        0.186946102991206        0.186946102991206                        0
       304                        0        0.212731009109069                        0        0.187490890195076        0.187490890195076                        0
       320                        0        0.212781906497206                        0        0.187994583629193        0.187994583629193                        0
       336                        0         0.21282749228613                        0        0.188462249998096        0.188462249998096                        0
       352                        0        0.212868535004649                        0         0.18889811603015         0.18889811603015                        0
       368                        0        0.212905663601193                        0        0.189305739784884        0.189305739784884                        0
       384                        0        0.212939397529169                        0        0.189688141102676        0.189688141102676                        0
       400                        0        0.212970169407371                        0        0.190047902228956        0.190047902228956                        0
       416                        0        0.212998342302351                        0        0.190387246346604        0.190387246346604                        0
       432                        0        0.213024223060593                        0        0.190708099530042        0.190708099530042                        0
       448                        0        0.213048072701873                        0        0.191012140100937        0.191012140100937                        0
       464                        0        0.213070114600313                        0        0.191300838308273        0.191300838308273                        0
       480                        0        0.213090540981905                        0        0.191575488496326        0.191575488496326                        0
       496                        0        0.213109518127924                        0        0.191837235386435        0.191837235386435                        0
       512                        0        0.213127190574254                        0           0.192087095705           0.192087095705                        0
       528                        0        0.213143684524826                        0          0.1923259761028          0.1923259761028                        0
       544                        0         0.21315911064499                        0        0.192554688092753        0.192554688092753                        0
       560                        0        0.213173566361905                        0        0.192773960578947        0.192773960578947                        0
       576                        0        0.213187137770139                        0        0.192984450419631        0.192984450419631                        0
       592                        0        0.213199901219102                        0        0.193186751382756        0.193186751382756                        0
       608                        0        0.213211924642342                        0         0.19338140177266         0.19338140177266                        0
       624                        0        0.213223268676199                        0        0.193568890956752        0.193568890956752                        0
       640                        0        0.213233987605661                        0        0.193749664975095        0.193749664975095                        0
       656                        0        0.213244130167572                        0        0.193924131380454        0.193924131380454                        0
       672                        0         0.21325374023568                        0        0.194092663432593        0.194092663432593                        0
       688                        0        0.213262857407184                        0        0.194255603744349        0.194255603744349                        0
       704                        0        0.213271517506851                        0        0.194413267463842        0.194413267463842                        0
       720                        0        0.213279753021876                        0        0.194565945060351        0.194565945060351                        0
       736                        0        0.213287593478294                        0        0.194713904771897        0.194713904771897                        0
       752                        0        0.213295065767861                        0        0.194857394760175        0.194857394760175                        0
       768                        0        0.213302194432812                        0        0.194996645016069        0.194996645016069                        0
       784                        0         0.21330900191468                        0        0.195131869046951        0.195131869046951                        0
       800                        0        0.213315508772346                        0        0.195263265376011        0.195263265376011                        0
       816                        0        0.213321733873616                        0        0.195391018877515        0.195391018877515                        0
       832                        0        0.213327694564037                        0        0.195515301968827        0.195515301968827                        0
       848                        0        0.213333406815972                        0        0.195636275677088        0.195636275677088                        0
       864                        0        0.213338885360621                        0        0.195754090596529        0.195754090596529                        0
       880                        0        0.213344143805194                        0        0.195868887746921        0.195868887746921                        0
       896                        0        0.213349194737102                        0        0.195980799350072        0.195980799350072                        0
       912                        0        0.213354049816867                        0        0.196089949527091        0.196089949527091                        0
       928                        0         0.21335871986112                        0         0.19619645493116         0.19619645493116                        0
       944                        0        0.213363214916858                        0        0.196300425319851        0.196300425319851                        0
