#square and square, nu_xymn_2
#MM NN: 3 1
#quadrature order: 16
#numpanels            c*(gradu.n)^2                      BEM        0.5*(gradu)^2 ex.       Boundary Formula 1       Boundary Formula 2
        16                        0        0.199635990839883                        0         0.12200111585191         0.12200111585191                        0
        32                        0        0.222452806084432                        0        0.164242432994622        0.164242432994622                        0
        48                        0        0.227420623790978                        0        0.177863599542194        0.177863599542194                        0
        64                        0        0.229471418872055                        0        0.185190612684206        0.185190612684206                        0
        80                        0        0.230588789155848                        0        0.189940547364834        0.189940547364834                        0
        96                        0        0.231289513510542                        0        0.193340309716814        0.193340309716814                        0
       112                        0        0.231767913440213                        0         0.19593064060592         0.19593064060592                        0
       128                        0        0.232114012675354                        0        0.197991355420396        0.197991355420396                        0
       144                        0        0.232375218530065                        0        0.199683363043725        0.199683363043725                        0
       160                        0        0.232578833170933                        0        0.201106504461795        0.201106504461795                        0
       176                        0         0.23274166438365                        0        0.202326404132038        0.202326404132038                        0
       192                        0        0.232874609926863                        0        0.203388193067305        0.203388193067305                        0
       208                        0         0.23298503548273                        0        0.204324062290704        0.204324062290704                        0
       224                        0        0.233078092228326                        0        0.205157673817492        0.205157673817492                        0
       240                        0        0.233157486944454                        0        0.205906864237376        0.205906864237376                        0
       256                        0        0.233225952509752                        0         0.20658537003313         0.20658537003313                        0
       272                        0        0.233285546278887                        0        0.207203966904075        0.207203966904075                        0
       288                        0        0.233337845448806                        0        0.207771244532734        0.207771244532734                        0
       304                        0         0.23338407856405                        0        0.208294147039377        0.208294147039377                        0
       320                        0        0.233425216204005                        0        0.208778358498401        0.208778358498401                        0
       336                        0        0.233462034871919                        0        0.209228583414389        0.209228583414389                        0
       352                        0        0.233495162868004                        0        0.209648754391684        0.209648754391684                        0
       368                        0        0.233525113792254                        0        0.210042188335301        0.210042188335301                        0
       384                        0        0.233552311390798                        0        0.210411705616452        0.210411705616452                        0
       400                        0        0.233577108240187                        0        0.210759722158324        0.210759722158324                        0
       416                        0         0.23359979997658                        0        0.211088321430881        0.211088321430881                        0
       432                        0        0.233620636258074                        0        0.211399311344724        0.211399311344724                        0
       448                        0        0.233639829300296                        0        0.211694269650614        0.211694269650614                        0
       464                        0        0.233657560587672                        0        0.211974580497736        0.211974580497736                        0
       480                        0        0.233673986198197                        0        0.212241464117027        0.212241464117027                        0
       496                        0        0.233689241063643                        0        0.212496001109511        0.212496001109511                        0
       512                        0        0.233703442404679                        0        0.212739152462988        0.212739152462988                        0
       528                        0        0.233716692520855                        0        0.212971776159831        0.212971776159831                        0
       544                        0        0.233729081072025                        0        0.213194641040213        0.213194641040213                        0
       560                        0        0.233740686955821                        0        0.213408438445375        0.213408438445375                        0
       576                        0        0.233751579861856                        0        0.213613792046228        0.213613792046228                        0
       592                        0        0.233761821565645                        0         0.21381126618671         0.21381126618671                        0
       608                        0        0.233771467011452                        0        0.214001372997501        0.214001372997501                        0
       624                        0         0.23378056522306                        0        0.214184578490829        0.214184578490829                        0
       640                        0        0.233789160073428                        0        0.214361307804727        0.214361307804727                        0
       656                        0        0.233797290937963                        0        0.214531949732741        0.214531949732741                        0
       672                        0        0.233804993251413                        0        0.214696860653487        0.214696860653487                        0
       688                        0        0.233812298984472                        0        0.214856367950002        0.214856367950002                        0
       704                        0        0.233819237053229                        0         0.21501077299705         0.21501077299705                        0
       720                        0        0.233825833672225                        0        0.215160353778878        0.215160353778878                        0
       736                        0        0.233832112659928                        0        0.215305367191252        0.215305367191252                        0
       752                        0        0.233838095703916                        0            0.21544605107            0.21544605107                        0
       768                        0        0.233843802591806                        0        0.215582625986426        0.215582625986426                        0
       784                        0        0.233849251412964                        0        0.215715296838407        0.215715296838407                        0
       800                        0        0.233854458735213                        0        0.215844254265436        0.215844254265436                        0
       816                        0        0.233859439760041                        0        0.215969675909812        0.215969675909812                        0
       832                        0        0.233864208459323                        0        0.216091727543435        0.216091727543435                        0
       848                        0         0.23386877769602                        0        0.216210564076858        0.216210564076858                        0
       864                        0        0.233873159331043                        0        0.216326330465606        0.216326330465606                        0
       880                        0        0.233877364318063                        0        0.216439162523357        0.216439162523357                        0
       896                        0        0.233881402787809                        0        0.216549187658205        0.216549187658205                        0
       912                        0        0.233885284123204                        0        0.216656525534042        0.216656525534042                        0
       928                        0        0.233889017026478                        0        0.216761288671299        0.216761288671299                        0
       944                        0        0.233892609579193                        0        0.216863582990599        0.216863582990599                        0
