#square and square, nu_xymn_1
#MM NN: 3 2
#quadrature order: 16
#numpanels            c*(gradu.n)^2                      BEM        0.5*(gradu)^2 ex.       Boundary Formula 1       Boundary Formula 2
        16                        0        0.228659179836723                        0        0.161759532716023        0.161759532716023                        0
        32                        0        0.254560197750054                        0        0.200956527165015        0.200956527165015                        0
        48                        0        0.259724829644401                        0        0.212875420635873        0.212875420635873                        0
        64                        0        0.261755439410252                        0         0.21931583987857         0.21931583987857                        0
        80                        0        0.262827148715454                        0        0.223542430535957        0.223542430535957                        0
        96                        0        0.263484696649221                        0        0.226602094646314        0.226602094646314                        0
       112                        0         0.26392648585641                        0         0.22895583999561         0.22895583999561                        0
       128                        0        0.264242190300431                        0        0.230843561855011        0.230843561855011                        0
       144                        0        0.264478132488087                        0        0.232404184268143        0.232404184268143                        0
       160                        0        0.264660582082264                        0        0.233724523408363        0.233724523408363                        0
       176                        0        0.264805508572997                        0        0.234862032089464        0.234862032089464                        0
       192                        0        0.264923157698721                        0        0.235856472802496        0.235856472802496                        0
       208                        0        0.265020392764325                        0         0.23673637372534         0.23673637372534                        0
       224                        0        0.265101976746952                        0        0.237522817624836        0.237522817624836                        0
       240                        0        0.265171314106936                        0         0.23823177562542         0.23823177562542                        0
       256                        0        0.265230899997155                        0        0.238875603656873        0.238875603656873                        0
       272                        0        0.265282602928646                        0         0.23946403517219         0.23946403517219                        0
       288                        0        0.265327848570149                        0        0.240004859164515        0.240004859164515                        0
       304                        0        0.265367742702026                        0        0.240504395087337        0.240504395087337                        0
       320                        0        0.265403155533265                        0        0.240967832951026        0.240967832951026                        0
       336                        0         0.26543478080201                        0         0.24139948166876         0.24139948166876                        0
       352                        0        0.265463178014559                        0        0.241802953581303        0.241802953581303                        0
       368                        0        0.265488803163514                        0        0.242181303708435        0.242181303708435                        0
       384                        0        0.265512031420244                        0        0.242537136316154        0.242537136316154                        0
       400                        0        0.265533174137995                        0        0.242872687511502        0.242872687511502                        0
       416                        0        0.265552491757504                        0        0.243189890000751        0.243189890000751                        0
       432                        0        0.265570203718713                        0        0.243490424398086        0.243490424398086                        0
       448                        0         0.26558649615589                        0        0.243775760275522        0.243775760275522                        0
       464                        0        0.265601527931628                        0        0.244047189296332        0.244047189296332                        0
       480                        0        0.265615435412006                        0         0.24430585218037         0.24430585218037                        0
       496                        0        0.265628336277905                        0        0.244552760816618        0.244552760816618                        0
       512                        0         0.26564033259119                        0        0.244788816525437        0.244788816525437                        0
       528                        0        0.265651513279706                        0        0.245014825239141        0.245014825239141                        0
       544                        0        0.265661956165175                        0        0.245231510201158        0.245231510201158                        0
       560                        0        0.265671729628812                        0        0.245439522647542        0.245439522647542                        0
       576                        0        0.265680893987628                        0        0.245639450843122        0.245639450843122                        0
       592                        0        0.265689502638225                        0        0.245831827761702        0.245831827761702                        0
       608                        0        0.265697603012434                        0        0.246017137647449        0.246017137647449                        0
       624                        0        0.265705237379786                        0        0.246195821644041        0.246195821644041                        0
       640                        0        0.265712443524635                        0        0.246368282645118        0.246368282645118                        0
       656                        0        0.265719255320048                        0        0.246534889491321        0.246534889491321                        0
       672                        0         0.26572570321633                        0        0.246695980614001        0.246695980614001                        0
       688                        0        0.265731814658575                        0        0.246851867212319        0.246851867212319                        0
       704                        0        0.265737614444902                        0        0.247002836031247        0.247002836031247                        0
       720                        0        0.265743125034978                        0        0.247149151799147        0.247149151799147                        0
       736                        0        0.265748366816641                        0         0.24729105937317         0.24729105937317                        0
       752                        0        0.265753358337082                        0        0.247428785634103        0.247428785634103                        0
       768                        0        0.265758116503948                        0         0.24756254116254         0.24756254116254                        0
       784                        0        0.265762656760807                        0        0.247692521728048        0.247692521728048                        0
       800                        0        0.265766993240706                        0        0.247818909613816        0.247818909613816                        0
       816                        0        0.265771138900909                        0         0.24794187479885         0.24794187479885                        0
       832                        0        0.265775105641468                        0        0.248061576015216        0.248061576015216                        0
       848                        0        0.265778904409812                        0        0.248178161695773        0.248178161695773                        0
       864                        0        0.265782545293242                        0        0.248291770824908        0.248291770824908                        0
       880                        0        0.265786037600943                        0        0.248402533706482        0.248402533706482                        0
       896                        0        0.265789389936821                        0        0.248510572653311        0.248510572653311                        0
       912                        0        0.265792610264384                        0        0.248616002613381        0.248616002613381                        0
       928                        0        0.265795705964634                        0        0.248718931735214        0.248718931735214                        0
