#square and square, nu_xymn_2
#MM NN: 4 5
#quadrature order: 16
#numpanels            c*(gradu.n)^2                      BEM        0.5*(gradu)^2 ex.       Boundary Formula 1       Boundary Formula 2
        16                        0        0.162002432888014                        0       0.0978734792074841       0.0978734792074841                        0
        32                        0         0.19470331878007                        0        0.140078327978263        0.140078327978263                        0
        48                        0        0.202636729608796                        0        0.154734380220098        0.154734380220098                        0
        64                        0        0.206049692908667                        0          0.1627245190052          0.1627245190052                        0
        80                        0        0.207921042920785                        0        0.167899758988528        0.167899758988528                        0
        96                        0        0.209091108550061                        0        0.171588376919877        0.171588376919877                        0
       112                        0        0.209885888016082                        0        0.174385128998164        0.174385128998164                        0
       128                        0         0.21045779981384                        0        0.176599502290504        0.176599502290504                        0
       144                        0        0.210887239395617                        0        0.178409688492052        0.178409688492052                        0
       160                        0        0.211220437431507                        0           0.179926157681           0.179926157681                        0
       176                        0        0.211485773159231                        0        0.181221382353477        0.181221382353477                        0
       192                        0        0.211701584259488                        0        0.182345082083662        0.182345082083662                        0
       208                        0        0.211880220684354                        0         0.18333262636093         0.18333262636093                        0
       224                        0        0.212030288700003                        0        0.184209942242505        0.184209942242505                        0
       240                        0          0.2121579601159                        0         0.18499652034754         0.18499652034754                        0
       256                        0        0.212267770305765                        0        0.185707330908848        0.185707330908848                        0
       272                        0        0.212363123005162                        0        0.186354087156083        0.186354087156083                        0
       288                        0        0.212446619955475                        0        0.186946102991206        0.186946102991206                        0
       304                        0        0.212520282201622                        0        0.187490890195076        0.187490890195076                        0
       320                        0        0.212585702298436                        0        0.187994583629193        0.187994583629193                        0
       336                        0        0.212644151263934                        0        0.188462249998096        0.188462249998096                        0
       352                        0        0.212696655181857                        0         0.18889811603015         0.18889811603015                        0
       368                        0        0.212744051013112                        0        0.189305739784884        0.189305739784884                        0
       384                        0        0.212787027891308                        0        0.189688141102676        0.189688141102676                        0
       400                        0        0.212826158108131                        0        0.190047902228956        0.190047902228956                        0
       416                        0        0.212861920660685                        0        0.190387246346604        0.190387246346604                        0
       432                        0        0.212894719355914                        0        0.190708099530042        0.190708099530042                        0
       448                        0        0.212924896879986                        0        0.191012140100937        0.191012140100937                        0
       464                        0        0.212952745840117                        0        0.191300838308273        0.191300838308273                        0
       480                        0        0.212978517509721                        0        0.191575488496326        0.191575488496326                        0
       496                        0        0.213002428813292                        0        0.191837235386435        0.191837235386435                        0
       512                        0        0.213024667949359                        0           0.192087095705           0.192087095705                        0
       528                        0        0.213045398950286                        0          0.1923259761028          0.1923259761028                        0
       544                        0        0.213064765405344                        0        0.192554688092753        0.192554688092753                        0
       560                        0        0.213082893520175                        0        0.192773960578947        0.192773960578947                        0
       576                        0        0.213099894645965                        0        0.192984450419631        0.192984450419631                        0
       592                        0        0.213115867382277                        0        0.193186751382756        0.193186751382756                        0
       608                        0          0.2131308993346                        0         0.19338140177266         0.19338140177266                        0
       624                        0        0.213145068590786                        0        0.193568890956752        0.193568890956752                        0
       640                        0        0.213158444967276                        0        0.193749664975095        0.193749664975095                        0
       656                        0         0.21317109106563                        0        0.193924131380454        0.193924131380454                        0
       672                        0        0.213183063172224                        0        0.194092663432593        0.194092663432593                        0
       688                        0        0.213194412027409                        0        0.194255603744349        0.194255603744349                        0
       704                        0        0.213205183485611                        0        0.194413267463842        0.194413267463842                        0
       720                        0        0.213215419083945                        0        0.194565945060351        0.194565945060351                        0
       736                        0        0.213225156533736                        0        0.194713904771897        0.194713904771897                        0
       752                        0        0.213234430146813                        0        0.194857394760175        0.194857394760175                        0
       768                        0        0.213243271206382                        0        0.194996645016069        0.194996645016069                        0
       784                        0        0.213251708290713                        0        0.195131869046951        0.195131869046951                        0
       800                        0        0.213259767556463                        0        0.195263265376011        0.195263265376011                        0
       816                        0        0.213267472987308                        0        0.195391018877515        0.195391018877515                        0
       832                        0        0.213274846612801                        0        0.195515301968827        0.195515301968827                        0
       848                        0        0.213281908701424                        0        0.195636275677088        0.195636275677088                        0
       864                        0        0.213288677931386                        0        0.195754090596529        0.195754090596529                        0
       880                        0        0.213295171542052                        0        0.195868887746921        0.195868887746921                        0
       896                        0         0.21330140546846                        0        0.195980799350072        0.195980799350072                        0
       912                        0        0.213307394461171                        0        0.196089949527091        0.196089949527091                        0
       928                        0        0.213313152193223                        0         0.19619645493116         0.19619645493116                        0
