#square and square, nu_xymn_1
#MM NN: 3 3
#quadrature order: 16
#numpanels            c*(gradu.n)^2                      BEM        0.5*(gradu)^2 ex.       Boundary Formula 1       Boundary Formula 2
        16                        0        0.193634463674838                        0        0.122001115851907        0.122001115851907                        0
        32                        0        0.220458304364928                        0        0.164242432994622        0.164242432994622                        0
        48                        0        0.226338467790947                        0        0.177863599542197        0.177863599542197                        0
        64                        0         0.22876776263287                        0        0.185190612684213        0.185190612684213                        0
        80                        0        0.230082990086286                        0        0.189940547364825        0.189940547364825                        0
        96                        0        0.230902235971651                        0        0.193340309716747        0.193340309716747                        0
       112                        0        0.231458290314048                        0        0.195930640605942        0.195930640605942                        0
       128                        0        0.231858590264129                        0        0.197991355420387        0.197991355420387                        0
       144                        0        0.232159445814865                        0        0.199683363043751        0.199683363043751                        0
       160                        0        0.232393135363719                        0        0.201106504461774        0.201106504461774                        0
       176                        0        0.232579444604936                        0        0.202326404132059        0.202326404132059                        0
       192                        0        0.232731152033031                        0        0.203388193067237        0.203388193067237                        0
       208                        0        0.232856864139522                        0        0.204324062290692        0.204324062290692                        0
       224                        0        0.232962580807116                        0        0.205157673817528        0.205157673817528                        0
       240                        0        0.233052607207615                        0        0.205906864237396        0.205906864237396                        0
       256                        0        0.233130109175878                        0        0.206585370033154        0.206585370033154                        0
       272                        0        0.233197464391028                        0        0.207203966904054        0.207203966904054                        0
       288                        0        0.233256491694774                        0        0.207771244532744        0.207771244532744                        0
       304                        0        0.233308605064069                        0        0.208294147039313        0.208294147039313                        0
       320                        0        0.233354919545401                        0        0.208778358498439        0.208778358498439                        0
       336                        0        0.233396325724287                        0        0.209228583414462        0.209228583414462                        0
       352                        0        0.233433543087907                        0        0.209648754391654        0.209648754391654                        0
       368                        0        0.233467158924799                        0         0.21004218833525         0.21004218833525                        0
       384                        0         0.23349765712316                        0        0.210411705616536        0.210411705616536                        0
       400                        0        0.233525439791454                        0        0.210759722158232        0.210759722158232                        0
       416                        0         0.23355084369844                        0        0.211088321430904        0.211088321430904                        0
       432                        0        0.233574152920435                        0        0.211399311344712        0.211399311344712                        0
       448                        0        0.233595608675399                        0        0.211694269650631        0.211694269650631                        0
       464                        0        0.233615417045228                        0        0.211974580497815        0.211974580497815                        0
       480                        0        0.233633755095189                        0        0.212241464117127        0.212241464117127                        0
       496                        0        0.233650775764282                        0         0.21249600110948         0.21249600110948                        0
       512                        0        0.233666611804145                        0         0.21273915246308         0.21273915246308                        0
       528                        0        0.233681378974874                        0        0.212971776159774        0.212971776159774                        0
       544                        0        0.233695178655712                        0         0.21319464104026         0.21319464104026                        0
       560                        0        0.233708099991458                        0        0.213408438445275        0.213408438445275                        0
       576                        0          0.2337202216677                        0        0.213613792046211        0.213613792046211                        0
       592                        0        0.233731613387462                        0        0.213811266186697        0.213811266186697                        0
       608                        0        0.233742337105964                        0        0.214001372997441        0.214001372997441                        0
       624                        0        0.233752448068324                        0        0.214184578490825        0.214184578490825                        0
       640                        0        0.233761995685826                        0        0.214361307804623        0.214361307804623                        0
       656                        0        0.233771024279139                        0        0.214531949732778        0.214531949732778                        0
       672                        0        0.233779573711433                        0        0.214696860653557        0.214696860653557                        0
       688                        0        0.233787679929865                        0        0.214856367950009        0.214856367950009                        0
       704                        0         0.23379537543045                        0        0.215010772997003        0.215010772997003                        0
       720                        0        0.233802689658669                        0        0.215160353778989        0.215160353778989                        0
       736                        0        0.233809649355867                        0        0.215305367191259        0.215305367191259                        0
       752                        0         0.23381627885979                        0        0.215446051070049        0.215446051070049                        0
       768                        0        0.233822600366155                        0        0.215582625986454        0.215582625986454                        0
       784                        0        0.233828634156994                        0        0.215715296838428        0.215715296838428                        0
       800                        0        0.233834398800594                        0        0.215844254265452        0.215844254265452                        0
       816                        0        0.233839911327015                        0        0.215969675909812        0.215969675909812                        0
       832                        0        0.233845187382632                        0        0.216091727543441        0.216091727543441                        0
       848                        0        0.233850241366501                        0        0.216210564077107        0.216210564077107                        0
       864                        0        0.233855086551026                        0        0.216326330465519        0.216326330465519                        0
       880                        0        0.233859735188982                        0        0.216439162523488        0.216439162523488                        0
       896                        0        0.233864198608617                        0        0.216549187658287        0.216549187658287                        0
       912                        0        0.233868487298395                        0        0.216656525534051        0.216656525534051                        0
       928                        0         0.23387261098264                        0        0.216761288671234        0.216761288671234                        0
