#square and square, nu_xymn_2
#MM NN: 1 4
#quadrature order: 16
#numpanels            c*(gradu.n)^2                      BEM        0.5*(gradu)^2 ex.       Boundary Formula 1       Boundary Formula 2
        16                        0        0.292199435169813                        0        0.239913433814481        0.239913433814481                        0
        32                        0        0.319871272916163                        0        0.273032718390664        0.273032718390664                        0
        48                        0         0.32444110889566                        0        0.281627157335077        0.281627157335077                        0
        64                        0        0.326038762704013                        0         0.28636443889144         0.28636443889144                        0
        80                        0        0.326819366698831                        0        0.289592991531204        0.289592991531204                        0
        96                        0        0.327273079106844                        0        0.292006590096007        0.292006590096007                        0
       112                        0        0.327565766621656                        0        0.293911973573897        0.293911973573897                        0
       128                        0        0.327768333922338                        0          0.2954723657703          0.2954723657703                        0
       144                        0        0.327915830503698                        0        0.296784660684883        0.296784660684883                        0
       160                        0        0.328027432787076                        0        0.297910852248706        0.297910852248706                        0
       176                        0        0.328114454574702                        0        0.298892855283476        0.298892855283476                        0
       192                        0        0.328183972228485                        0        0.299760241595487        0.299760241595487                        0
       208                        0        0.328240622939514                        0        0.300534595534849        0.300534595534849                        0
       224                        0        0.328287563511153                        0        0.301232115318237        0.301232115318237                        0
       240                        0        0.328327012278252                        0        0.301865242212323        0.301865242212323                        0
       256                        0        0.328360570550594                        0        0.302443721623659        0.302443721623659                        0
       272                        0        0.328389421179477                        0         0.30297531730716         0.30297531730716                        0
       288                        0        0.328414455544423                        0        0.303466305781966        0.303466305781966                        0
       304                        0        0.328436357231865                        0         0.30392182700204         0.30392182700204                        0
       320                        0        0.328455658636183                        0        0.304346138401669        0.304346138401669                        0
       336                        0        0.328472780137027                        0        0.304742802412921        0.304742802412921                        0
       352                        0        0.328488057776544                        0        0.305114827193554        0.305114827193554                        0
       368                        0        0.328501763172877                        0        0.305464773821824        0.305464773821824                        0
       384                        0         0.32851411808509                        0        0.305794839048218        0.305794839048218                        0
       400                        0        0.328525305225608                        0        0.306106919955849        0.306106919955849                        0
       416                        0        0.328535476396091                        0        0.306402665043118        0.306402665043118                        0
       432                        0        0.328544758685223                        0        0.306683514990574        0.306683514990574                        0
       448                        0         0.32855325924379                        0        0.306950735493622        0.306950735493622                        0
       464                        0        0.328561069001993                        0        0.307205443933814        0.307205443933814                        0
       480                        0        0.328568265591252                        0        0.307448631214155        0.307448631214155                        0
       496                        0        0.328574915661216                        0        0.307681179766311        0.307681179766311                        0
       512                        0        0.328581076732382                        0        0.307903878501477        0.307903878501477                        0
       528                        0        0.328586798688808                        0        0.308117435303155        0.308117435303155                        0
       544                        0        0.328592124989504                        0        0.308322487525202        0.308322487525202                        0
       560                        0        0.328597093658151                        0        0.308519610865836        0.308519610865836                        0
       576                        0        0.328601738096736                        0        0.308709326903814        0.308709326903814                        0
       592                        0         0.32860608775851                        0        0.308892109533581        0.308892109533581                        0
       608                        0        0.328610168707584                        0        0.309068390482238        0.309068390482238                        0
       624                        0        0.328614004086769                        0        0.309238564061601        0.309238564061601                        0
       640                        0        0.328617614510654                        0        0.309402991278017        0.309402991278017                        0
       656                        0        0.328621018397345                        0        0.309562003399372        0.309562003399372                        0
       672                        0        0.328624232249778                        0         0.30971590506423         0.30971590506423                        0
       688                        0        0.328627270895229                        0        0.309864976999248        0.309864976999248                        0
       704                        0         0.32863014769003                        0        0.310009478403599        0.310009478403599                        0
       720                        0        0.328632874695262                        0        0.310149649047081        0.310149649047081                        0
       736                        0        0.328635462828056                        0        0.310285711122668        0.310285711122668                        0
       752                        0        0.328637921992352                        0        0.310417870885001        0.310417870885001                        0
       768                        0        0.328640261192263                        0        0.310546320106239        0.310546320106239                        0
       784                        0        0.328642488630695                        0        0.310671237370668        0.310671237370668                        0
       800                        0        0.328644611795377                        0         0.31079278923011         0.31079278923011                        0
       816                        0        0.328646637534132                        0        0.310911131237139        0.310911131237139                        0
       832                        0        0.328648572120928                        0        0.311026408871151        0.311026408871151                        0
       848                        0        0.328650421313969                        0         0.31113875837024         0.31113875837024                        0
       864                        0        0.328652190406933                        0         0.31124830748076         0.31124830748076                        0
       880                        0        0.328653884274303                        0        0.311355176131457        0.311355176131457                        0
       896                        0         0.32865550741148                        0        0.311459477046145        0.311459477046145                        0
       912                        0         0.32865706397047                        0        0.311561316294984        0.311561316294984                        0
       928                        0        0.328658557791629                        0        0.311660793796922        0.311660793796922                        0
       944                        0        0.328659992431965                        0        0.311758003775431        0.311758003775431                        0
