#square and square, nu_xymn_2
#MM NN: 2 4
#quadrature order: 16
#numpanels            c*(gradu.n)^2                      BEM        0.5*(gradu)^2 ex.       Boundary Formula 1       Boundary Formula 2
        16                        0        0.223364942752588                        0        0.161759532716027        0.161759532716027                        0
        32                        0        0.252757477013337                        0        0.200956527165015        0.200956527165015                        0
        48                        0        0.258751037789187                        0        0.212875420635869        0.212875420635869                        0
        64                        0         0.26112402905083                        0        0.219315839878563        0.219315839878563                        0
        80                        0        0.262374221183404                        0        0.223542430535966        0.223542430535966                        0
        96                        0        0.263138453708149                        0        0.226602094646382        0.226602094646382                        0
       112                        0        0.263650017001774                        0        0.228955839995588        0.228955839995588                        0
       128                        0        0.264014349194651                        0        0.230843561855019        0.230843561855019                        0
       144                        0        0.264285819428232                        0        0.232404184268117        0.232404184268117                        0
       160                        0        0.264495188641911                        0        0.233724523408385        0.233724523408385                        0
       176                        0        0.264661110551755                        0        0.234862032089442        0.234862032089442                        0
       192                        0        0.264795524183111                        0        0.235856472802565        0.235856472802565                        0
       208                        0        0.264906408812329                        0        0.236736373725352        0.236736373725352                        0
       224                        0        0.264999290012868                        0          0.2375228176248          0.2375228176248                        0
       240                        0        0.265078109463835                        0          0.2382317756254          0.2382317756254                        0
       256                        0        0.265145750712353                        0        0.238875603656848        0.238875603656848                        0
       272                        0        0.265204369421302                        0        0.239464035172212        0.239464035172212                        0
       288                        0        0.265255607739565                        0        0.240004859164505        0.240004859164505                        0
       304                        0        0.265300737470746                        0        0.240504395087402        0.240504395087402                        0
       320                        0        0.265340758099128                        0        0.240967832950988        0.240967832950988                        0
       336                        0        0.265376465397216                        0        0.241399481668686        0.241399481668686                        0
       352                        0        0.265408500390389                        0        0.241802953581333        0.241802953581333                        0
       368                        0        0.265437384918781                        0        0.242181303708486        0.242181303708486                        0
       384                        0        0.265463547874759                        0         0.24253713631607         0.24253713631607                        0
       400                        0        0.265487344838721                        0        0.242872687511594        0.242872687511594                        0
       416                        0        0.265509072966026                        0        0.243189890000728        0.243189890000728                        0
       432                        0         0.26552898240804                        0        0.243490424398098        0.243490424398098                        0
       448                        0         0.26554728516998                        0        0.243775760275505        0.243775760275505                        0
       464                        0        0.265564162049828                        0        0.244047189296253        0.244047189296253                        0
       480                        0        0.265579768124551                        0         0.24430585218027         0.24430585218027                        0
       496                        0        0.265594237125031                        0         0.24455276081665         0.24455276081665                        0
       512                        0        0.265607684952719                        0        0.244788816525344        0.244788816525344                        0
       528                        0        0.265620212527387                        0        0.245014825239198        0.245014825239198                        0
       544                        0        0.265631908109271                        0        0.245231510201111        0.245231510201111                        0
       560                        0        0.265642849204944                        0        0.245439522647642        0.245439522647642                        0
       576                        0        0.265653104141012                        0         0.24563945084314         0.24563945084314                        0
       592                        0        0.265662733371082                        0        0.245831827761715        0.245831827761715                        0
       608                        0        0.265671790566992                        0        0.246017137647509        0.246017137647509                        0
       624                        0        0.265680323534578                        0        0.246195821644045        0.246195821644045                        0
       640                        0         0.26568837498593                        0        0.246368282645223        0.246368282645223                        0
       656                        0        0.265695983193499                        0        0.246534889491283        0.246534889491283                        0
       672                        0        0.265703182546632                        0        0.246695980613931        0.246695980613931                        0
       688                        0        0.265710004026961                        0        0.246851867212312        0.246851867212312                        0
       704                        0        0.265716475616066                        0        0.247002836031295        0.247002836031295                        0
       720                        0        0.265722622646374                        0        0.247149151799036        0.247149151799036                        0
       736                        0        0.265728468104258                        0        0.247291059373163        0.247291059373163                        0
       752                        0        0.265734032892733                        0        0.247428785634055        0.247428785634055                        0
       768                        0        0.265739336059845                        0        0.247562541162511        0.247562541162511                        0
       784                        0        0.265744394997871                        0        0.247692521728028        0.247692521728028                        0
       800                        0        0.265749225617569                        0        0.247818909613799        0.247818909613799                        0
       816                        0        0.265753842501003                        0         0.24794187479885         0.24794187479885                        0
       832                        0        0.265758259035989                        0         0.24806157601521         0.24806157601521                        0
       848                        0        0.265762487534612                        0        0.248178161695522        0.248178161695522                        0
       864                        0        0.265766539338034                        0        0.248291770824995        0.248291770824995                        0
       880                        0        0.265770424909365                        0        0.248402533706351        0.248402533706351                        0
       896                        0        0.265774153916117                        0        0.248510572653228        0.248510572653228                        0
       912                        0        0.265777735303626                        0        0.248616002613372        0.248616002613372                        0
       928                        0        0.265781177360559                        0         0.24871893173528         0.24871893173528                        0
       944                        0        0.265784487777422                        0        0.248819461881359        0.248819461881359                        0
