#square and square, nu_xymn_1
#MM NN: 2 5
#quadrature order: 16
#numpanels            c*(gradu.n)^2                      BEM        0.5*(gradu)^2 ex.       Boundary Formula 1       Boundary Formula 2
        16                        0        0.162256942444142                        0       0.0816748103920497       0.0816748103920497                        0
        32                        0        0.183989080921167                        0        0.122276006145016        0.122276006145016                        0
        48                        0        0.189743249645406                        0        0.137616849235716        0.137616849235716                        0
        64                        0         0.19236509241253                        0        0.146151253683536        0.146151253683536                        0
        80                        0        0.193863291563087                        0        0.151699359631525        0.151699359631525                        0
        96                        0        0.194828054304449                        0        0.155649372096046        0.155649372096046                        0
       112                        0        0.195497825673552                        0        0.158636379192053        0.158636379192053                        0
       128                        0        0.195987954653524                        0        0.160994058456727        0.160994058456727                        0
       144                        0        0.196360951108347                        0        0.162915362113684        0.162915362113684                        0
       160                        0        0.196653549719829                        0        0.164520102121167        0.164520102121167                        0
       176                        0        0.196888705075334                        0        0.165886887315605        0.165886887315605                        0
       192                        0        0.197081471328803                        0        0.167069606389378        0.167069606389378                        0
       208                        0        0.197242115414408                        0        0.168106546883435        0.168106546883435                        0
       224                        0        0.197377869832607                        0        0.169025732068234        0.169025732068234                        0
       240                        0        0.197493970290478                        0         0.16984819307328         0.16984819307328                        0
       256                        0        0.197594296258008                        0        0.170590055136939        0.170590055136939                        0
       272                        0        0.197681780703203                        0         0.17126391290786         0.17126391290786                        0
       288                        0        0.197758680315457                        0        0.171879763576544        0.171879763576544                        0
       304                        0        0.197826758520858                        0        0.172445656106099        0.172445656106099                        0
       320                        0        0.197887412361168                        0        0.172968153033997        0.172968153033997                        0
       336                        0        0.197941762292314                        0        0.173452665453121        0.173452665453121                        0
       352                        0        0.197990716921729                        0        0.173903700288599        0.173903700288599                        0
       368                        0        0.198035020457517                        0         0.17432504572167         0.17432504572167                        0
       384                        0        0.198075288009792                        0           0.174719912218           0.174719912218                        0
       400                        0        0.198112032212767                        0        0.175091041179304        0.175091041179304                        0
       416                        0        0.198145683551202                        0        0.175440789639437        0.175440789639437                        0
       432                        0        0.198176606056622                        0        0.175771196996719        0.175771196996719                        0
       448                        0        0.198205109554778                        0        0.176084038116104        0.176084038116104                        0
       464                        0        0.198231459314151                        0         0.17638086596864         0.17638086596864                        0
       480                        0        0.198255883714764                        0        0.176663046159571        0.176663046159571                        0
       496                        0        0.198278580393898                        0        0.176931785106237        0.176931785106237                        0
       512                        0        0.198299721209069                        0        0.177188153201286        0.177188153201286                        0
       528                        0        0.198319456274618                        0        0.177433103981233        0.177433103981233                        0
       544                        0        0.198337917266844                        0        0.177667490091988        0.177667490091988                        0
       560                        0        0.198355220147259                        0        0.177892076662277        0.177892076662277                        0
       576                        0        0.198371467419551                        0         0.17810755257107         0.17810755257107                        0
       592                        0        0.198386750010565                        0        0.178314539987444        0.178314539987444                        0
       608                        0        0.198401148846077                        0        0.178513602489836        0.178513602489836                        0
       624                        0        0.198414736177392                        0        0.178705252006629        0.178705252006629                        0
       640                        0        0.198427576703435                        0        0.178889954775686        0.178889954775686                        0
       656                        0        0.198439728523975                        0         0.17906813648343         0.17906813648343                        0
       672                        0        0.198451243952859                        0         0.17924018671205         0.17924018671205                        0
       688                        0        0.198462170214562                        0        0.179406462804611        0.179406462804611                        0
       704                        0        0.198472550043004                        0        0.179567293234403        0.179567293234403                        0
       720                        0         0.19848242219827                        0        0.179722980552611        0.179722980552611                        0
       736                        0        0.198491821913985                        0        0.179873803975201        0.179873803975201                        0
       752                        0        0.198500781285918                        0        0.180020021661119        0.180020021661119                        0
       768                        0        0.198509329610615                        0        0.180161872722394        0.180161872722394                        0
       784                        0        0.198517493681338                        0        0.180299579005034        0.180299579005034                        0
       800                        0        0.198525298047481                        0        0.180433346669259        0.180433346669259                        0
       816                        0        0.198532765242536                        0        0.180563367596261        0.180563367596261                        0
       832                        0         0.19853991598502                        0        0.180689820643221        0.180689820643221                        0
       848                        0        0.198546769355939                        0        0.180812872765714        0.180812872765714                        0
       864                        0        0.198553342955983                        0        0.180932680023055        0.180932680023055                        0
       880                        0        0.198559653045056                        0        0.181049388483409        0.181049388483409                        0
       896                        0         0.19856571466639                        0        0.181163135035284        0.181163135035284                        0
       912                        0        0.198571541757234                        0        0.181274048122442        0.181274048122442                        0
       928                        0         0.19857714724772                        0        0.181382248406354        0.181382248406354                        0
       944                        0        0.198582543149382                        0        0.181487849366498        0.181487849366498                        0
