#square and square, nu_xymn_2
#MM NN: 3 4
#quadrature order: 16
#numpanels            c*(gradu.n)^2                      BEM        0.5*(gradu)^2 ex.       Boundary Formula 1       Boundary Formula 2
        16                        0        0.188340226590703                        0         0.12200111585191         0.12200111585191                        0
        32                        0        0.218655583628211                        0        0.164242432994622        0.164242432994622                        0
        48                        0        0.225364675935733                        0        0.177863599542194        0.177863599542194                        0
        64                        0        0.228136352273449                        0        0.185190612684206        0.185190612684206                        0
        80                        0        0.229630062554235                        0        0.189940547364834        0.189940547364834                        0
        96                        0        0.230555993030579                        0        0.193340309716814        0.193340309716814                        0
       112                        0        0.231181821459412                        0         0.19593064060592         0.19593064060592                        0
       128                        0         0.23163074915835                        0        0.197991355420396        0.197991355420396                        0
       144                        0        0.231967132755011                        0        0.199683363043725        0.199683363043725                        0
       160                        0        0.232227741923367                        0        0.201106504461795        0.201106504461795                        0
       176                        0        0.232435046583694                        0        0.202326404132038        0.202326404132038                        0
       192                        0        0.232603518517422                        0        0.203388193067305        0.203388193067305                        0
       208                        0        0.232742880187527                        0        0.204324062290704        0.204324062290704                        0
       224                        0        0.232859894073033                        0        0.205157673817492        0.205157673817492                        0
       240                        0        0.232959402564514                        0        0.205906864237376        0.205906864237376                        0
       256                        0        0.233044959891076                        0         0.20658537003313         0.20658537003313                        0
       272                        0        0.233119230883684                        0        0.207203966904075        0.207203966904075                        0
       288                        0        0.233184250864189                        0        0.207771244532734        0.207771244532734                        0
       304                        0        0.233241599832789                        0        0.208294147039377        0.208294147039377                        0
       320                        0        0.233292522111264                        0        0.208778358498401        0.208778358498401                        0
       336                        0        0.233338010319493                        0        0.209228583414389        0.209228583414389                        0
       352                        0        0.233378865463737                        0        0.209648754391684        0.209648754391684                        0
       368                        0        0.233415740680066                        0        0.210042188335301        0.210042188335301                        0
       384                        0        0.233449173577676                        0        0.210411705616452        0.210411705616452                        0
       400                        0         0.23347961049218                        0        0.210759722158324        0.210759722158324                        0
       416                        0        0.233507424906961                        0        0.211088321430881        0.211088321430881                        0
       432                        0        0.233532931609762                        0        0.211399311344724        0.211399311344724                        0
       448                        0        0.233556397689489                        0        0.211694269650614        0.211694269650614                        0
       464                        0        0.233578051163429                        0        0.211974580497736        0.211974580497736                        0
       480                        0        0.233598087807734                        0        0.212241464117027        0.212241464117027                        0
       496                        0        0.233616676611408                        0        0.212496001109511        0.212496001109511                        0
       512                        0        0.233633964165674                        0        0.212739152462988        0.212739152462988                        0
       528                        0        0.233650078222555                        0        0.212971776159831        0.212971776159831                        0
       544                        0        0.233665130599808                        0        0.213194641040213        0.213194641040213                        0
       560                        0         0.23367921956759                        0        0.213408438445375        0.213408438445375                        0
       576                        0        0.233692431821084                        0        0.213613792046228        0.213613792046228                        0
       592                        0        0.233704844120319                        0         0.21381126618671         0.21381126618671                        0
       608                        0        0.233716524660522                        0        0.214001372997501        0.214001372997501                        0
       624                        0        0.233727534223115                        0        0.214184578490829        0.214184578490829                        0
       640                        0         0.23373792714712                        0        0.214361307804727        0.214361307804727                        0
       656                        0         0.23374775215259                        0        0.214531949732741        0.214531949732741                        0
       672                        0        0.233757053041735                        0        0.214696860653487        0.214696860653487                        0
       688                        0        0.233765869298251                        0        0.214856367950002        0.214856367950002                        0
       704                        0        0.233774236601614                        0         0.21501077299705         0.21501077299705                        0
       720                        0        0.233782187270064                        0        0.215160353778878        0.215160353778878                        0
       736                        0        0.233789750643483                        0        0.215305367191252        0.215305367191252                        0
       752                        0        0.233796953415441                        0            0.21544605107            0.21544605107                        0
       768                        0        0.233803819922053                        0        0.215582625986426        0.215582625986426                        0
       784                        0        0.233810372394058                        0        0.215715296838407        0.215715296838407                        0
       800                        0        0.233816631177456                        0        0.215844254265436        0.215844254265436                        0
       816                        0        0.233822614927109                        0        0.215969675909812        0.215969675909812                        0
       832                        0        0.233828340777152                        0        0.216091727543435        0.216091727543435                        0
       848                        0        0.233833824491301                        0        0.216210564076858        0.216210564076858                        0
       864                        0        0.233839080595817                        0        0.216326330465606        0.216326330465606                        0
       880                        0        0.233844122497404                        0        0.216439162523357        0.216439162523357                        0
       896                        0        0.233848962587912                        0        0.216549187658205        0.216549187658205                        0
       912                        0        0.233853612337637                        0        0.216656525534042        0.216656525534042                        0
