#square and square, nu_xymn_2
#MM NN: 1 5
#quadrature order: 16
#numpanels            c*(gradu.n)^2                      BEM        0.5*(gradu)^2 ex.       Boundary Formula 1       Boundary Formula 2
        16                        0        0.287592304907193                        0        0.239913433814481        0.239913433814481                        0
        32                        0        0.318072173047951                        0        0.273032718390664        0.273032718390664                        0
        48                        0        0.323440195526355                        0        0.281627157335077        0.281627157335077                        0
        64                        0        0.325385048074459                        0         0.28636443889144         0.28636443889144                        0
        80                        0        0.326349918425847                        0        0.289592991531204        0.289592991531204                        0
        96                        0        0.326914529846651                        0        0.292006590096007        0.292006590096007                        0
       112                        0        0.327279921300563                        0        0.293911973573897        0.293911973573897                        0
       128                        0        0.327533177108083                        0          0.2954723657703          0.2954723657703                        0
       144                        0        0.327717685440315                        0        0.296784660684883        0.296784660684883                        0
       160                        0        0.327857301957373                        0        0.297910852248706        0.297910852248706                        0
       176                        0        0.327966145223677                        0        0.298892855283476        0.298892855283476                        0
       192                        0        0.328053063554979                        0        0.299760241595487        0.299760241595487                        0
       208                        0        0.328123862651537                        0        0.300534595534849        0.300534595534849                        0
       224                        0        0.328182497835697                        0        0.301232115318237        0.301232115318237                        0
       240                        0        0.328231749777828                        0        0.301865242212323        0.301865242212323                        0
       256                        0        0.328273626108884                        0        0.302443721623659        0.302443721623659                        0
       272                        0            0.32830960987                        0         0.30297531730716         0.30297531730716                        0
       288                        0        0.328340818566523                        0        0.303466305781966        0.303466305781966                        0
       304                        0        0.328368109055679                        0         0.30392182700204         0.30392182700204                        0
       320                        0        0.328392148530154                        0        0.304346138401669        0.304346138401669                        0
       336                        0        0.328413463667256                        0        0.304742802412921        0.304742802412921                        0
       352                        0        0.328432475358019                        0        0.305114827193554        0.305114827193554                        0
       368                        0        0.328449523696985                        0        0.305464773821824        0.305464773821824                        0
       384                        0        0.328464886260351                        0        0.305794839048218        0.305794839048218                        0
       400                        0        0.328478791674376                        0        0.306106919955849        0.306106919955849                        0
       416                        0        0.328491429824044                        0        0.306402665043118        0.306402665043118                        0
       432                        0        0.328502959628857                        0        0.306683514990574        0.306683514990574                        0
       448                        0         0.32851351503271                        0        0.306950735493622        0.306950735493622                        0
       464                        0        0.328523209666041                        0        0.307205443933814        0.307205443933814                        0
       480                        0        0.328532140509532                        0        0.307448631214155        0.307448631214155                        0
       496                        0        0.328540390798819                        0        0.307681179766311        0.307681179766311                        0
       512                        0        0.328548032346492                        0        0.307903878501477        0.307903878501477                        0
       528                        0        0.328555127412567                        0        0.308117435303155        0.308117435303155                        0
       544                        0        0.328561730222075                        0        0.308322487525202        0.308322487525202                        0
       560                        0        0.328567888204651                        0        0.308519610865836        0.308519610865836                        0
       576                        0        0.328573643013335                        0        0.308709326903814        0.308709326903814                        0
       592                        0        0.328579031367011                        0        0.308892109533581        0.308892109533581                        0
       608                        0        0.328584085750773                        0        0.309068390482238        0.309068390482238                        0
       624                        0        0.328588835001301                        0        0.309238564061601        0.309238564061601                        0
       640                        0        0.328593304798577                        0        0.309402991278017        0.309402991278017                        0
       656                        0        0.328597518080777                        0        0.309562003399372        0.309562003399372                        0
       672                        0           0.328601495396                        0         0.30971590506423         0.30971590506423                        0
       688                        0        0.328605255201674                        0        0.309864976999248        0.309864976999248                        0
       704                        0        0.328608814120405                        0        0.310009478403599        0.310009478403599                        0
       720                        0        0.328612187159492                        0        0.310149649047081        0.310149649047081                        0
       736                        0        0.328615387899943                        0        0.310285711122668        0.310285711122668                        0
       752                        0        0.328618428659779                        0        0.310417870885001        0.310417870885001                        0
       768                        0        0.328621320635587                        0        0.310546320106239        0.310546320106239                        0
       784                        0        0.328624074025634                        0        0.310671237370668        0.310671237370668                        0
       800                        0        0.328626698137251                        0         0.31079278923011         0.31079278923011                        0
       816                        0        0.328629201480756                        0        0.310911131237139        0.310911131237139                        0
       832                        0        0.328631591851862                        0        0.311026408871151        0.311026408871151                        0
       848                        0        0.328633876404141                        0         0.31113875837024         0.31113875837024                        0
       864                        0        0.328636061712924                        0         0.31124830748076         0.31124830748076                        0
       880                        0         0.32863815383182                        0        0.311355176131457        0.311355176131457                        0
       896                        0        0.328640158342735                        0        0.311459477046145        0.311459477046145                        0
       912                        0         0.32864208040034                        0        0.311561316294984        0.311561316294984                        0
       928                        0        0.328643924771645                        0        0.311660793796922        0.311660793796922                        0
       944                        0        0.328645695871252                        0        0.311758003775431        0.311758003775431                        0
