#square and square, nu_xymn_1
#MM NN: 2 3
#quadrature order: 16
#numpanels            c*(gradu.n)^2                      BEM        0.5*(gradu)^2 ex.       Boundary Formula 1       Boundary Formula 2
        16                        0        0.198982391458317                        0        0.122001115851907        0.122001115851907                        0
        32                        0        0.222255076526272                        0        0.164242432994622        0.164242432994622                        0
        48                        0        0.227307212515332                        0        0.177863599542197        0.177863599542197                        0
        64                        0        0.229395757130663                        0        0.185190612684213        0.185190612684213                        0
        80                        0        0.230533555498876                        0        0.189940547364825        0.189940547364825                        0
        96                        0         0.23124677808207                        0        0.193340309716747        0.193340309716747                        0
       112                        0        0.231733488587216                        0        0.195930640605942        0.195930640605942                        0
       128                        0        0.232085452503099                        0        0.197991355420387        0.197991355420387                        0
       144                        0        0.232350985269196                        0        0.199683363043751        0.199683363043751                        0
       160                        0        0.232557904299653                        0        0.201106504461774        0.201106504461774                        0
       176                        0        0.232723329403144                        0        0.202326404132059        0.202326404132059                        0
       192                        0        0.232858357324753                        0        0.203388193067237        0.203388193067237                        0
       208                        0        0.232970486096968                        0        0.204324062290692        0.204324062290692                        0
       224                        0        0.233064958049133                        0        0.205157673817528        0.205157673817528                        0
       240                        0        0.233145544611625                        0        0.205906864237396        0.205906864237396                        0
       256                        0         0.23321502568034                        0        0.206585370033154        0.206585370033154                        0
       272                        0        0.233275493552972                        0        0.207203966904054        0.207203966904054                        0
       288                        0        0.233328551891758                        0        0.207771244532744        0.207771244532744                        0
       304                        0        0.233375449622099                        0        0.208294147039313        0.208294147039313                        0
       320                        0        0.233417173252125                        0        0.208778358498439        0.208778358498439                        0
       336                        0        0.233454511899531                        0        0.209228583414462        0.209228583414462                        0
       352                        0        0.233488103973373                        0        0.209648754391654        0.209648754391654                        0
       368                        0         0.23351847126175                        0         0.21004218833525         0.21004218833525                        0
       384                        0        0.233546044207903                        0        0.210411705616536        0.210411705616536                        0
       400                        0        0.233571180914754                        0        0.210759722158232        0.210759722158232                        0
       416                        0        0.233594181615921                        0        0.211088321430904        0.211088321430904                        0
       432                        0        0.233615299822817                        0        0.211399311344712        0.211399311344712                        0
       448                        0        0.233634751002976                        0        0.211694269650631        0.211694269650631                        0
       464                        0        0.233652719402719                        0        0.211974580497815        0.211974580497815                        0
       480                        0        0.233669363459638                        0        0.212241464117127        0.212241464117127                        0
       496                        0        0.233684820132513                        0         0.21249600110948         0.21249600110948                        0
       512                        0        0.233699208392253                        0         0.21273915246308         0.21273915246308                        0
       528                        0        0.233712632056924                        0        0.212971776159774        0.212971776159774                        0
       544                        0        0.233725182109778                        0         0.21319464104026         0.21319464104026                        0
       560                        0        0.233736938606662                        0        0.213408438445275        0.213408438445275                        0
       576                        0        0.233747972254869                        0        0.213613792046211        0.213613792046211                        0
       592                        0        0.233758345727452                        0        0.213811266186697        0.213811266186697                        0
       608                        0        0.233768114763053                        0        0.214001372997441        0.214001372997441                        0
       624                        0        0.233777329090874                        0        0.214184578490825        0.214184578490825                        0
       640                        0        0.233786033212276                        0        0.214361307804623        0.214361307804623                        0
       656                        0         0.23379426706414                        0        0.214531949732778        0.214531949732778                        0
       672                        0        0.233802066584313                        0        0.214696860653557        0.214696860653557                        0
       688                        0        0.233809464195505                        0        0.214856367950009        0.214856367950009                        0
       704                        0        0.233816489220966                        0        0.215010772997003        0.215010772997003                        0
       720                        0        0.233823168242901                        0        0.215160353778989        0.215160353778989                        0
       736                        0        0.233829525412548                        0        0.215305367191259        0.215305367191259                        0
       752                        0        0.233835582719349                        0        0.215446051070049        0.215446051070049                        0
       768                        0        0.233841360225336                        0        0.215582625986454        0.215582625986454                        0
       784                        0        0.233846876269849                        0        0.215715296838428        0.215715296838428                        0
       800                        0        0.233852147648863                        0        0.215844254265452        0.215844254265452                        0
       816                        0        0.233857189772495                        0        0.215969675909812        0.215969675909812                        0
       832                        0        0.233862016803742                        0        0.216091727543441        0.216091727543441                        0
       848                        0        0.233866641780953                        0        0.216210564077107        0.216210564077107                        0
       864                        0        0.233871076726253                        0        0.216326330465519        0.216326330465519                        0
       880                        0        0.233875332741739                        0        0.216439162523488        0.216439162523488                        0
       896                        0        0.233879420095002                        0        0.216549187658287        0.216549187658287                        0
       912                        0        0.233883348295358                        0        0.216656525534051        0.216656525534051                        0
       928                        0        0.233887126161913                        0        0.216761288671234        0.216761288671234                        0
