#square and square, nu_xymn_2
#MM NN: 4 4
#quadrature order: 16
#numpanels            c*(gradu.n)^2                      BEM        0.5*(gradu)^2 ex.       Boundary Formula 1       Boundary Formula 2
        16                        0        0.166609563150634                        0       0.0978734792074841       0.0978734792074841                        0
        32                        0        0.196502418648281                        0        0.140078327978263        0.140078327978263                        0
        48                        0          0.2036376429781                        0        0.154734380220098        0.154734380220098                        0
        64                        0        0.206703407538221                        0          0.1627245190052          0.1627245190052                        0
        80                        0         0.20839049119377                        0        0.167899758988528        0.167899758988528                        0
        96                        0        0.209449657810254                        0        0.171588376919877        0.171588376919877                        0
       112                        0        0.210171733337175                        0        0.174385128998164        0.174385128998164                        0
       128                        0        0.210692956628095                        0        0.176599502290504        0.176599502290504                        0
       144                        0           0.211085384459                        0        0.178409688492052        0.178409688492052                        0
       160                        0        0.211390568261211                        0           0.179926157681           0.179926157681                        0
       176                        0        0.211634082510256                        0        0.181221382353477        0.181221382353477                        0
       192                        0        0.211832492932994                        0        0.182345082083662        0.182345082083662                        0
       208                        0        0.211996980972331                        0         0.18333262636093         0.18333262636093                        0
       224                        0        0.212135354375458                        0        0.184209942242505        0.184209942242505                        0
       240                        0        0.212253222616323                        0         0.18499652034754         0.18499652034754                        0
       256                        0        0.212354714747475                        0        0.185707330908848        0.185707330908848                        0
       272                        0        0.212442934314639                        0        0.186354087156083        0.186354087156083                        0
       288                        0        0.212520256933375                        0        0.186946102991206        0.186946102991206                        0
       304                        0        0.212588530377808                        0        0.187490890195076        0.187490890195076                        0
       320                        0        0.212649212404465                        0        0.187994583629193        0.187994583629193                        0
       336                        0        0.212703467733705                        0        0.188462249998096        0.188462249998096                        0
       352                        0        0.212752237600382                        0         0.18889811603015         0.18889811603015                        0
       368                        0        0.212796290489004                        0        0.189305739784884        0.189305739784884                        0
       384                        0        0.212836259716047                        0        0.189688141102676        0.189688141102676                        0
       400                        0        0.212872671659363                        0        0.190047902228956        0.190047902228956                        0
       416                        0        0.212905967232732                        0        0.190387246346604        0.190387246346604                        0
       432                        0         0.21293651841228                        0        0.190708099530042        0.190708099530042                        0
       448                        0        0.212964641091065                        0        0.191012140100937        0.191012140100937                        0
       464                        0        0.212990605176069                        0        0.191300838308273        0.191300838308273                        0
       480                        0        0.213014642591442                        0        0.191575488496326        0.191575488496326                        0
       496                        0        0.213036953675689                        0        0.191837235386435        0.191837235386435                        0
       512                        0        0.213057712335249                        0           0.192087095705           0.192087095705                        0
       528                        0        0.213077070226527                        0          0.1923259761028          0.1923259761028                        0
       544                        0        0.213095160172772                        0        0.192554688092753        0.192554688092753                        0
       560                        0        0.213112098973674                        0        0.192773960578947        0.192773960578947                        0
       576                        0        0.213127989729367                        0        0.192984450419631        0.192984450419631                        0
       592                        0        0.213142923773776                        0        0.193186751382756        0.193186751382756                        0
       608                        0        0.213156982291411                        0         0.19338140177266         0.19338140177266                        0
       624                        0        0.213170237676255                        0        0.193568890956752        0.193568890956752                        0
       640                        0        0.213182754679353                        0        0.193749664975095        0.193749664975095                        0
       656                        0        0.213194591382199                        0        0.193924131380454        0.193924131380454                        0
       672                        0        0.213205800026002                        0        0.194092663432593        0.194092663432593                        0
       688                        0        0.213216427720963                        0        0.194255603744349        0.194255603744349                        0
       704                        0        0.213226517055236                        0        0.194413267463842        0.194413267463842                        0
       720                        0        0.213236106619715                        0        0.194565945060351        0.194565945060351                        0
       736                        0        0.213245231461849                        0        0.194713904771897        0.194713904771897                        0
       752                        0        0.213253923479386                        0        0.194857394760175        0.194857394760175                        0
       768                        0        0.213262211763058                        0        0.194996645016069        0.194996645016069                        0
       784                        0        0.213270122895774                        0        0.195131869046951        0.195131869046951                        0
       800                        0        0.213277681214589                        0        0.195263265376011        0.195263265376011                        0
       816                        0        0.213284909040684                        0        0.195391018877515        0.195391018877515                        0
       832                        0        0.213291826881866                        0        0.195515301968827        0.195515301968827                        0
       848                        0        0.213298453611252                        0        0.195636275677088        0.195636275677088                        0
       864                        0        0.213304806625396                        0        0.195754090596529        0.195754090596529                        0
       880                        0        0.213310901984535                        0        0.195868887746921        0.195868887746921                        0
       896                        0        0.213316754537205                        0        0.195980799350072        0.195980799350072                        0
       912                        0          0.2133223780313                        0        0.196089949527091        0.196089949527091                        0
