#square and square, nu_xymn_2
#MM NN: 2 1
#quadrature order: 16
#numpanels            c*(gradu.n)^2                      BEM        0.5*(gradu)^2 ex.       Boundary Formula 1       Boundary Formula 2
        16                        0        0.234660707001768                        0        0.161759532716027        0.161759532716027                        0
        32                        0        0.256554699469557                        0        0.200956527165015        0.200956527165015                        0
        48                        0        0.260806985644432                        0        0.212875420635869        0.212875420635869                        0
        64                        0        0.262459095649437                        0        0.219315839878563        0.219315839878563                        0
        80                        0        0.263332947785016                        0        0.223542430535966        0.223542430535966                        0
        96                        0        0.263871974188112                        0        0.226602094646382        0.226602094646382                        0
       112                        0        0.264236108982575                        0        0.228955839995588        0.228955839995588                        0
       128                        0        0.264497612711656                        0        0.230843561855019        0.230843561855019                        0
       144                        0        0.264693905203287                        0        0.232404184268117        0.232404184268117                        0
       160                        0        0.264846279889478                        0        0.233724523408385        0.233724523408385                        0
       176                        0         0.26496772835171                        0        0.234862032089442        0.234862032089442                        0
       192                        0        0.265066615592553                        0        0.235856472802565        0.235856472802565                        0
       208                        0        0.265148564107532                        0        0.236736373725352        0.236736373725352                        0
       224                        0         0.26521748816816                        0          0.2375228176248          0.2375228176248                        0
       240                        0        0.265276193843775                        0          0.2382317756254          0.2382317756254                        0
       256                        0         0.26532674333103                        0        0.238875603656848        0.238875603656848                        0
       272                        0        0.265370684816505                        0        0.239464035172212        0.239464035172212                        0
       288                        0        0.265409202324182                        0        0.240004859164505        0.240004859164505                        0
       304                        0        0.265443216202007                        0        0.240504395087402        0.240504395087402                        0
       320                        0        0.265473452191869                        0        0.240967832950988        0.240967832950988                        0
       336                        0        0.265500489949642                        0        0.241399481668686        0.241399481668686                        0
       352                        0        0.265524797794656                        0        0.241802953581333        0.241802953581333                        0
       368                        0        0.265546758030969                        0        0.242181303708486        0.242181303708486                        0
       384                        0        0.265566685687882                        0         0.24253713631607         0.24253713631607                        0
       400                        0        0.265584842586728                        0        0.242872687511594        0.242872687511594                        0
       416                        0        0.265601448035644                        0        0.243189890000728        0.243189890000728                        0
       432                        0        0.265616687056352                        0        0.243490424398098        0.243490424398098                        0
       448                        0        0.265630716780787                        0        0.243775760275505        0.243775760275505                        0
       464                        0        0.265643671474072                        0        0.244047189296253        0.244047189296253                        0
       480                        0        0.265655666515014                        0         0.24430585218027         0.24430585218027                        0
       496                        0        0.265666801577266                        0         0.24455276081665         0.24455276081665                        0
       512                        0        0.265677163191724                        0        0.244788816525344        0.244788816525344                        0
       528                        0        0.265686826825687                        0        0.245014825239198        0.245014825239198                        0
       544                        0        0.265695858581488                        0        0.245231510201111        0.245231510201111                        0
       560                        0        0.265704316593175                        0        0.245439522647642        0.245439522647642                        0
       576                        0        0.265712252181784                        0         0.24563945084314         0.24563945084314                        0
       592                        0        0.265719710816408                        0        0.245831827761715        0.245831827761715                        0
       608                        0        0.265726732917922                        0        0.246017137647509        0.246017137647509                        0
       624                        0        0.265733354534522                        0        0.246195821644045        0.246195821644045                        0
       640                        0        0.265739607912238                        0        0.246368282645223        0.246368282645223                        0
       656                        0        0.265745521978873                        0        0.246534889491283        0.246534889491283                        0
       672                        0         0.26575112275631                        0        0.246695980613931        0.246695980613931                        0
       688                        0        0.265756433713182                        0        0.246851867212312        0.246851867212312                        0
       704                        0        0.265761476067681                        0        0.247002836031295        0.247002836031295                        0
       720                        0        0.265766269048535                        0        0.247149151799036        0.247149151799036                        0
       736                        0        0.265770830120702                        0        0.247291059373163        0.247291059373163                        0
       752                        0        0.265775175181208                        0        0.247428785634055        0.247428785634055                        0
       768                        0        0.265779318729599                        0        0.247562541162511        0.247562541162511                        0
       784                        0        0.265783274016776                        0        0.247692521728028        0.247692521728028                        0
       800                        0        0.265787053175325                        0        0.247818909613799        0.247818909613799                        0
       816                        0        0.265790667333935                        0         0.24794187479885         0.24794187479885                        0
       832                        0        0.265794126718159                        0         0.24806157601521         0.24806157601521                        0
       848                        0        0.265797440739331                        0        0.248178161695522        0.248178161695522                        0
       864                        0        0.265800618073259                        0        0.248291770824995        0.248291770824995                        0
       880                        0        0.265803666730025                        0        0.248402533706351        0.248402533706351                        0
       896                        0        0.265806594116013                        0        0.248510572653228        0.248510572653228                        0
       912                        0        0.265809407089193                        0        0.248616002613372        0.248616002613372                        0
       928                        0        0.265812112008472                        0         0.24871893173528         0.24871893173528                        0
       944                        0        0.265814714777828                        0        0.248819461881359        0.248819461881359                        0
       960                        0        0.265817220885897                        0         0.24891768909426         0.24891768909426                        0
       976                        0        0.265819635441506                        0        0.249013704022024        0.249013704022024                        0
