#square and square, nu_xymn_1
#MM NN: 4 3
#quadrature order: 16
#numpanels            c*(gradu.n)^2                      BEM        0.5*(gradu)^2 ex.       Boundary Formula 1       Boundary Formula 2
        16                        0        0.188340226590703                        0        0.122001115851907        0.122001115851907                        0
        32                        0        0.218655583628211                        0        0.164242432994622        0.164242432994622                        0
        48                        0        0.225364675935732                        0        0.177863599542197        0.177863599542197                        0
        64                        0        0.228136352273448                        0        0.185190612684213        0.185190612684213                        0
        80                        0        0.229630062554235                        0        0.189940547364825        0.189940547364825                        0
        96                        0         0.23055599303058                        0        0.193340309716747        0.193340309716747                        0
       112                        0        0.231181821459412                        0        0.195930640605942        0.195930640605942                        0
       128                        0        0.231630749158348                        0        0.197991355420387        0.197991355420387                        0
       144                        0        0.231967132755011                        0        0.199683363043751        0.199683363043751                        0
       160                        0        0.232227741923367                        0        0.201106504461774        0.201106504461774                        0
       176                        0        0.232435046583694                        0        0.202326404132059        0.202326404132059                        0
       192                        0        0.232603518517421                        0        0.203388193067237        0.203388193067237                        0
       208                        0        0.232742880187526                        0        0.204324062290692        0.204324062290692                        0
       224                        0        0.232859894073033                        0        0.205157673817528        0.205157673817528                        0
       240                        0        0.232959402564514                        0        0.205906864237396        0.205906864237396                        0
       256                        0        0.233044959891076                        0        0.206585370033154        0.206585370033154                        0
       272                        0        0.233119230883683                        0        0.207203966904054        0.207203966904054                        0
       288                        0        0.233184250864188                        0        0.207771244532744        0.207771244532744                        0
       304                        0         0.23324159983279                        0        0.208294147039313        0.208294147039313                        0
       320                        0        0.233292522111265                        0        0.208778358498439        0.208778358498439                        0
       336                        0        0.233338010319492                        0        0.209228583414462        0.209228583414462                        0
       352                        0        0.233378865463737                        0        0.209648754391654        0.209648754391654                        0
       368                        0        0.233415740680065                        0         0.21004218833525         0.21004218833525                        0
       384                        0        0.233449173577675                        0        0.210411705616536        0.210411705616536                        0
       400                        0        0.233479610492179                        0        0.210759722158232        0.210759722158232                        0
       416                        0         0.23350742490696                        0        0.211088321430904        0.211088321430904                        0
       432                        0        0.233532931609762                        0        0.211399311344712        0.211399311344712                        0
       448                        0        0.233556397689488                        0        0.211694269650631        0.211694269650631                        0
       464                        0        0.233578051163429                        0        0.211974580497815        0.211974580497815                        0
       480                        0        0.233598087807734                        0        0.212241464117127        0.212241464117127                        0
       496                        0        0.233616676611408                        0         0.21249600110948         0.21249600110948                        0
       512                        0        0.233633964165673                        0         0.21273915246308         0.21273915246308                        0
       528                        0        0.233650078222554                        0        0.212971776159774        0.212971776159774                        0
       544                        0        0.233665130599809                        0         0.21319464104026         0.21319464104026                        0
       560                        0        0.233679219567591                        0        0.213408438445275        0.213408438445275                        0
       576                        0        0.233692431821085                        0        0.213613792046211        0.213613792046211                        0
       592                        0        0.233704844120318                        0        0.213811266186697        0.213811266186697                        0
       608                        0        0.233716524660521                        0        0.214001372997441        0.214001372997441                        0
       624                        0        0.233727534223117                        0        0.214184578490825        0.214184578490825                        0
       640                        0         0.23373792714712                        0        0.214361307804623        0.214361307804623                        0
       656                        0         0.23374775215259                        0        0.214531949732778        0.214531949732778                        0
       672                        0        0.233757053041736                        0        0.214696860653557        0.214696860653557                        0
       688                        0        0.233765869298253                        0        0.214856367950009        0.214856367950009                        0
       704                        0        0.233774236601616                        0        0.215010772997003        0.215010772997003                        0
       720                        0        0.233782187270065                        0        0.215160353778989        0.215160353778989                        0
       736                        0        0.233789750643485                        0        0.215305367191259        0.215305367191259                        0
       752                        0        0.233796953415441                        0        0.215446051070049        0.215446051070049                        0
       768                        0        0.233803819922051                        0        0.215582625986454        0.215582625986454                        0
       784                        0        0.233810372394057                        0        0.215715296838428        0.215715296838428                        0
       800                        0        0.233816631177456                        0        0.215844254265452        0.215844254265452                        0
       816                        0         0.23382261492711                        0        0.215969675909812        0.215969675909812                        0
       832                        0        0.233828340777152                        0        0.216091727543441        0.216091727543441                        0
       848                        0          0.2338338244913                        0        0.216210564077107        0.216210564077107                        0
       864                        0        0.233839080595818                        0        0.216326330465519        0.216326330465519                        0
       880                        0        0.233844122497404                        0        0.216439162523488        0.216439162523488                        0
       896                        0        0.233848962587911                        0        0.216549187658287        0.216549187658287                        0
       912                        0        0.233853612337638                        0        0.216656525534051        0.216656525534051                        0
       928                        0        0.233858082378567                        0        0.216761288671234        0.216761288671234                        0
