#square and square, nu_xymn_1
#MM NN: 4 4
#quadrature order: 16
#numpanels            c*(gradu.n)^2                      BEM        0.5*(gradu)^2 ex.       Boundary Formula 1       Boundary Formula 2
        16                        0        0.166609563150634                        0       0.0978734792074817       0.0978734792074817                        0
        32                        0        0.196502418648281                        0        0.140078327978262        0.140078327978262                        0
        48                        0          0.2036376429781                        0        0.154734380220101        0.154734380220101                        0
        64                        0         0.20670340753822                        0        0.162724519005206        0.162724519005206                        0
        80                        0         0.20839049119377                        0        0.167899758988519        0.167899758988519                        0
        96                        0        0.209449657810255                        0        0.171588376919811        0.171588376919811                        0
       112                        0        0.210171733337175                        0        0.174385128998185        0.174385128998185                        0
       128                        0        0.210692956628093                        0        0.176599502290495        0.176599502290495                        0
       144                        0        0.211085384459001                        0        0.178409688492077        0.178409688492077                        0
       160                        0         0.21139056826121                        0        0.179926157680979        0.179926157680979                        0
       176                        0        0.211634082510256                        0        0.181221382353497        0.181221382353497                        0
       192                        0        0.211832492932993                        0        0.182345082083595        0.182345082083595                        0
       208                        0         0.21199698097233                        0        0.183332626360919        0.183332626360919                        0
       224                        0        0.212135354375458                        0         0.18420994224254         0.18420994224254                        0
       240                        0        0.212253222616324                        0        0.184996520347559        0.184996520347559                        0
       256                        0        0.212354714747475                        0        0.185707330908871        0.185707330908871                        0
       272                        0        0.212442934314638                        0        0.186354087156062        0.186354087156062                        0
       288                        0        0.212520256933374                        0        0.186946102991215        0.186946102991215                        0
       304                        0        0.212588530377809                        0        0.187490890195011        0.187490890195011                        0
       320                        0        0.212649212404466                        0         0.18799458362923         0.18799458362923                        0
       336                        0        0.212703467733704                        0        0.188462249998168        0.188462249998168                        0
       352                        0        0.212752237600382                        0         0.18889811603012         0.18889811603012                        0
       368                        0        0.212796290489004                        0        0.189305739784834        0.189305739784834                        0
       384                        0        0.212836259716045                        0        0.189688141102759        0.189688141102759                        0
       400                        0        0.212872671659363                        0        0.190047902228865        0.190047902228865                        0
       416                        0        0.212905967232731                        0        0.190387246346627        0.190387246346627                        0
       432                        0         0.21293651841228                        0        0.190708099530029        0.190708099530029                        0
       448                        0        0.212964641091065                        0        0.191012140100954        0.191012140100954                        0
       464                        0         0.21299060517607                        0        0.191300838308352        0.191300838308352                        0
       480                        0        0.213014642591441                        0        0.191575488496425        0.191575488496425                        0
       496                        0        0.213036953675689                        0        0.191837235386404        0.191837235386404                        0
       512                        0        0.213057712335247                        0        0.192087095705092        0.192087095705092                        0
       528                        0        0.213077070226525                        0        0.192325976102744        0.192325976102744                        0
       544                        0        0.213095160172773                        0        0.192554688092799        0.192554688092799                        0
       560                        0        0.213112098973675                        0        0.192773960578847        0.192773960578847                        0
       576                        0        0.213127989729368                        0        0.192984450419613        0.192984450419613                        0
       592                        0        0.213142923773775                        0        0.193186751382743        0.193186751382743                        0
       608                        0         0.21315698229141                        0        0.193381401772599        0.193381401772599                        0
       624                        0        0.213170237676256                        0        0.193568890956749        0.193568890956749                        0
       640                        0        0.213182754679353                        0        0.193749664974991        0.193749664974991                        0
       656                        0        0.213194591382199                        0        0.193924131380491        0.193924131380491                        0
       672                        0        0.213205800026003                        0        0.194092663432662        0.194092663432662                        0
       688                        0        0.213216427720966                        0        0.194255603744357        0.194255603744357                        0
       704                        0        0.213226517055238                        0        0.194413267463795        0.194413267463795                        0
       720                        0        0.213236106619715                        0        0.194565945060461        0.194565945060461                        0
       736                        0        0.213245231461851                        0        0.194713904771904        0.194713904771904                        0
       752                        0        0.213253923479386                        0        0.194857394760223        0.194857394760223                        0
       768                        0        0.213262211763057                        0        0.194996645016097        0.194996645016097                        0
       784                        0        0.213270122895773                        0        0.195131869046971        0.195131869046971                        0
       800                        0        0.213277681214588                        0        0.195263265376028        0.195263265376028                        0
       816                        0        0.213284909040684                        0        0.195391018877514        0.195391018877514                        0
       832                        0        0.213291826881866                        0        0.195515301968833        0.195515301968833                        0
       848                        0        0.213298453611251                        0        0.195636275677336        0.195636275677336                        0
       864                        0        0.213304806625397                        0        0.195754090596443        0.195754090596443                        0
       880                        0        0.213310901984535                        0        0.195868887747052        0.195868887747052                        0
       896                        0        0.213316754537204                        0        0.195980799350154        0.195980799350154                        0
       912                        0        0.213322378031302                        0          0.1960899495271          0.1960899495271                        0
       928                        0        0.213327785213209                        0        0.196196454931094        0.196196454931094                        0
