#square and square, nu_xymn_2
#MM NN: 5 4
#quadrature order: 16
#numpanels            c*(gradu.n)^2                      BEM        0.5*(gradu)^2 ex.       Boundary Formula 1       Boundary Formula 2
        16                        0        0.151614777576528                        0       0.0816748103920518       0.0816748103920518                        0
        32                        0        0.180389588023106                        0        0.122276006145016        0.122276006145016                        0
        48                        0        0.187800713065807                        0        0.137616849235713        0.137616849235713                        0
        64                        0        0.191105687555315                        0        0.146151253683531        0.146151253683531                        0
        80                        0        0.192959798618447                        0        0.151699359631534        0.151699359631534                        0
        96                        0        0.194137269252958                        0         0.15564937209611         0.15564937209611                        0
       112                        0        0.194946158545748                        0        0.158636379192032        0.158636379192032                        0
       128                        0        0.195533251308774                        0        0.160994058456736        0.160994058456736                        0
       144                        0        0.195977098594162                        0        0.162915362113659        0.162915362113659                        0
       160                        0        0.196323387343544                        0        0.164520102121187        0.164520102121187                        0
       176                        0        0.196600422255884                        0        0.165886887315584        0.165886887315584                        0
       192                        0        0.196826632521473                        0        0.167069606389444        0.167069606389444                        0
       208                        0        0.197014509504967                        0        0.168106546883446        0.168106546883446                        0
       224                        0        0.197172805856506                        0        0.169025732068199        0.169025732068199                        0
       240                        0        0.197307828243366                        0        0.169848193073261        0.169848193073261                        0
       256                        0        0.197424230468744                        0        0.170590055136916        0.170590055136916                        0
       272                        0        0.197525518033914                        0        0.171263912907881        0.171263912907881                        0
       288                        0        0.197614379287889                        0        0.171879763576534        0.171879763576534                        0
       304                        0        0.197692908731549                        0        0.172445656106164        0.172445656106164                        0
       320                        0        0.197762761220307                        0         0.17296815303396         0.17296815303396                        0
       336                        0        0.197825260712276                        0        0.173452665453049        0.173452665453049                        0
       352                        0        0.197881478412094                        0        0.173903700288629        0.173903700288629                        0
       368                        0        0.197932289875833                        0         0.17432504572172         0.17432504572172                        0
       384                        0        0.197978417379565                        0        0.174719912217917        0.174719912217917                        0
       400                        0        0.198020461790193                        0        0.175091041179393        0.175091041179393                        0
       416                        0        0.198058926842242                        0        0.175440789639414        0.175440789639414                        0
       432                        0        0.198094237843567                        0        0.175771196996732        0.175771196996732                        0
       448                        0        0.198126756241291                        0        0.176084038116087        0.176084038116087                        0
       464                        0         0.19815679107486                        0        0.176380865968561        0.176380865968561                        0
       480                        0         0.19818460806286                        0        0.176663046159473        0.176663046159473                        0
       496                        0        0.198210436872793                        0        0.176931785106268        0.176931785106268                        0
       512                        0        0.198234476982491                        0        0.177188153201194        0.177188153201194                        0
       528                        0         0.19825690244025                        0        0.177433103981289        0.177433103981289                        0
       544                        0        0.198277865756873                        0        0.177667490091943        0.177667490091943                        0
       560                        0        0.198297501108187                        0        0.177892076662376        0.177892076662376                        0
       576                        0        0.198315926985765                        0        0.178107552571087        0.178107552571087                        0
       592                        0        0.198333248403432                        0        0.178314539987457        0.178314539987457                        0
       608                        0        0.198349558743546                        0        0.178513602489896        0.178513602489896                        0
       624                        0        0.198364941309633                        0        0.178705252006632        0.178705252006632                        0
       640                        0        0.198379470638279                        0        0.178889954775789        0.178889954775789                        0
       656                        0        0.198393213612425                        0        0.179068136483393        0.179068136483393                        0
       672                        0        0.198406230410281                        0        0.179240186711981        0.179240186711981                        0
       688                        0        0.198418575317307                        0        0.179406462804603        0.179406462804603                        0
       704                        0        0.198430297423652                        0        0.179567293234451        0.179567293234451                        0
       720                        0        0.198441441225434                        0        0.179722980552502        0.179722980552502                        0
       736                        0         0.19845204714492                        0        0.179873803975194        0.179873803975194                        0
       752                        0        0.198462151982011                        0        0.180020021661072        0.180020021661072                        0
       768                        0        0.198471789307332                        0        0.180161872722367        0.180161872722367                        0
       784                        0        0.198480989805548                        0        0.180299579005013        0.180299579005013                        0
       800                        0        0.198489781576075                        0        0.180433346669243        0.180433346669243                        0
       816                        0         0.19849819039715                        0        0.180563367596262        0.180563367596262                        0
       832                        0         0.19850623995843                        0        0.180689820643216        0.180689820643216                        0
       848                        0        0.198513952066287                        0        0.180812872765467        0.180812872765467                        0
       864                        0        0.198521346825547                        0        0.180932680023141        0.180932680023141                        0
       880                        0         0.19852844280072                        0        0.181049388483279        0.181049388483279                        0
       896                        0          0.1985352571593                        0        0.181163135035202        0.181163135035202                        0
       912                        0        0.198541805799513                        0        0.181274048122433        0.181274048122433                        0
       928                        0        0.198548103464371                        0         0.18138224840642         0.18138224840642                        0
