#square and square, nu_xymn_2
#MM NN: 4 5
#quadrature order: 16
#numpanels            c*(gradu.n)^2                      BEM        0.5*(gradu)^2 ex.       Boundary Formula 1       Boundary Formula 2
        16                        0      -0.0515168096473821                        0       -0.179733447086401       -0.179733447086401                        0
        24                        0      -0.0504781997107253                        0       -0.136992733589333       -0.136992733589333                        0
        32                        0      -0.0478031140163609                        0       -0.114160492571137       -0.114160492571137                        0
        40                        0      -0.0458900806415595                        0       -0.101492218612491       -0.101492218612491                        0
        48                        0      -0.0445231921419211                        0        -0.09319280308589        -0.09319280308589                        0
        56                        0      -0.0435080240397597                        0      -0.0873908012952204      -0.0873908012952204                        0
        64                        0      -0.0427330368501275                        0      -0.0830737606385993      -0.0830737606385993                        0
        72                        0      -0.0421237011041603                        0      -0.0797245388784009      -0.0797245388784009                        0
        80                        0      -0.0416334333327979                        0      -0.0770395632630792      -0.0770395632630792                        0
        88                        0      -0.0412312372376091                        0      -0.0748315716450757      -0.0748315716450757                        0
        96                        0      -0.0408958503715532                        0      -0.0729782037143733      -0.0729782037143733                        0
       104                        0      -0.0406122497339086                        0      -0.0713961553663037      -0.0713961553663037                        0
       112                        0      -0.0403695461006652                        0      -0.0700266742238022      -0.0700266742238022                        0
       120                        0      -0.0401596676937951                        0      -0.0688270952036044      -0.0688270952036044                        0
       128                        0      -0.0399765122811354                        0      -0.0677656545707769      -0.0677656545707769                        0
       136                        0      -0.0398153857375208                        0      -0.0668181936085734      -0.0668181936085734                        0
       144                        0      -0.0396726210227762                        0      -0.0659659935328066      -0.0659659935328066                        0
       152                        0      -0.0395453137920586                        0      -0.0651943127956928      -0.0651943127956928                        0
       160                        0      -0.0394311352325435                        0      -0.0644913741438132      -0.0644913741438132                        0
       168                        0      -0.0393281971568326                        0      -0.0638476476456651      -0.0638476476456651                        0
       176                        0      -0.0392349531616106                        0      -0.0632553332509149      -0.0632553332509149                        0
       184                        0      -0.0391501251278122                        0      -0.0627079807995506      -0.0627079807995506                        0
       192                        0      -0.0390726478212183                        0      -0.0622002065659046      -0.0622002065659046                        0
       200                        0      -0.0390016266164878                        0      -0.0617274787960195      -0.0617274787960195                        0
       208                        0        -0.03893630486779                        0      -0.0612859533416204      -0.0612859533416204                        0
       216                        0      -0.0388760384604955                        0      -0.0608723461993878      -0.0608723461993878                        0
       224                        0      -0.0388202757712499                        0      -0.0604838335971125      -0.0604838335971125                        0
       232                        0      -0.0387685417454763                        0      -0.0601179728937696      -0.0601179728937696                        0
       240                        0      -0.0387204251410785                        0      -0.0597726393818354      -0.0597726393818354                        0
       248                        0      -0.0386755682295735                        0      -0.0594459753655559      -0.0594459753655559                        0
       256                        0      -0.0386336584211943                        0      -0.0591363488064571      -0.0591363488064571                        0
       264                        0      -0.0385944214085421                        0      -0.0588423194925317      -0.0588423194925317                        0
       272                        0      -0.0385576155179301                        0      -0.0585626111723311      -0.0585626111723311                        0
       280                        0      -0.0385230270280364                        0      -0.0582960884552525      -0.0582960884552525                        0
       288                        0      -0.0384904662685843                        0       -0.058041737548125       -0.058041737548125                        0
       296                        0      -0.0384597643519061                        0      -0.0577986501003731      -0.0577986501003731                        0
       304                        0      -0.0384307704211685                        0      -0.0575660095842531      -0.0575660095842531                        0
       312                        0      -0.0384033493226747                        0      -0.0573430797551252      -0.0573430797551252                        0
       320                        0      -0.0383773796281464                        0      -0.0571291948277507      -0.0571291948277507                        0
       328                        0      -0.0383527519472687                        0      -0.0569237510765248      -0.0569237510765248                        0
       336                        0      -0.0383293674821458                        0      -0.0567261996227105      -0.0567261996227105                        0
       344                        0      -0.0383071367842555                        0      -0.0565360402161088      -0.0565360402161088                        0
       352                        0      -0.0382859786816825                        0       -0.056352815853761       -0.056352815853761                        0
       360                        0      -0.0382658193500862                        0      -0.0561761081062261      -0.0561761081062261                        0
       368                        0      -0.0382465915055205                        0      -0.0560055330442887      -0.0560055330442887                        0
       376                        0      -0.0382282337008802                        0      -0.0558407376775868      -0.0558407376775868                        0
       384                        0      -0.0382106897108701                        0      -0.0556813968307348      -0.0556813968307348                        0
       392                        0      -0.0381939079927664                        0      -0.0555272103952003      -0.0555272103952003                        0
       400                        0      -0.0381778412123562                        0       -0.055377900905033       -0.055377900905033                        0
       408                        0       -0.038162445826058                        0      -0.0552332113920407      -0.0552332113920407                        0
       416                        0      -0.0381476817116493                        0      -0.0550929034833246      -0.0550929034833246                        0
       424                        0      -0.0381335118411166                        0       -0.054956755709789       -0.054956755709789                        0
       432                        0      -0.0381199019901898                        0      -0.0548245619986859      -0.0548245619986859                        0
       440                        0      -0.0381068204798265                        0      -0.0546961303262674      -0.0546961303262674                        0
       448                        0      -0.0380942379456524                        0      -0.0545712815118988      -0.0545712815118988                        0
       456                        0      -0.0380821271319062                        0      -0.0544498481357128      -0.0544498481357128                        0
       464                        0      -0.0380704627068959                        0      -0.0543316735659113      -0.0543316735659113                        0
       472                        0      -0.0380592210974223                        0      -0.0542166110815364      -0.0542166110815364                        0
       480                        0      -0.0380483803399319                        0      -0.0541045230818331      -0.0541045230818331                        0
       488                        0      -0.0380379199464466                        0       -0.053995280370018       -0.053995280370018                        0
       496                        0      -0.0380278207836348                        0      -0.0538887615054029      -0.0538887615054029                        0
       504                        0      -0.0380180649635067                        0      -0.0537848522150759      -0.0537848522150759                        0
       512                        0      -0.0380086357444859                        0      -0.0536834448588045      -0.0536834448588045                        0
       520                        0      -0.0379995174417099                        0      -0.0535844379426666      -0.0535844379426666                        0
       528                        0      -0.0379906953455904                        0      -0.0534877356746327      -0.0534877356746327                        0
       536                        0      -0.0379821556477487                        0       -0.053393247559629       -0.053393247559629                        0
       544                        0      -0.0379738853735629                        0      -0.0533008880280782      -0.0533008880280782                        0
       552                        0      -0.0379658723206638                        0      -0.0532105760968257      -0.0532105760968257                        0
       560                        0      -0.0379581050027611                        0      -0.0531222350576915      -0.0531222350576915                        0
       568                        0      -0.0379505725982857                        0      -0.0530357921910123      -0.0530357921910123                        0
       576                        0      -0.0379432649033582                        0      -0.0529511785030912      -0.0529511785030912                        0
       584                        0      -0.0379361722886816                        0      -0.0528683284839938      -0.0528683284839938                        0
       592                        0      -0.0379292856599792                        0       -0.052787179884248       -0.052787179884248                        0
       600                        0       -0.037922596421629                        0      -0.0527076735088201      -0.0527076735088201                        0
       608                        0      -0.0379160964432204                        0      -0.0526297530270208      -0.0526297530270208                        0
       616                        0      -0.0379097780287505                        0        -0.05255336479663        -0.05255336479663                        0
       624                        0      -0.0379036338882145                        0      -0.0524784577003571      -0.0524784577003571                        0
       632                        0      -0.0378976571114092                        0      -0.0524049829952916      -0.0524049829952916                        0
       640                        0      -0.0378918411436941                        0      -0.0523328941727089      -0.0523328941727089                        0
       648                        0      -0.0378861797636073                        0        -0.05226214682751        -0.05226214682751                        0
       656                        0      -0.0378806670621239                        0      -0.0521926985375384      -0.0521926985375384                        0
       664                        0      -0.0378752974234499                        0      -0.0521245087507794      -0.0521245087507794                        0
       672                        0      -0.0378700655071907                        0      -0.0520575386806474      -0.0520575386806474                        0
       680                        0       -0.037864966231818                        0        -0.05199175120776        -0.05199175120776                        0
       688                        0      -0.0378599947592994                        0      -0.0519271107893015      -0.0519271107893015                        0
       696                        0      -0.0378551464807937                        0      -0.0518635833731507      -0.0518635833731507                        0
       704                        0      -0.0378504170033589                        0      -0.0518011363186108      -0.0518011363186108                        0
       712                        0      -0.0378458021375528                        0      -0.0517397383218723      -0.0517397383218723                        0
       720                        0      -0.0378412978858844                        0      -0.0516793593460372      -0.0516793593460372                        0
       728                        0      -0.0378369004320208                        0      -0.0516199705557148      -0.0516199705557148                        0
       736                        0      -0.0378326061307496                        0      -0.0515615442562538      -0.0515615442562538                        0
       744                        0      -0.0378284114985419                        0      -0.0515040538355934      -0.0515040538355934                        0
       752                        0       -0.037824313204783                        0      -0.0514474737107491      -0.0514474737107491                        0
       760                        0      -0.0378203080635356                        0       -0.051391779276663       -0.051391779276663                        0
       768                        0      -0.0378163930258197                        0      -0.0513369468588672      -0.0513369468588672                        0
       776                        0      -0.0378125651724175                        0      -0.0512829536681403      -0.0512829536681403                        0
       784                        0      -0.0378088217070716                        0      -0.0512297777587977      -0.0512297777587977                        0
       792                        0      -0.0378051599501564                        0      -0.0511773979885424      -0.0511773979885424                        0
       800                        0       -0.037801577332694                        0      -0.0511257939805635      -0.0511257939805635                        0
       808                        0      -0.0377980713907548                        0      -0.0510749460887353      -0.0510749460887353                        0
       816                        0      -0.0377946397601874                        0      -0.0510248353639425      -0.0510248353639425                        0
       824                        0      -0.0377912801716612                        0      -0.0509754435224422      -0.0509754435224422                        0
