#square and square, nu_xymn_1
#MM NN: 5 4
#quadrature order: 16
#numpanels            c*(gradu.n)^2                      BEM        0.5*(gradu)^2 ex.       Boundary Formula 1       Boundary Formula 2
        16                        0      -0.0515168096473803                        0       -0.179733447086403       -0.179733447086403                        0
        24                        0      -0.0504781997107249                        0       -0.136992733589336       -0.136992733589336                        0
        32                        0      -0.0478031140163614                        0       -0.114160492571137       -0.114160492571137                        0
        40                        0      -0.0458900806415596                        0       -0.101492218612489       -0.101492218612489                        0
        48                        0      -0.0445231921419214                        0      -0.0931928030858869      -0.0931928030858869                        0
        56                        0        -0.04350802403976                        0      -0.0873908012952241      -0.0873908012952241                        0
        64                        0      -0.0427330368501276                        0      -0.0830737606385959      -0.0830737606385959                        0
        72                        0      -0.0421237011041616                        0      -0.0797245388784245      -0.0797245388784245                        0
        80                        0      -0.0416334333327979                        0      -0.0770395632630788      -0.0770395632630788                        0
        88                        0      -0.0412312372376067                        0      -0.0748315716450702      -0.0748315716450702                        0
        96                        0      -0.0408958503715537                        0      -0.0729782037144282      -0.0729782037144282                        0
       104                        0      -0.0406122497339072                        0      -0.0713961553662975      -0.0713961553662975                        0
       112                        0      -0.0403695461006653                        0      -0.0700266742237881      -0.0700266742237881                        0
       120                        0      -0.0401596676937958                        0      -0.0688270952036091      -0.0688270952036091                        0
       128                        0      -0.0399765122811357                        0      -0.0677656545707907      -0.0677656545707907                        0
       136                        0      -0.0398153857375215                        0      -0.0668181936085493      -0.0668181936085493                        0
       144                        0       -0.039672621022776                        0      -0.0659659935327789      -0.0659659935327789                        0
       152                        0      -0.0395453137920578                        0      -0.0651943127956854      -0.0651943127956854                        0
       160                        0      -0.0394311352325432                        0      -0.0644913741438173      -0.0644913741438173                        0
       168                        0      -0.0393281971568341                        0       -0.063847647645683       -0.063847647645683                        0
       176                        0      -0.0392349531616101                        0      -0.0632553332508939      -0.0632553332508939                        0
       184                        0      -0.0391501251278112                        0      -0.0627079807995168      -0.0627079807995168                        0
       192                        0       -0.039072647821219                        0      -0.0622002065659288      -0.0622002065659288                        0
       200                        0      -0.0390016266164878                        0      -0.0617274787959963      -0.0617274787959963                        0
       208                        0      -0.0389363048677889                        0      -0.0612859533416451      -0.0612859533416451                        0
       216                        0      -0.0388760384604961                        0      -0.0608723461994135      -0.0608723461994135                        0
       224                        0      -0.0388202757712492                        0      -0.0604838335970962      -0.0604838335970962                        0
       232                        0      -0.0387685417454761                        0      -0.0601179728937277      -0.0601179728937277                        0
       240                        0      -0.0387204251410794                        0      -0.0597726393818462      -0.0597726393818462                        0
       248                        0      -0.0386755682295739                        0      -0.0594459753655381      -0.0594459753655381                        0
       256                        0      -0.0386336584211942                        0      -0.0591363488064355      -0.0591363488064355                        0
       264                        0      -0.0385944214085427                        0      -0.0588423194925427      -0.0588423194925427                        0
       272                        0      -0.0385576155179296                        0      -0.0585626111723487      -0.0585626111723487                        0
       280                        0      -0.0385230270280377                        0      -0.0582960884552387      -0.0582960884552387                        0
       288                        0      -0.0384904662685837                        0      -0.0580417375480948      -0.0580417375480948                        0
       296                        0      -0.0384597643519061                        0      -0.0577986501003691      -0.0577986501003691                        0
       304                        0      -0.0384307704211695                        0      -0.0575660095843151      -0.0575660095843151                        0
       312                        0      -0.0384033493226744                        0      -0.0573430797551276      -0.0573430797551276                        0
       320                        0      -0.0383773796281463                        0      -0.0571291948277284      -0.0571291948277284                        0
       328                        0      -0.0383527519472687                        0       -0.056923751076506       -0.056923751076506                        0
       336                        0      -0.0383293674821464                        0      -0.0567261996226954      -0.0567261996226954                        0
       344                        0      -0.0383071367842566                        0      -0.0565360402161162      -0.0565360402161162                        0
       352                        0       -0.038285978681683                        0      -0.0563528158537952      -0.0563528158537952                        0
       360                        0      -0.0382658193500863                        0      -0.0561761081062279      -0.0561761081062279                        0
       368                        0      -0.0382465915055206                        0      -0.0560055330443367      -0.0560055330443367                        0
       376                        0        -0.03822823370088                        0      -0.0558407376776198      -0.0558407376776198                        0
       384                        0      -0.0382106897108704                        0      -0.0556813968307164      -0.0556813968307164                        0
       392                        0      -0.0381939079927662                        0      -0.0555272103951986      -0.0555272103951986                        0
       400                        0      -0.0381778412123561                        0      -0.0553779009050698      -0.0553779009050698                        0
       408                        0      -0.0381624458260583                        0      -0.0552332113920249      -0.0552332113920249                        0
       416                        0      -0.0381476817116491                        0        -0.05509290348325        -0.05509290348325                        0
       424                        0      -0.0381335118411156                        0       -0.054956755709807       -0.054956755709807                        0
       432                        0      -0.0381199019901911                        0      -0.0548245619987307      -0.0548245619987307                        0
       440                        0      -0.0381068204798272                        0      -0.0546961303262762      -0.0546961303262762                        0
       448                        0      -0.0380942379456522                        0      -0.0545712815118345      -0.0545712815118345                        0
       456                        0      -0.0380821271319052                        0       -0.054449848135735       -0.054449848135735                        0
       464                        0      -0.0380704627068938                        0      -0.0543316735658425      -0.0543316735658425                        0
       472                        0      -0.0380592210974233                        0      -0.0542166110815586      -0.0542166110815586                        0
       480                        0      -0.0380483803399316                        0      -0.0541045230817795      -0.0541045230817795                        0
       488                        0      -0.0380379199464463                        0      -0.0539952803699633      -0.0539952803699633                        0
       496                        0      -0.0380278207836349                        0      -0.0538887615054067      -0.0538887615054067                        0
       504                        0      -0.0380180649635071                        0      -0.0537848522149753      -0.0537848522149753                        0
       512                        0      -0.0380086357444853                        0      -0.0536834448587505      -0.0536834448587505                        0
       520                        0      -0.0379995174417094                        0      -0.0535844379426171      -0.0535844379426171                        0
       528                        0       -0.037990695345592                        0      -0.0534877356747222      -0.0534877356747222                        0
       536                        0      -0.0379821556477489                        0      -0.0533932475596001      -0.0533932475596001                        0
       544                        0      -0.0379738853735644                        0      -0.0533008880280707      -0.0533008880280707                        0
       552                        0      -0.0379658723206637                        0      -0.0532105760968828      -0.0532105760968828                        0
       560                        0       -0.037958105002762                        0       -0.053122235057689       -0.053122235057689                        0
       568                        0      -0.0379505725982856                        0      -0.0530357921909936      -0.0530357921909936                        0
       576                        0      -0.0379432649033574                        0      -0.0529511785031461      -0.0529511785031461                        0
       584                        0      -0.0379361722886807                        0      -0.0528683284840146      -0.0528683284840146                        0
       592                        0      -0.0379292856599807                        0      -0.0527871798842242      -0.0527871798842242                        0
       600                        0       -0.037922596421628                        0      -0.0527076735087735      -0.0527076735087735                        0
       608                        0      -0.0379160964432201                        0      -0.0526297530271032      -0.0526297530271032                        0
       616                        0      -0.0379097780287499                        0      -0.0525533647966641      -0.0525533647966641                        0
       624                        0       -0.037903633888215                        0      -0.0524784577003749      -0.0524784577003749                        0
       632                        0      -0.0378976571114088                        0      -0.0524049829954048      -0.0524049829954048                        0
       640                        0      -0.0378918411436936                        0      -0.0523328941727414      -0.0523328941727414                        0
       648                        0      -0.0378861797636068                        0      -0.0522621468274928      -0.0522621468274928                        0
       656                        0      -0.0378806670621237                        0      -0.0521926985374853      -0.0521926985374853                        0
       664                        0      -0.0378752974234503                        0      -0.0521245087508024      -0.0521245087508024                        0
       672                        0      -0.0378700655071895                        0      -0.0520575386805725      -0.0520575386805725                        0
       680                        0      -0.0378649662318184                        0      -0.0519917512078041      -0.0519917512078041                        0
       688                        0      -0.0378599947592982                        0      -0.0519271107893241      -0.0519271107893241                        0
       696                        0      -0.0378551464807949                        0       -0.051863583373216       -0.051863583373216                        0
       704                        0       -0.037850417003359                        0      -0.0518011363187029      -0.0518011363187029                        0
       712                        0      -0.0378458021375528                        0      -0.0517397383218835      -0.0517397383218835                        0
       720                        0      -0.0378412978858835                        0      -0.0516793593459105      -0.0516793593459105                        0
       728                        0      -0.0378369004320215                        0      -0.0516199705556725      -0.0516199705556725                        0
       736                        0      -0.0378326061307486                        0      -0.0515615442562073      -0.0515615442562073                        0
       744                        0      -0.0378284114985412                        0      -0.0515040538355972      -0.0515040538355972                        0
       752                        0      -0.0378243132047825                        0      -0.0514474737106813      -0.0514474737106813                        0
       760                        0      -0.0378203080635347                        0        -0.05139177927666        -0.05139177927666                        0
