#square and square, nu_xymn_2
#MM NN: 2 3
#quadrature order: 16
#numpanels            c*(gradu.n)^2                      BEM        0.5*(gradu)^2 ex.       Boundary Formula 1       Boundary Formula 2
        16                        0       0.0576264536140048                        0       0.0476207363769343       0.0476207363769343                        0
        24                        0       0.0570232405468732                        0       0.0501233688350817       0.0501233688350817                        0
        32                        0       0.0569423553411732                        0       0.0504255013360258       0.0504255013360258                        0
        40                        0       0.0566769465766907                        0       0.0506665613022375       0.0506665613022375                        0
        48                        0        0.056484593626118                        0       0.0508114581039677       0.0508114581039677                        0
        56                        0       0.0563419240621741                        0        0.050942700163072        0.050942700163072                        0
        64                        0       0.0562348118005878                        0       0.0510595328316807       0.0510595328316807                        0
        72                        0       0.0561523938305114                        0       0.0511665692309855       0.0511665692309855                        0
        80                        0       0.0560874521264356                        0       0.0512650326938471       0.0512650326938471                        0
        88                        0       0.0560351965094954                        0       0.0513560149711506       0.0513560149711506                        0
        96                        0       0.0559923817772115                        0       0.0514403580524811       0.0514403580524811                        0
       104                        0       0.0559567518555743                        0       0.0515187878463973       0.0515187878463973                        0
       112                        0       0.0559266992045094                        0       0.0515919329655078       0.0515919329655078                        0
       120                        0       0.0559010521246478                        0       0.0516603414805011       0.0516603414805011                        0
       128                        0       0.0558789389988125                        0       0.0517244918575972       0.0517244918575972                        0
       136                        0       0.0558596994978799                        0        0.051784802399389        0.051784802399389                        0
       144                        0       0.0558428251270741                        0       0.0518416394467168       0.0518416394467168                        0
       152                        0       0.0558279185374035                        0       0.0518953245480151       0.0518953245480151                        0
       160                        0        0.055814665113651                        0       0.0519461406718207       0.0519461406718207                        0
       168                        0       0.0558028127662804                        0        0.051994337550218        0.051994337550218                        0
       176                        0        0.055792157314688                        0        0.052040136249538        0.052040136249538                        0
       184                        0       0.0557825317509731                        0        0.052083733067276        0.052083733067276                        0
       192                        0       0.0557737982422557                        0       0.0521253028496402       0.0521253028496402                        0
       200                        0       0.0557658420955723                        0       0.0521650018156161       0.0521650018156161                        0
       208                        0       0.0557585671493429                        0       0.0522029699631909       0.0522029699631909                        0
       216                        0       0.0557518922154235                        0       0.0522393331227054       0.0522393331227054                        0
       224                        0       0.0557457483043244                        0        0.052274204713013        0.052274204713013                        0
       232                        0       0.0557400764407753                        0       0.0523076872469973       0.0523076872469973                        0
       240                        0       0.0557348259289985                        0       0.0523398736257334       0.0523398736257334                        0
       248                        0       0.0557299529638779                        0         0.05237084825409         0.05237084825409                        0
       256                        0       0.0557254195105949                        0       0.0524006880052472       0.0524006880052472                        0
       264                        0       0.0557211923944156                        0       0.0524294630569194       0.0524294630569194                        0
       272                        0       0.0557172425562794                        0       0.0524572376185462       0.0524572376185462                        0
       280                        0       0.0557135444401805                        0        0.052484070565491        0.052484070565491                        0
       288                        0       0.0557100754860562                        0       0.0525100159936679       0.0525100159936679                        0
       296                        0        0.055706815707666                        0       0.0525351237059571       0.0525351237059571                        0
       304                        0       0.0557037473393975                        0       0.0525594396399618       0.0525594396399618                        0
       312                        0       0.0557008545392792                        0       0.0525830062451645       0.0525830062451645                        0
       320                        0       0.0556981231380813                        0       0.0526058628163621       0.0526058628163621                        0
       328                        0       0.0556955404264264                        0       0.0526280457891182       0.0526280457891182                        0
       336                        0       0.0556930949733784                        0       0.0526495890022409       0.0526495890022409                        0
       344                        0       0.0556907764712442                        0       0.0526705239315135       0.0526705239315135                        0
       352                        0       0.0556885756022954                        0       0.0526908798982903       0.0526908798982903                        0
       360                        0       0.0556864839238958                        0       0.0527106842560595       0.0527106842560595                        0
       368                        0       0.0556844937691554                        0       0.0527299625576882       0.0527299625576882                        0
       376                        0       0.0556825981607226                        0       0.0527487387056018       0.0527487387056018                        0
       384                        0       0.0556807907357492                        0       0.0527670350869807       0.0527670350869807                        0
       392                        0       0.0556790656803759                        0       0.0527848726956646       0.0527848726956646                        0
       400                        0       0.0556774176723655                        0       0.0528022712422371       0.0528022712422371                        0
       408                        0       0.0556758418307365                        0       0.0528192492536981       0.0528192492536981                        0
       416                        0       0.0556743336714245                        0       0.0528358241638397       0.0528358241638397                        0
       424                        0       0.0556728890681443                        0       0.0528520123952907       0.0528520123952907                        0
       432                        0       0.0556715042177615                        0       0.0528678294341108       0.0528678294341108                        0
       440                        0       0.0556701756095873                        0       0.0528832898978576       0.0528832898978576                        0
       448                        0       0.0556688999980794                        0       0.0528984075976068       0.0528984075976068                        0
       456                        0       0.0556676743785315                        0       0.0529131955946845       0.0529131955946845                        0
       464                        0        0.055666495965362                        0       0.0529276662524994       0.0529276662524994                        0
       472                        0       0.0556653621726999                        0       0.0529418312842094       0.0529418312842094                        0
       480                        0       0.0556642705969877                        0       0.0529557017962496       0.0529557017962496                        0
       488                        0        0.055663219001349                        0       0.0529692883285516       0.0529692883285516                        0
       496                        0       0.0556622053015362                        0       0.0529826008913844       0.0529826008913844                        0
       504                        0       0.0556612275532633                        0       0.0529956489993491       0.0529956489993491                        0
       512                        0       0.0556602839407703                        0       0.0530084417028089       0.0530084417028089                        0
       520                        0       0.0556593727664838                        0       0.0530209876167532       0.0530209876167532                        0
       528                        0       0.0556584924416526                        0       0.0530332949476579       0.0530332949476579                        0
       536                        0       0.0556576414778552                        0       0.0530453715181769       0.0530453715181769                        0
       544                        0       0.0556568184792835                        0       0.0530572247902204       0.0530572247902204                        0
       552                        0        0.055656022135724                        0       0.0530688618861593       0.0530688618861593                        0
       560                        0        0.055655251216161                        0          0.0530802896086          0.0530802896086                        0
       568                        0       0.0556545045629452                        0       0.0530915144588441       0.0530915144588441                        0
       576                        0        0.055653781086463                        0       0.0531025426539075       0.0531025426539075                        0
       584                        0        0.055653079760263                        0       0.0531133801424575       0.0531133801424575                        0
       592                        0        0.055652399616591                        0       0.0531240326196771       0.0531240326196771                        0
       600                        0       0.0556517397422949                        0         0.05313450554112         0.05313450554112                        0
       608                        0       0.0556510992750728                        0       0.0531448041356011       0.0531448041356011                        0
       616                        0       0.0556504774000099                        0       0.0531549334172574       0.0531549334172574                        0
       624                        0       0.0556498733464083                        0       0.0531648981969456       0.0531648981969456                        0
       632                        0       0.0556492863848559                        0       0.0531747030927312       0.0531747030927312                        0
       640                        0       0.0556487158245276                        0       0.0531843525398011       0.0531843525398011                        0
       648                        0       0.0556481610106927                        0         0.05319385079982         0.05319385079982                        0
       656                        0       0.0556476213224111                        0       0.0532032019695867       0.0532032019695867                        0
       664                        0       0.0556470961704092                        0       0.0532124099892493       0.0532124099892493                        0
       672                        0       0.0556465849951005                        0       0.0532214786499603       0.0532214786499603                        0
       680                        0       0.0556460872647638                        0       0.0532304116011842       0.0532304116011842                        0
       688                        0        0.055645602473846                        0       0.0532392123573919       0.0532392123573919                        0
       696                        0       0.0556451301413882                        0       0.0532478843045827       0.0532478843045827                        0
       704                        0       0.0556446698095646                        0       0.0532564307062524       0.0532564307062524                        0
       712                        0       0.0556442210423228                        0         0.05326485470909         0.05326485470909                        0
       720                        0       0.0556437834241183                        0       0.0532731593483864       0.0532731593483864                        0
       728                        0       0.0556433565587325                        0       0.0532813475531109       0.0532813475531109                        0
       736                        0       0.0556429400681801                        0       0.0532894221506107       0.0532894221506107                        0
       744                        0       0.0556425335916748                        0       0.0532973858712501       0.0532973858712501                        0
       752                        0       0.0556421367846795                        0       0.0533052413526071       0.0533052413526071                        0
       760                        0       0.0556417493180099                        0       0.0533129911435984       0.0533129911435984                        0
