#square and square, nu_xymn_2
#MM NN: 3 5
#quadrature order: 16
#numpanels            c*(gradu.n)^2                      BEM        0.5*(gradu)^2 ex.       Boundary Formula 1       Boundary Formula 2
        16                        0       -0.286136804593577                        0       -0.299191069875381       -0.299191069875381                        0
        24                        0       -0.275988721293372                        0       -0.288375322709275       -0.288375322709275                        0
        32                        0       -0.271236635907847                        0       -0.277609340894363       -0.277609340894363                        0
        40                        0       -0.267714182496847                        0       -0.271584922695123       -0.271584922695123                        0
        48                        0       -0.265395399371569                        0       -0.267473195399137       -0.267473195399137                        0
        56                        0       -0.263755068128162                        0        -0.26467414099949        -0.26467414099949                        0
        64                        0       -0.262547156878585                        0       -0.262649345895139       -0.262649345895139                        0
        72                        0        -0.26162481682087                        0       -0.261136184170799       -0.261136184170799                        0
        80                        0       -0.260899983115999                        0       -0.259970701236913       -0.259970701236913                        0
        88                        0       -0.260316814704461                        0       -0.259051527222903       -0.259051527222903                        0
        96                        0        -0.25983842205326                        0       -0.258312157389478       -0.258312157389478                        0
       104                        0       -0.259439535197901                        0       -0.257707528698364       -0.257707528698364                        0
       112                        0       -0.259102305661074                        0       -0.257206114598891       -0.257206114598891                        0
       120                        0       -0.258813791249081                        0        -0.25678527156282        -0.25678527156282                        0
       128                        0       -0.258564392086411                        0       -0.256428358672738       -0.256428358672738                        0
       136                        0       -0.258346845379908                        0       -0.256122900203199       -0.256122900203199                        0
       144                        0       -0.258155560332458                        0       -0.255859377862306       -0.255859377862306                        0
       152                        0       -0.257986166716768                        0       -0.255630416397833       -0.255630416397833                        0
       160                        0       -0.257835201448156                        0       -0.255430221760938       -0.255430221760938                        0
       168                        0       -0.257699886527638                        0       -0.255254185547894       -0.255254185547894                        0
       176                        0       -0.257577968841755                        0       -0.255098601384302       -0.255098601384302                        0
       184                        0       -0.257467602684746                        0       -0.254960458202568       -0.254960458202568                        0
       192                        0       -0.257367262325967                        0       -0.254837287305815       -0.254837287305815                        0
       200                        0       -0.257275676056888                        0       -0.254727047681065       -0.254727047681065                        0
       208                        0       -0.257191775825615                        0       -0.254628038925137       -0.254628038925137                        0
       216                        0       -0.257114658339102                        0       -0.254538834380687       -0.254538834380687                        0
       224                        0       -0.257043554708966                        0       -0.254458229253116       -0.254458229253116                        0
       232                        0       -0.256977806536647                        0       -0.254385199961944       -0.254385199961944                        0
       240                        0       -0.256916846904209                        0       -0.254318872008674       -0.254318872008674                        0
       248                        0       -0.256860185139724                        0       -0.254258494365543       -0.254258494365543                        0
       256                        0       -0.256807394513897                        0       -0.254203418903866       -0.254203418903866                        0
       264                        0       -0.256758102232705                        0       -0.254153083750837       -0.254153083750837                        0
       272                        0        -0.25671198124302                        0       -0.254106999733783       -0.254106999733783                        0
       280                        0       -0.256668743480597                        0       -0.254064739269226       -0.254064739269226                        0
       288                        0       -0.256628134273731                        0       -0.254025927201658       -0.254025927201658                        0
       296                        0       -0.256589927679039                        0       -0.253990233207709       -0.253990233207709                        0
       304                        0       -0.256553922573785                        0       -0.253957365465021       -0.253957365465021                        0
       312                        0       -0.256519939365835                        0       -0.253927065349017       -0.253927065349017                        0
       320                        0       -0.256487817210743                        0       -0.253899102969797       -0.253899102969797                        0
       328                        0       -0.256457411647315                        0       -0.253873273399283       -0.253873273399283                        0
       336                        0       -0.256428592580371                        0       -0.253849393468427       -0.253849393468427                        0
       344                        0       -0.256401242552802                        0       -0.253827299037449       -0.253827299037449                        0
       352                        0       -0.256375255259866                        0       -0.253806842660333       -0.253806842660333                        0
       360                        0       -0.256350534267138                        0       -0.253787891579399       -0.253787891579399                        0
       368                        0       -0.256326991900395                        0       -0.253770325997355       -0.253770325997355                        0
       376                        0       -0.256304548281231                        0       -0.253754037583452       -0.253754037583452                        0
       384                        0        -0.25628313048664                        0       -0.253738928178044       -0.253738928178044                        0
       392                        0       -0.256262671814428                        0       -0.253724908665762       -0.253724908665762                        0
       400                        0       -0.256243111139295                        0       -0.253711897992471       -0.253711897992471                        0
       408                        0       -0.256224392346849                        0       -0.253699822305399       -0.253699822305399                        0
       416                        0       -0.256206463834786                        0       -0.253688614198964       -0.253688614198964                        0
       424                        0        -0.25618927807217                        0       -0.253678212051588       -0.253678212051588                        0
       432                        0         -0.2561727912091                        0       -0.253668559441072       -0.253668559441072                        0
       440                        0       -0.256156962730176                        0        -0.25365960462818        -0.25365960462818                        0
       448                        0       -0.256141755146193                        0       -0.253651300099236       -0.253651300099236                        0
       456                        0       -0.256127133719201                        0        -0.25364360216024        -0.25364360216024                        0
       464                        0       -0.256113066216858                        0       -0.253636470575825       -0.253636470575825                        0
       472                        0       -0.256099522692485                        0       -0.253629868247695       -0.253629868247695                        0
       480                        0       -0.256086475287762                        0       -0.253623760927281       -0.253623760927281                        0
       488                        0        -0.25607389805539                        0       -0.253618116958932       -0.253618116958932                        0
       496                        0       -0.256061766799429                        0       -0.253612907049607       -0.253612907049607                        0
       504                        0       -0.256050058931285                        0       -0.253608104062151       -0.253608104062151                        0
       512                        0       -0.256038753339593                        0       -0.253603682829513       -0.253603682829513                        0
       520                        0       -0.256027830272474                        0       -0.253599619987191       -0.253599619987191                        0
       528                        0       -0.256017271230807                        0       -0.253595893822282       -0.253595893822282                        0
       536                        0       -0.256007058871333                        0       -0.253592484136902       -0.253592484136902                        0
       544                        0       -0.255997176918588                        0       -0.253589372124802       -0.253589372124802                        0
       552                        0       -0.255987610084689                        0       -0.253586540259341       -0.253586540259341                        0
       560                        0       -0.255978343996227                        0       -0.253583972191915       -0.253583972191915                        0
       568                        0       -0.255969365127507                        0       -0.253581652659752       -0.253581652659752                        0
       576                        0       -0.255960660739527                        0       -0.253579567401829       -0.253579567401829                        0
       584                        0       -0.255952218824113                        0       -0.253577703082372       -0.253577703082372                        0
       592                        0       -0.255944028052732                        0       -0.253576047221081       -0.253576047221081                        0
       600                        0       -0.255936077729509                        0       -0.253574588129388       -0.253574588129388                        0
       608                        0        -0.25592835774807                        0        -0.25357331485211        -0.25357331485211                        0
       616                        0       -0.255920858551859                        0       -0.253572217114069       -0.253572217114069                        0
       624                        0        -0.25591357109758                        0       -0.253571285271277       -0.253571285271277                        0
       632                        0       -0.255906486821521                        0       -0.253570510265979       -0.253570510265979                        0
       640                        0       -0.255899597608465                        0        -0.25356988358543        -0.25356988358543                        0
       648                        0       -0.255892895762973                        0       -0.253569397224075       -0.253569397224075                        0
       656                        0       -0.255886373982845                        0       -0.253569043648619       -0.253569043648619                        0
       664                        0       -0.255880025334548                        0       -0.253568815765933       -0.253568815765933                        0
       672                        0       -0.255873843230449                        0       -0.253568706893388       -0.253568706893388                        0
       680                        0       -0.255867821407715                        0       -0.253568710731605       -0.253568710731605                        0
       688                        0       -0.255861953908729                        0       -0.253568821339079       -0.253568821339079                        0
       696                        0       -0.255856235062879                        0       -0.253569033108951       -0.253569033108951                        0
       704                        0       -0.255850659469651                        0       -0.253569340747327       -0.253569340747327                        0
       712                        0       -0.255845221982884                        0       -0.253569739253274       -0.253569739253274                        0
       720                        0       -0.255839917696115                        0       -0.253570223900305       -0.253570223900305                        0
       728                        0       -0.255834741928902                        0       -0.253570790219182       -0.253570790219182                        0
       736                        0       -0.255829690214087                        0       -0.253571433981845       -0.253571433981845                        0
       744                        0       -0.255824758285897                        0       -0.253572151186686       -0.253572151186686                        0
       752                        0       -0.255819942068831                        0       -0.253572938044661       -0.253572938044661                        0
       760                        0       -0.255815237667261                        0       -0.253573790966532       -0.253573790966532                        0
       768                        0        -0.25581064135571                        0       -0.253574706550821       -0.253574706550821                        0
       776                        0       -0.255806149569761                        0       -0.253575681572775       -0.253575681572775                        0
       784                        0       -0.255801758897515                        0       -0.253576712973852       -0.253576712973852                        0
       792                        0       -0.255797466071606                        0         -0.2535777978521         -0.2535777978521                        0
       800                        0       -0.255793267961698                        0       -0.253578933453172       -0.253578933453172                        0
       808                        0       -0.255789161567437                        0       -0.253580117161747       -0.253580117161747                        0
       816                        0       -0.255785144011849                        0       -0.253581346493673       -0.253581346493673                        0
       824                        0       -0.255781212535115                        0       -0.253582619088581       -0.253582619088581                        0
       832                        0       -0.255777364488728                        0       -0.253583932703012       -0.253583932703012                        0
