#square and square, nu_xymn_2
#MM NN: 4 3
#quadrature order: 16
#numpanels            c*(gradu.n)^2                      BEM        0.5*(gradu)^2 ex.       Boundary Formula 1       Boundary Formula 2
        16                        0       0.0106432698107121                        0       0.0264504572171466       0.0264504572171466                        0
        24                        0      0.00884949276808604                        0       0.0201605238068055       0.0201605238068055                        0
        32                        0      0.00781033271966695                        0       0.0168004190293511       0.0168004190293511                        0
        40                        0      0.00726066800308289                        0       0.0149360935863678       0.0149360935863678                        0
        48                        0      0.00691917688555886                        0       0.0137147108172044       0.0137147108172044                        0
        56                        0      0.00668551224540088                        0       0.0128608597247912       0.0128608597247912                        0
        64                        0      0.00651611624752193                        0       0.0122255428094162       0.0122255428094162                        0
        72                        0       0.0063876844456332                        0       0.0117326548783442       0.0117326548783442                        0
        80                        0      0.00628707633790859                        0       0.0113375206738129       0.0113375206738129                        0
        88                        0       0.0062062185269884                        0       0.0110125817780505       0.0110125817780505                        0
        96                        0      0.00613988033113479                        0       0.0107398310466015       0.0107398310466015                        0
       104                        0      0.00608452270103383                        0       0.0105070090380971       0.0105070090380971                        0
       112                        0      0.00603766585862014                        0        0.010305469464041        0.010305469464041                        0
       120                        0      0.00599752097379006                        0       0.0101289335211396       0.0101289335211396                        0
       128                        0      0.00596276555484941                        0      0.00997272670208462      0.00997272670208462                        0
       136                        0      0.00593240107830419                        0      0.00983329369141281      0.00983329369141281                        0
       144                        0      0.00590565974416594                        0      0.00970787974086591      0.00970787974086591                        0
       152                        0      0.00588194165571999                        0      0.00959431541183752      0.00959431541183752                        0
       160                        0      0.00586077144173995                        0      0.00949086750584548      0.00949086750584548                        0
       168                        0      0.00584176764788683                        0      0.00939613355134327      0.00939613355134327                        0
       176                        0      0.00582462071933953                        0      0.00930896565459721      0.00930896565459721                        0
       184                        0       0.0058090768890381                        0      0.00922841457836624      0.00922841457836624                        0
       192                        0      0.00579492620412735                        0      0.00915368802712747      0.00915368802712747                        0
       200                        0      0.00578199350270279                        0      0.00908411908570116      0.00908411908570116                        0
       208                        0       0.0057701315271361                        0      0.00901914203033843      0.00901914203033843                        0
       216                        0      0.00575921560690477                        0      0.00895827357097445      0.00895827357097445                        0
       224                        0       0.0057491395094268                        0      0.00890109814741588      0.00890109814741588                        0
       232                        0      0.00573981217060233                        0       0.0088472562886073       0.0088472562886073                        0
       240                        0      0.00573115509521741                        0      0.00879643531214947      0.00879643531214947                        0
       248                        0      0.00572310027265277                        0      0.00874836183040722      0.00874836183040722                        0
       256                        0      0.00571558849274795                        0      0.00870279566457944      0.00870279566457944                        0
       264                        0      0.00570856797513782                        0       0.0086595248659905       0.0086595248659905                        0
       272                        0      0.00570199324617415                        0      0.00861836161520619      0.00861836161520619                        0
       280                        0      0.00569582421288779                        0      0.00857913882256651      0.00857913882256651                        0
       288                        0      0.00569002539487955                        0      0.00854170729328702      0.00854170729328702                        0
       296                        0      0.00568456528367565                        0      0.00850593335003374      0.00850593335003374                        0
       304                        0      0.00567941580556885                        0      0.00847169682857176      0.00847169682857176                        0
       312                        0      0.00567455186901187                        0      0.00843888937952229      0.00843888937952229                        0
       320                        0      0.00566995098146852                        0      0.00840741302265817      0.00840741302265817                        0
       328                        0      0.00566559292361877                        0      0.00837717891075289      0.00837717891075289                        0
       336                        0      0.00566145947118391                        0      0.00834810626811455      0.00834810626811455                        0
       344                        0      0.00565753415645502                        0      0.00832012147546581      0.00832012147546581                        0
       352                        0      0.00565380206308725                        0      0.00829315727800572      0.00829315727800572                        0
       360                        0      0.00565024964888629                        0      0.00826715209760175      0.00826715209760175                        0
       368                        0      0.00564686459223804                        0      0.00824204943334405      0.00824204943334405                        0
       376                        0      0.00564363565859792                        0      0.00821779733743652      0.00821779733743652                        0
       384                        0      0.00564055258404884                        0      0.00819434795547158      0.00819434795547158                        0
       392                        0      0.00563760597345048                        0      0.00817165712200301      0.00817165712200301                        0
       400                        0      0.00563478721109133                        0      0.00814968400377819      0.00814968400377819                        0
       408                        0      0.00563208838209684                        0      0.00812839078409531      0.00812839078409531                        0
       416                        0      0.00562950220311301                        0      0.00810774238282729      0.00810774238282729                        0
       424                        0      0.00562702196101901                        0      0.00808770620749382      0.00808770620749382                        0
       432                        0      0.00562464145861607                        0      0.00806825193141672      0.00806825193141672                        0
       440                        0      0.00562235496636721                        0      0.00804935129543772      0.00804935129543772                        0
       448                        0      0.00562015717943876                        0      0.00803097793045418      0.00803097793045418                        0
       456                        0      0.00561804317936253                        0      0.00801310719813579      0.00801310719813579                        0
       464                        0      0.00561600839976154                        0      0.00799571604777752      0.00799571604777752                        0
       472                        0      0.00561404859564235                        0      0.00797878288720227      0.00797878288720227                        0
       480                        0      0.00561215981582709                        0      0.00796228746640681      0.00796228746640681                        0
       488                        0      0.00561033837816668                        0       0.0079462107721577       0.0079462107721577                        0
       496                        0      0.00560858084720688                        0       0.0079305349326465       0.0079305349326465                        0
       504                        0      0.00560688401402958                        0      0.00791524313091001      0.00791524313091001                        0
       512                        0      0.00560524487803268                        0      0.00790031952608275      0.00790031952608275                        0
       520                        0      0.00560366063043077                        0       0.0078857491818204       0.0078857491818204                        0
       528                        0      0.00560212863929067                        0      0.00787151800089723      0.00787151800089723                        0
       536                        0      0.00560064643594065                        0      0.00785761266561351      0.00785761266561351                        0
       544                        0      0.00559921170260584                        0      0.00784402058312981      0.00784402058312981                        0
       552                        0      0.00559782226114629                        0      0.00783072983556715      0.00783072983556715                        0
       560                        0      0.00559647606278411                        0      0.00781772913417286      0.00781772913417286                        0
       568                        0      0.00559517117871717                        0      0.00780500777716395      0.00780500777716395                        0
       576                        0      0.00559390579153716                        0      0.00779255561108901      0.00779255561108901                        0
       584                        0      0.00559267818736728                        0      0.00778036299518418      0.00778036299518418                        0
       592                        0      0.00559148674865499                        0      0.00776842076851128      0.00776842076851128                        0
       600                        0      0.00559032994755633                        0      0.00775672021963828      0.00775672021963828                        0
       608                        0      0.00558920633984896                        0      0.00774525305866418      0.00774525305866418                        0
       616                        0      0.00558811455934295                        0      0.00773401139133626      0.00773401139133626                        0
       624                        0      0.00558705331271937                        0      0.00772298769498287      0.00772298769498287                        0
       632                        0      0.00558602137477932                        0      0.00771217479635782      0.00771217479635782                        0
       640                        0      0.00558501758405277                        0      0.00770156585100864      0.00770156585100864                        0
       648                        0       0.0055840408387464                        0       0.0076911543240628       0.0076911543240628                        0
       656                        0      0.00558309009299059                        0      0.00768093397246727      0.00768093397246727                        0
       664                        0      0.00558216435336314                        0      0.00767089882838835      0.00767089882838835                        0
       672                        0      0.00558126267567451                        0      0.00766104318380148      0.00766104318380148                        0
       680                        0      0.00558038416197875                        0      0.00765136157603597      0.00765136157603597                        0
       688                        0      0.00557952795780216                        0      0.00764184877443642      0.00764184877443642                        0
       696                        0      0.00557869324956596                        0      0.00763249976772537      0.00763249976772537                        0
       704                        0      0.00557787926218923                        0      0.00762330975233747      0.00762330975233747                        0
       712                        0      0.00557708525685961                        0      0.00761427412145031      0.00761427412145031                        0
       720                        0      0.00557631052895276                        0      0.00760538845468638      0.00760538845468638                        0
       728                        0      0.00557555440609686                        0      0.00759664850848792      0.00759664850848792                        0
       736                        0      0.00557481624636139                        0      0.00758805020717393      0.00758805020717393                        0
       744                        0      0.00557409543657229                        0       0.0075795896343828       0.0075795896343828                        0
       752                        0      0.00557339139073025                        0      0.00757126302519684      0.00757126302519684                        0
       760                        0      0.00557270354853535                        0       0.0075630667586148       0.0075630667586148                        0
       768                        0      0.00557203137400928                        0      0.00755499735058569      0.00755499735058569                        0
       776                        0      0.00557137435419691                        0      0.00754705144733568      0.00754705144733568                        0
       784                        0      0.00557073199795555                        0      0.00753922581923001      0.00753922581923001                        0
       792                        0       0.0055701038348197                        0      0.00753151735486435      0.00753151735486435                        0
       800                        0      0.00556948941393376                        0      0.00752392305548711      0.00752392305548711                        0
       808                        0      0.00556888830304548                        0      0.00751644002987786      0.00751644002987786                        0
       816                        0      0.00556830008757023                        0      0.00750906548939172      0.00750906548939172                        0
       824                        0      0.00556772436970289                        0      0.00750179674330323      0.00750179674330323                        0
       832                        0      0.00556716076758437                        0      0.00749463119437782      0.00749463119437782                        0
       840                        0      0.00556660891452066                        0      0.00748756633480147      0.00748756633480147                        0
       848                        0      0.00556606845823942                        0      0.00748059974217505      0.00748059974217505                        0
       856                        0      0.00556553906019962                        0      0.00747372907579787      0.00747372907579787                        0
       864                        0      0.00556502039493066                        0        0.007466952073209        0.007466952073209                        0
