#square and square, nu_xymn_2
#MM NN: 2 1
#quadrature order: 16
#numpanels            c*(gradu.n)^2                      BEM        0.5*(gradu)^2 ex.       Boundary Formula 1       Boundary Formula 2
        16                        0        0.325939521944461                        0        0.283953129590076        0.283953129590076                        0
        24                        0        0.332338979547235                        0        0.298875837065235        0.298875837065235                        0
        32                        0        0.334335805393504                        0        0.300677394028044        0.300677394028044                        0
        40                        0        0.334226811708223                        0        0.302114787420765        0.302114787420765                        0
        48                        0        0.333957138989844                        0        0.302978778686948        0.302978778686948                        0
        56                        0        0.333681287277521                        0        0.303761349395673        0.303761349395673                        0
        64                        0        0.333443006779252                        0        0.304457999729411        0.304457999729411                        0
        72                        0        0.333243959259092                        0         0.30509623682684         0.30509623682684                        0
        80                        0         0.33307818602444                        0         0.30568335518235         0.30568335518235                        0
        88                        0        0.332939281672014                        0        0.306225864692768        0.306225864692768                        0
        96                        0        0.332821857244374                        0        0.306728785977174        0.306728785977174                        0
       104                        0        0.332721653346005                        0        0.307196447486213        0.307196447486213                        0
       112                        0        0.332635361999292                        0        0.307632597513825        0.307632597513825                        0
       120                        0        0.332560416400132                        0        0.308040504098242        0.308040504098242                        0
       128                        0        0.332494813415576                        0        0.308423020239879        0.308423020239879                        0
       136                        0        0.332436976533656                        0        0.308782640195217        0.308782640195217                        0
       144                        0        0.332385653246301                        0         0.30912154838298         0.30912154838298                        0
       152                        0        0.332339838874975                        0        0.309441662133539        0.309441662133539                        0
       160                        0        0.332298719966216                        0        0.309744668732891        0.309744668732891                        0
       168                        0        0.332261631992639                        0        0.310032057284573        0.310032057284573                        0
       176                        0        0.332228027497094                        0        0.310305145963844        0.310305145963844                        0
       184                        0        0.332197451891197                        0        0.310565105254244        0.310565105254244                        0
       192                        0        0.332169524902003                        0        0.310812977729487        0.310812977729487                        0
       200                        0        0.332143926220035                        0        0.311049694892807        0.311049694892807                        0
       208                        0        0.332120384299484                        0        0.311276091524797        0.311276091524797                        0
       216                        0        0.332098667544208                        0        0.311492917927148        0.311492917927148                        0
       224                        0        0.332078577315142                        0        0.311700850394283        0.311700850394283                        0
       232                        0        0.332059942340073                        0         0.31190050019046         0.31190050019046                        0
       240                        0        0.332042614211906                        0        0.312092421266604        0.312092421266604                        0
       248                        0        0.332026463738464                        0        0.312277116912428        0.312277116912428                        0
       256                        0        0.332011377963386                        0        0.312455045507657        0.312455045507657                        0
       264                        0        0.331997257719701                        0        0.312626625508263        0.312626625508263                        0
       272                        0        0.331984015609093                        0        0.312792239782568        0.312792239782568                        0
       280                        0        0.331971574323505                        0        0.312952239392838        0.312952239392838                        0
       288                        0        0.331959865243789                        0        0.313106946902422        0.313106946902422                        0
       296                        0        0.331948827263827                        0        0.313256659276143        0.313256659276143                        0
       304                        0        0.331938405799186                        0         0.31340165043094         0.31340165043094                        0
       312                        0        0.331928551947595                        0        0.313542173484765        0.313542173484765                        0
       320                        0        0.331919221774948                        0        0.313678462744803        0.313678462744803                        0
       328                        0        0.331910375705609                        0        0.313810735469186        0.313810735469186                        0
       336                        0        0.331901977999751                        0        0.313939193432103        0.313939193432103                        0
       344                        0        0.331893996303664                        0         0.31406402431749         0.31406402431749                        0
       352                        0        0.331886401261463                        0        0.314185402962842        0.314185402962842                        0
       360                        0        0.331879166178703                        0        0.314303492471656        0.314303492471656                        0
       368                        0         0.33187226673001                        0        0.314418445210675        0.314418445210675                        0
       376                        0        0.331865680704188                        0        0.314530403705385        0.314530403705385                        0
       384                        0        0.331859387781343                        0        0.314639501446159        0.314639501446159                        0
       392                        0        0.331853369337451                        0        0.314745863615154        0.314745863615154                        0
       400                        0        0.331847608272528                        0        0.314849607742722        0.314849607742722                        0
       408                        0        0.331842088859148                        0        0.314950844301737        0.314950844301737                        0
       416                        0        0.331836796608579                        0        0.315049677246489        0.315049677246489                        0
       424                        0        0.331831718152187                        0        0.315146204501898        0.315146204501898                        0
       432                        0        0.331826841136139                        0        0.315240518408308        0.315240518408308                        0
       440                        0        0.331822154127692                        0        0.315332706127352        0.315332706127352                        0
       448                        0        0.331817646531622                        0        0.315422850011773        0.315422850011773                        0
       456                        0        0.331813308515537                        0        0.315511027943701        0.315511027943701                        0
       464                        0        0.331809130942995                        0        0.315597313643721        0.315597313643721                        0
       472                        0        0.331805105313506                        0        0.315681776955102        0.315681776955102                        0
       480                        0        0.331801223708591                        0        0.315764484103342        0.315764484103342                        0
       488                        0        0.331797478743213                        0        0.315845497935991        0.315845497935991                        0
       496                        0         0.33179386352197                        0        0.315924878142321        0.315924878142321                        0
       504                        0        0.331790371599502                        0        0.316002681456039        0.316002681456039                        0
       512                        0        0.331786996944666                        0        0.316078961842688        0.316078961842688                        0
       520                        0        0.331783733908054                        0        0.316153770671763        0.316153770671763                        0
       528                        0        0.331780577192511                        0        0.316227156876874        0.316227156876874                        0
       536                        0        0.331777521826316                        0        0.316299167102975        0.316299167102975                        0
       544                        0        0.331774563138782                        0        0.316369845843975        0.316369845843975                        0
       552                        0        0.331771696737988                        0        0.316439235569179        0.316439235569179                        0
       560                        0        0.331768918490461                        0        0.316507376841196        0.316507376841196                        0
       568                        0         0.33176622450259                        0        0.316574308426016        0.316574308426016                        0
       576                        0        0.331763611103626                        0        0.316640067394487        0.316640067394487                        0
       584                        0         0.33176107483008                        0        0.316704689217348        0.316704689217348                        0
       592                        0        0.331758612411432                        0        0.316768207853861        0.316768207853861                        0
       600                        0        0.331756220756967                        0        0.316830655834424        0.316830655834424                        0
       608                        0        0.331753896943705                        0        0.316892064337437        0.316892064337437                        0
       616                        0        0.331751638205256                        0        0.316952463261218        0.316952463261218                        0
       624                        0        0.331749441921562                        0        0.317011881291962        0.317011881291962                        0
       632                        0        0.331747305609426                        0        0.317070345966292        0.317070345966292                        0
       640                        0        0.331745226913763                        0        0.317127883730358        0.317127883730358                        0
       648                        0        0.331743203599511                        0        0.317184519995633        0.317184519995633                        0
       656                        0        0.331741233544149                        0        0.317240279190526        0.317240279190526                        0
       664                        0        0.331739314730749                        0        0.317295184809369        0.317295184809369                        0
       672                        0        0.331737445241553                        0        0.317349259458062        0.317349259458062                        0
       680                        0           0.331735623252                        0        0.317402524897647        0.317402524897647                        0
       688                        0        0.331733847025176                        0        0.317455002084227        0.317455002084227                        0
       696                        0        0.331732114906661                        0        0.317506711207853        0.317506711207853                        0
       704                        0        0.331730425319723                        0        0.317557671728111        0.317557671728111                        0
       712                        0        0.331728776760858                        0        0.317607902408092        0.317607902408092                        0
       720                        0        0.331727167795613                        0        0.317657421346642        0.317657421346642                        0
       728                        0        0.331725597054707                        0         0.31770624600863         0.31770624600863                        0
       736                        0        0.331724063230395                        0        0.317754393252976        0.317754393252976                        0
