#square and square, nu_xymn_2
#MM NN: 3 2
#quadrature order: 16
#numpanels            c*(gradu.n)^2                      BEM        0.5*(gradu)^2 ex.       Boundary Formula 1       Boundary Formula 2
        16                        0        0.265163100445752                        0        0.283707146805181        0.283707146805181                        0
        24                        0        0.258941005162152                        0        0.273451142940025        0.273451142940025                        0
        32                        0        0.255547647005522                        0        0.263242328938533        0.263242328938533                        0
        40                        0        0.252732767267968                        0        0.257529690191729        0.257529690191729                        0
        48                        0        0.250823689376931                        0        0.253630755574225        0.253630755574225                        0
        56                        0        0.249448963328305                        0        0.250976559585666        0.250976559585666                        0
        64                        0         0.24842548453481                        0        0.249056552941884        0.249056552941884                        0
        72                        0        0.247637965852954                        0        0.247621701307957        0.247621701307957                        0
        80                        0        0.247015558066435                        0         0.24651653517462         0.24651653517462                        0
        88                        0        0.246512583394286                        0        0.245644930828138        0.245644930828138                        0
        96                        0         0.24609851230614                        0        0.244943825324012        0.244943825324012                        0
       104                        0        0.245752247521232                        0        0.244370487754465        0.244370487754465                        0
       112                        0        0.245458785558724                        0        0.243895023150563        0.243895023150563                        0
       120                        0        0.245207187129921                        0        0.243495959846079        0.243495959846079                        0
       128                        0        0.244989301099879                        0         0.24315751813475         0.24315751813475                        0
       136                        0        0.244798937136309                        0        0.242867867942661        0.242867867942661                        0
       144                        0        0.244631314436852                        0        0.242617983574504        0.242617983574504                        0
       152                        0         0.24448268535775                        0         0.24240087146671         0.24240087146671                        0
       160                        0        0.244350072804209                        0        0.242211037427669        0.242211037427669                        0
       168                        0        0.244231083388251                        0        0.242044111550644        0.242044111550644                        0
       176                        0        0.244123772138364                        0        0.241896579275837        0.241896579275837                        0
       184                        0        0.244026542968858                        0        0.241765585366304        0.241765585366304                        0
       192                        0         0.24393807439319                        0         0.24164878888671         0.24164878888671                        0
       200                        0         0.24385726334472                        0        0.241544254451857        0.241544254451857                        0
       208                        0        0.243783182176918                        0        0.241450369658889        0.241450369658889                        0
       216                        0        0.243715045385478                        0        0.241365781683724        0.241365781683724                        0
       224                        0        0.243652183590798                        0        0.241289348083047        0.241289348083047                        0
       232                        0        0.243594023004548                        0        0.241220098249354        0.241220098249354                        0
       240                        0        0.243540069082451                        0        0.241157202941737        0.241157202941737                        0
       248                        0        0.243489893403965                        0        0.241099950000096        0.241099950000096                        0
       256                        0         0.24344312306209                        0        0.241047724838101        0.241047724838101                        0
       264                        0        0.243399432022388                        0        0.240999994661342        0.240999994661342                        0
       272                        0        0.243358534039157                        0        0.240956295613115        0.240956295613115                        0
       280                        0        0.243320176812121                        0        0.240916222238508        0.240916222238508                        0
       288                        0        0.243284137138273                        0        0.240879418797296        0.240879418797296                        0
       296                        0        0.243250216867353                        0         0.24084557206121         0.24084557206121                        0
       304                        0        0.243218239510237                        0        0.240814405310466        0.240814405310466                        0
       312                        0        0.243188047380989                        0        0.240785673304985        0.240785673304985                        0
       320                        0        0.243159499177432                        0        0.240759158052275        0.240759158052275                        0
       328                        0        0.243132467923989                        0        0.240734665229822        0.240734665229822                        0
       336                        0        0.243106839215302                        0         0.24071202114806         0.24071202114806                        0
       344                        0        0.243082509710696                        0        0.240691070161869        0.240691070161869                        0
       352                        0        0.243059385838848                        0        0.240671672455955        0.240671672455955                        0
       360                        0        0.243037382679296                        0        0.240653702143195        0.240653702143195                        0
       368                        0        0.243016422993383                        0        0.240637045626122        0.240637045626122                        0
       376                        0        0.242996436381911                        0        0.240621600180386        0.240621600180386                        0
       384                        0        0.242977358550674                        0        0.240607272726361        0.240607272726361                        0
       392                        0        0.242959130668139                        0        0.240593978760633        0.240593978760633                        0
       400                        0        0.242941698802125                        0         0.24058164142383         0.24058164142383                        0
       408                        0        0.242925013424404                        0        0.240570190685256        0.240570190685256                        0
       416                        0        0.242909028973896                        0        0.240559562627744        0.240559562627744                        0
       424                        0        0.242893703470569                        0        0.240549698818794        0.240549698818794                        0
       432                        0        0.242878998173318                        0        0.240540545756205        0.240540545756205                        0
       440                        0        0.242864877276119                        0        0.240532054378382        0.240532054378382                        0
       448                        0        0.242851307637578                        0        0.240524179630604        0.240524179630604                        0
       456                        0        0.242838258539668                        0        0.240516880080155        0.240516880080155                        0
       464                        0        0.242825701472082                        0        0.240510117573949        0.240510117573949                        0
       472                        0        0.242813609939071                        0        0.240503856933627        0.240503856933627                        0
       480                        0        0.242801959286118                        0        0.240498065683073        0.240498065683073                        0
       488                        0        0.242790726544081                        0        0.240492713804898        0.240492713804898                        0
       496                        0        0.242779890288847                        0        0.240487773522054        0.240487773522054                        0
       504                        0        0.242769430514673                        0        0.240483219101804        0.240483219101804                        0
       512                        0        0.242759328519734                        0        0.240479026679558        0.240479026679558                        0
       520                        0         0.24274956680251                        0        0.240475174099988        0.240475174099988                        0
       528                        0        0.242740128967845                        0        0.240471640773893        0.240471640773893                        0
       536                        0        0.242730999641636                        0         0.24046840754868         0.24046840754868                        0
       544                        0        0.242722164393264                        0        0.240465456591373        0.240465456591373                        0
       552                        0        0.242713609664933                        0        0.240462771282382        0.240462771282382                        0
       560                        0         0.24270532270725                        0        0.240460336119185        0.240460336119185                        0
       568                        0        0.242697291520376                        0        0.240458136628899        0.240458136628899                        0
       576                        0        0.242689504800231                        0        0.240456159288546        0.240456159288546                        0
       584                        0        0.242681951889222                        0        0.240454391452513        0.240454391452513                        0
       592                        0        0.242674622731101                        0         0.24045282128639         0.24045282128639                        0
       600                        0        0.242667507829499                        0        0.240451437706521        0.240451437706521                        0
       608                        0        0.242660598209854                        0        0.240450230324683        0.240450230324683                        0
       616                        0        0.242653885384371                        0        0.240449189397467        0.240449189397467                        0
       624                        0        0.242647361319752                        0        0.240448305779986        0.240448305779986                        0
       632                        0        0.242641018407454                        0        0.240447570883246        0.240447570883246                        0
       640                        0        0.242634849436225                        0        0.240446976635059        0.240446976635059                        0
       648                        0        0.242628847566746                        0        0.240446515444181        0.240446515444181                        0
       656                        0        0.242623006308162                        0        0.240446180167183        0.240446180167183                        0
       664                        0         0.24261731949638                        0        0.240445964078024        0.240445964078024                        0
       672                        0         0.24261178127394                        0        0.240445860839919        0.240445860839919                        0
       680                        0        0.242606386071351                        0        0.240445864479498        0.240445864479498                        0
       688                        0        0.242601128589779                        0        0.240445969362745        0.240445969362745                        0
       696                        0        0.242596003784941                        0         0.24044617017297         0.24044617017297                        0
       704                        0        0.242591006852144                        0        0.240446461890253        0.240446461890253                        0
       712                        0         0.24258613321236                        0        0.240446839772471        0.240446839772471                        0
       720                        0        0.242581378499246                        0        0.240447299337746        0.240447299337746                        0
       728                        0        0.242576738547047                        0        0.240447836348136        0.240447836348136                        0
       736                        0        0.242572209379322                        0        0.240448446794391        0.240448446794391                        0
       744                        0        0.242567787198402                        0           0.240449126882           0.240449126882                        0
       752                        0        0.242563468375549                        0        0.240449873018009        0.240449873018009                        0
       760                        0        0.242559249441754                        0        0.240450681798935        0.240450681798935                        0
