#square and square, nu_xymn_1
#MM NN: 5 3
#quadrature order: 16
#numpanels            c*(gradu.n)^2                      BEM        0.5*(gradu)^2 ex.       Boundary Formula 1       Boundary Formula 2
        16                        0       -0.286136804593576                        0       -0.299191069875378       -0.299191069875378                        0
        24                        0       -0.275988721293371                        0       -0.288375322709272       -0.288375322709272                        0
        32                        0       -0.271236635907847                        0       -0.277609340894363       -0.277609340894363                        0
        40                        0       -0.267714182496847                        0       -0.271584922695123       -0.271584922695123                        0
        48                        0        -0.26539539937157                        0       -0.267473195399141       -0.267473195399141                        0
        56                        0       -0.263755068128162                        0       -0.264674140999489       -0.264674140999489                        0
        64                        0       -0.262547156878585                        0       -0.262649345895141       -0.262649345895141                        0
        72                        0        -0.26162481682087                        0       -0.261136184170792       -0.261136184170792                        0
        80                        0       -0.260899983115999                        0       -0.259970701236913       -0.259970701236913                        0
        88                        0       -0.260316814704461                        0       -0.259051527222903       -0.259051527222903                        0
        96                        0        -0.25983842205326                        0       -0.258312157389463       -0.258312157389463                        0
       104                        0       -0.259439535197901                        0       -0.257707528698362       -0.257707528698362                        0
       112                        0       -0.259102305661074                        0       -0.257206114598895       -0.257206114598895                        0
       120                        0       -0.258813791249081                        0       -0.256785271562819       -0.256785271562819                        0
       128                        0       -0.258564392086411                        0       -0.256428358672735       -0.256428358672735                        0
       136                        0       -0.258346845379908                        0       -0.256122900203206       -0.256122900203206                        0
       144                        0       -0.258155560332458                        0       -0.255859377862313       -0.255859377862313                        0
       152                        0       -0.257986166716768                        0       -0.255630416397834       -0.255630416397834                        0
       160                        0       -0.257835201448156                        0       -0.255430221760935       -0.255430221760935                        0
       168                        0       -0.257699886527638                        0       -0.255254185547892       -0.255254185547892                        0
       176                        0       -0.257577968841756                        0       -0.255098601384309       -0.255098601384309                        0
       184                        0       -0.257467602684746                        0       -0.254960458202575       -0.254960458202575                        0
       192                        0       -0.257367262325967                        0       -0.254837287305809       -0.254837287305809                        0
       200                        0       -0.257275676056888                        0        -0.25472704768107        -0.25472704768107                        0
       208                        0       -0.257191775825616                        0       -0.254628038925131       -0.254628038925131                        0
       216                        0       -0.257114658339102                        0       -0.254538834380681       -0.254538834380681                        0
       224                        0       -0.257043554708965                        0       -0.254458229253119       -0.254458229253119                        0
       232                        0       -0.256977806536647                        0       -0.254385199961954       -0.254385199961954                        0
       240                        0        -0.25691684690421                        0       -0.254318872008673       -0.254318872008673                        0
       248                        0       -0.256860185139725                        0       -0.254258494365549       -0.254258494365549                        0
       256                        0       -0.256807394513897                        0       -0.254203418903872       -0.254203418903872                        0
       264                        0       -0.256758102232705                        0       -0.254153083750834       -0.254153083750834                        0
       272                        0       -0.256711981243021                        0        -0.25410699973378        -0.25410699973378                        0
       280                        0       -0.256668743480598                        0       -0.254064739269229       -0.254064739269229                        0
       288                        0       -0.256628134273731                        0       -0.254025927201664       -0.254025927201664                        0
       296                        0        -0.25658992767904                        0       -0.253990233207708       -0.253990233207708                        0
       304                        0       -0.256553922573785                        0       -0.253957365465008       -0.253957365465008                        0
       312                        0       -0.256519939365835                        0       -0.253927065349016       -0.253927065349016                        0
       320                        0       -0.256487817210743                        0       -0.253899102969802       -0.253899102969802                        0
       328                        0       -0.256457411647315                        0       -0.253873273399286       -0.253873273399286                        0
       336                        0       -0.256428592580371                        0       -0.253849393468431       -0.253849393468431                        0
       344                        0       -0.256401242552801                        0       -0.253827299037448       -0.253827299037448                        0
       352                        0       -0.256375255259867                        0       -0.253806842660325       -0.253806842660325                        0
       360                        0       -0.256350534267138                        0       -0.253787891579399       -0.253787891579399                        0
       368                        0       -0.256326991900396                        0       -0.253770325997343       -0.253770325997343                        0
       376                        0       -0.256304548281232                        0       -0.253754037583444       -0.253754037583444                        0
       384                        0       -0.256283130486641                        0       -0.253738928178048       -0.253738928178048                        0
       392                        0       -0.256262671814427                        0       -0.253724908665762       -0.253724908665762                        0
       400                        0       -0.256243111139295                        0       -0.253711897992463       -0.253711897992463                        0
       408                        0       -0.256224392346849                        0       -0.253699822305401       -0.253699822305401                        0
       416                        0       -0.256206463834786                        0       -0.253688614198978       -0.253688614198978                        0
       424                        0        -0.25618927807217                        0       -0.253678212051581       -0.253678212051581                        0
       432                        0       -0.256172791209101                        0       -0.253668559441064       -0.253668559441064                        0
       440                        0       -0.256156962730177                        0       -0.253659604628179       -0.253659604628179                        0
       448                        0       -0.256141755146193                        0        -0.25365130009925        -0.25365130009925                        0
       456                        0         -0.2561271337192                        0       -0.253643602160234       -0.253643602160234                        0
       464                        0       -0.256113066216857                        0       -0.253636470575837       -0.253636470575837                        0
       472                        0       -0.256099522692484                        0       -0.253629868247692       -0.253629868247692                        0
       480                        0       -0.256086475287763                        0       -0.253623760927292       -0.253623760927292                        0
       488                        0       -0.256073898055389                        0       -0.253618116958946       -0.253618116958946                        0
       496                        0       -0.256061766799429                        0       -0.253612907049607       -0.253612907049607                        0
       504                        0       -0.256050058931285                        0       -0.253608104062173       -0.253608104062173                        0
       512                        0       -0.256038753339592                        0       -0.253603682829524       -0.253603682829524                        0
       520                        0       -0.256027830272474                        0         -0.2535996199872         -0.2535996199872                        0
       528                        0       -0.256017271230806                        0       -0.253595893822265       -0.253595893822265                        0
       536                        0       -0.256007058871334                        0       -0.253592484136908       -0.253592484136908                        0
       544                        0       -0.255997176918589                        0       -0.253589372124806       -0.253589372124806                        0
       552                        0       -0.255987610084689                        0       -0.253586540259328       -0.253586540259328                        0
       560                        0       -0.255978343996227                        0       -0.253583972191918       -0.253583972191918                        0
       568                        0       -0.255969365127506                        0       -0.253581652659756       -0.253581652659756                        0
       576                        0       -0.255960660739526                        0       -0.253579567401815       -0.253579567401815                        0
       584                        0       -0.255952218824112                        0       -0.253577703082365       -0.253577703082365                        0
       592                        0       -0.255944028052732                        0       -0.253576047221088       -0.253576047221088                        0
       600                        0       -0.255936077729508                        0       -0.253574588129396       -0.253574588129396                        0
       608                        0        -0.25592835774807                        0       -0.253573314852094       -0.253573314852094                        0
       616                        0       -0.255920858551858                        0        -0.25357221711406        -0.25357221711406                        0
       624                        0       -0.255913571097579                        0       -0.253571285271272       -0.253571285271272                        0
       632                        0       -0.255906486821522                        0       -0.253570510265958       -0.253570510265958                        0
       640                        0       -0.255899597608465                        0       -0.253569883585422       -0.253569883585422                        0
       648                        0       -0.255892895762972                        0       -0.253569397224075       -0.253569397224075                        0
       656                        0       -0.255886373982844                        0        -0.25356904364863        -0.25356904364863                        0
       664                        0       -0.255880025334547                        0        -0.25356881576593        -0.25356881576593                        0
       672                        0       -0.255873843230449                        0       -0.253568706893403       -0.253568706893403                        0
       680                        0       -0.255867821407716                        0       -0.253568710731596       -0.253568710731596                        0
       688                        0       -0.255861953908728                        0       -0.253568821339074       -0.253568821339074                        0
       696                        0       -0.255856235062879                        0       -0.253569033108939       -0.253569033108939                        0
       704                        0       -0.255850659469649                        0       -0.253569340747307       -0.253569340747307                        0
       712                        0       -0.255845221982885                        0       -0.253569739253271       -0.253569739253271                        0
       720                        0       -0.255839917696115                        0       -0.253570223900329       -0.253570223900329                        0
       728                        0       -0.255834741928902                        0        -0.25357079021919        -0.25357079021919                        0
