#square and square, nu_xymn_2
#MM NN: 3 1
#quadrature order: 16
#numpanels            c*(gradu.n)^2                      BEM        0.5*(gradu)^2 ex.       Boundary Formula 1       Boundary Formula 2
        16                        0        0.244941937500095                        0        0.262544823262719        0.262544823262719                        0
        24                        0        0.239412741296639                        0        0.253053836685606        0.253053836685606                        0
        32                        0        0.236345160602015                        0        0.243606519979185        0.243606519979185                        0
        40                        0        0.233780979937194                        0        0.238319999188176        0.238319999188176                        0
        48                        0        0.232038397313481                        0        0.234711894452033        0.234711894452033                        0
        56                        0        0.230781892424365                        0        0.232255680625317        0.232255680625317                        0
        64                        0        0.229845610554351                        0        0.230478891388136        0.230478891388136                        0
        72                        0        0.229124716678113                        0        0.229151068409829        0.229151068409829                        0
        80                        0        0.228554675575329                        0        0.228128338984715        0.228128338984715                        0
        88                        0        0.228093829339366                        0        0.227321749472681        0.227321749472681                        0
        96                        0        0.227714310332622                        0        0.226672940929286        0.226672940929286                        0
       104                        0        0.227396847296148                        0        0.226142369836659        0.226142369836659                        0
       112                        0        0.227127727567904                        0        0.225702371155607        0.225702371155607                        0
       120                        0        0.226896948291068                        0        0.225333074837463        0.225333074837463                        0
       128                        0        0.226697053091087                        0         0.22501987821804         0.22501987821804                        0
       136                        0        0.226522377296933                        0        0.224751833653967        0.224751833653967                        0
       144                        0        0.226368544740849                        0        0.224520588695873        0.224520588695873                        0
       152                        0        0.226232124042785                        0         0.22431967144507         0.22431967144507                        0
       160                        0        0.226110388686367                        0        0.224143997533467        0.224143997533467                        0
       168                        0        0.226001146254884                        0        0.223989523015024        0.223989523015024                        0
       176                        0        0.225902614742939                        0        0.223852995488485        0.223852995488485                        0
       184                        0         0.22581333153479                        0        0.223731772695142        0.223731772695142                        0
       192                        0        0.225732085450757                        0        0.223623688315042        0.223623688315042                        0
       200                        0        0.225657865345153                        0        0.223526951327508        0.223526951327508                        0
       208                        0        0.225589820754403                        0        0.223440069602271        0.223440069602271                        0
       216                        0        0.225527231436227                        0         0.22336179122529         0.22336179122529                        0
       224                        0        0.225469483550196                        0        0.223291058970544        0.223291058970544                        0
       232                        0        0.225416050855836                        0         0.22322697463022         0.22322697463022                        0
       240                        0        0.225366479741568                        0        0.223168770818268        0.223168770818268                        0
       248                        0        0.225320377207107                        0        0.223115788496131        0.223115788496131                        0
       256                        0        0.225277401143682                        0        0.223067458920792        0.223067458920792                        0
       264                        0        0.225237252417173                        0        0.223023289040116        0.223023289040116                        0
       272                        0        0.225199668377117                        0        0.222982849597462        0.222982849597462                        0
       280                        0        0.225164417501805                        0        0.222945765381671        0.222945765381671                        0
       288                        0        0.225131294954864                        0        0.222911707187941        0.222911707187941                        0
       296                        0         0.22510011887799                        0        0.222880385152371        0.222880385152371                        0
       304                        0        0.225070727281867                        0        0.222851543196297        0.222851543196297                        0
       312                        0        0.225042975426026                        0        0.222824954372625        0.222824954372625                        0
       320                        0        0.225016733600554                        0        0.222800416949388        0.222800416949388                        0
       328                        0        0.224991885239789                        0        0.222777751099005        0.222777751099005                        0
       336                        0        0.224968325311682                        0        0.222756796087786        0.222756796087786                        0
       344                        0        0.224945958937089                        0        0.222737407880515        0.222737407880515                        0
       352                        0        0.224924700201742                        0        0.222719457091018        0.222719457091018                        0
       360                        0        0.224904471130351                        0        0.222702827222365        0.222702827222365                        0
       368                        0        0.224885200797695                        0        0.222687413150564        0.222687413150564                        0
       376                        0        0.224866824555906                        0        0.222673119813697        0.222673119813697                        0
       384                        0        0.224849283360664                        0        0.222659861075145        0.222659861075145                        0
       392                        0          0.2248325231819                        0        0.222647558734785        0.222647558734785                        0
       400                        0        0.224816494486938                        0        0.222636141666351        0.222636141666351                        0
       408                        0        0.224801151785939                        0        0.222625545062884        0.222625545062884                        0
       416                        0        0.224786453231085                        0        0.222615709774939        0.222615709774939                        0
       424                        0        0.224772360262263                        0        0.222606581728619        0.222606581728619                        0
       432                        0        0.224758837293109                        0        0.222598111412566        0.222598111412566                        0
       440                        0        0.224745851432144                        0        0.222590253424796        0.222590253424796                        0
       448                        0        0.224733372234561                        0        0.222582966071316        0.222582966071316                        0
       456                        0        0.224721371480783                        0        0.222576211009964        0.222576211009964                        0
       464                        0        0.224709822978525                        0        0.222569952933576        0.222569952933576                        0
       472                        0        0.224698702385491                        0        0.222564159287821        0.222564159287821                        0
       480                        0        0.224687987050263                        0        0.222558800019046        0.222558800019046                        0
       488                        0        0.224677655869232                        0        0.222553847348923        0.222553847348923                        0
       496                        0        0.224667689157753                        0        0.222549275572354        0.222549275572354                        0
       504                        0        0.224658068533859                        0        0.222545060876062        0.222545060876062                        0
       512                        0        0.224648776813196                        0        0.222541181175568        0.222541181175568                        0
       520                        0        0.224639797913879                        0        0.222537615968158        0.222537615968158                        0
       528                        0        0.224631116770249                        0        0.222534346200421        0.222534346200421                        0
       536                        0        0.224622719254535                        0        0.222531354148399        0.222531354148399                        0
       544                        0        0.224614592105629                        0        0.222528623309317        0.222528623309317                        0
       552                        0        0.224606722864205                        0        0.222526138303273        0.222526138303273                        0
       560                        0         0.22459909981356                        0        0.222523884784113        0.222523884784113                        0
       568                        0        0.224591711925571                        0        0.222521849358517        0.222521849358517                        0
       576                        0        0.224584548811297                        0        0.222520019512214        0.222520019512214                        0
       584                        0        0.224577600675726                        0        0.222518383542856        0.222518383542856                        0
       592                        0        0.224570858276317                        0        0.222516930498786        0.222516930498786                        0
       600                        0         0.22456431288492                        0        0.222515650123102        0.222515650123102                        0
       608                        0        0.224557956252803                        0        0.222514532802461        0.222514532802461                        0
       616                        0        0.224551780578478                        0        0.222513569520235        0.222513569520235                        0
       624                        0         0.22454577847805                        0        0.222512751813673        0.222512751813673                        0
       632                        0        0.224539942957907                        0        0.222512071734455        0.222512071734455                        0
       640                        0        0.224534267389493                        0        0.222511521812513        0.222511521812513                        0
       648                        0        0.224528745486005                        0         0.22251109502285         0.22251109502285                        0
       656                        0        0.224523371280852                        0        0.222510784754881        0.222510784754881                        0
       664                        0        0.224518139107701                        0        0.222510584784275        0.222510584784275                        0
       672                        0        0.224513043581999                        0        0.222510489246922        0.222510489246922                        0
       680                        0        0.224508079583823                        0        0.222510492615017        0.222510492615017                        0
       688                        0        0.224503242241973                        0        0.222510589674797        0.222510589674797                        0
       696                        0        0.224498526919184                        0        0.222510775506158        0.222510775506158                        0
       704                        0         0.22449392919837                        0        0.222511045463624        0.222511045463624                        0
       712                        0        0.224489444869838                        0        0.222511395158798        0.222511395158798                        0
       720                        0        0.224485069919363                        0        0.222511820444116        0.222511820444116                        0
       728                        0         0.22448080051707                        0         0.22251231739775         0.22251231739775                        0
       736                        0        0.224476633007078                        0        0.222512882309513        0.222512882309513                        0
       744                        0        0.224472563897812                        0         0.22251351166793         0.22251351166793                        0
       752                        0        0.224468589852966                        0        0.222514202148057        0.222514202148057                        0
       760                        0        0.224464707683039                        0        0.222514950600282        0.222514950600282                        0
       768                        0        0.224460914337425                        0        0.222515754039754        0.222515754039754                        0
