#square and square, nu_xymn_2
#MM NN: 1 5
#quadrature order: 16
#numpanels            c*(gradu.n)^2                      BEM        0.5*(gradu)^2 ex.       Boundary Formula 1       Boundary Formula 2
        16                        0       -0.306752536169073                        0       -0.211201638345371       -0.211201638345371                        0
        24                        0       -0.292781735629703                        0       -0.230911965720184       -0.230911965720184                        0
        32                        0       -0.288653199327003                        0       -0.236527186463468       -0.236527186463468                        0
        40                        0       -0.285981028215126                        0       -0.240258234630999       -0.240258234630999                        0
        48                        0       -0.284410574210839                        0       -0.242711256264965       -0.242711256264965                        0
        56                        0       -0.283383267052006                        0       -0.244616365547429       -0.244616365547429                        0
        64                        0       -0.282670448021716                        0       -0.246149395474821       -0.246149395474821                        0
        72                        0       -0.282151970639448                        0       -0.247431726672791       -0.247431726672791                        0
        80                        0       -0.281760551041945                        0       -0.248529378170508       -0.248529378170508                        0
        88                        0       -0.281456135198363                        0       -0.249485965700119       -0.249485965700119                        0
        96                        0       -0.281213590973331                        0       -0.250331225279029       -0.250331225279029                        0
       104                        0       -0.281016436714632                        0       -0.251086496437653       -0.251086496437653                        0
       112                        0        -0.28085345982574                        0       -0.251767602204754       -0.251767602204754                        0
       120                        0       -0.280716791825591                        0       -0.252386604482637       -0.252386604482637                        0
       128                        0         -0.2806007627329                        0       -0.252952905598334       -0.252952905598334                        0
       136                        0       -0.280501192312088                        0        -0.25347397338965        -0.25347397338965                        0
       144                        0       -0.280414936661108                        0       -0.253955834452482       -0.253955834452482                        0
       152                        0       -0.280339589554279                        0       -0.254403419596636       -0.254403419596636                        0
       160                        0       -0.280273280605991                        0       -0.254820811773004       -0.254820811773004                        0
       168                        0        -0.28021453573198                        0       -0.255211427806703       -0.255211427806703                        0
       176                        0       -0.280162178705829                        0       -0.255578154085282       -0.255578154085282                        0
       184                        0       -0.280115260434888                        0        -0.25592344952539        -0.25592344952539                        0
       192                        0        -0.28007300731149                        0       -0.256249424843022       -0.256249424843022                        0
       200                        0       -0.280034782930693                        0       -0.256557904373475       -0.256557904373475                        0
       208                        0       -0.280000059329444                        0        -0.25685047484667        -0.25685047484667                        0
       216                        0       -0.279968395110588                        0       -0.257128524277082       -0.257128524277082                        0
       224                        0       -0.279939418614008                        0       -0.257393273272175       -0.257393273272175                        0
       232                        0       -0.279912814834724                        0        -0.25764580045895        -0.25764580045895                        0
       240                        0       -0.279888315155196                        0       -0.257887063301421       -0.257887063301421                        0
       248                        0       -0.279865689214176                        0       -0.258117915271936       -0.258117915271936                        0
       256                        0       -0.279844738413886                        0       -0.258339120113401       -0.258339120113401                        0
       264                        0       -0.279825290695198                        0        -0.25855136376077        -0.25855136376077                        0
       272                        0       -0.279807196302755                        0        -0.25875526436611        -0.25875526436611                        0
       280                        0       -0.279790324329204                        0       -0.258951380776046       -0.258951380776046                        0
       288                        0       -0.279774559877274                        0       -0.259140219737739       -0.259140219737739                        0
       296                        0       -0.279759801715364                        0       -0.259322242054308       -0.259322242054308                        0
       304                        0       -0.279745960329908                        0        -0.25949786786716        -0.25949786786716                        0
       312                        0       -0.279732956298801                        0        -0.25966748120868        -0.25966748120868                        0
       320                        0       -0.279720718926174                        0       -0.259831433942404       -0.259831433942404                        0
       328                        0       -0.279709185091082                        0       -0.259990049185899       -0.259990049185899                        0
       336                        0       -0.279698298272255                        0       -0.260143624295466       -0.260143624295466                        0
       344                        0       -0.279688007718451                        0       -0.260292433477819       -0.260292433477819                        0
       352                        0       -0.279678267739836                        0       -0.260436730082869       -0.260436730082869                        0
       360                        0       -0.279669037100402                        0       -0.260576748622818       -0.260576748622818                        0
       368                        0       -0.279660278495102                        0       -0.260712706555742       -0.260712706555742                        0
       376                        0       -0.279651958098334                        0       -0.260844805865304       -0.260844805865304                        0
       384                        0       -0.279644045172715                        0       -0.260973234464142       -0.260973234464142                        0
       392                        0        -0.27963651172904                        0       -0.261098167443631       -0.261098167443631                        0
       400                        0       -0.279629332229808                        0       -0.261219768189363       -0.261219768189363                        0
       408                        0       -0.279622483329993                        0       -0.261338189379646       -0.261338189379646                        0
       416                        0       -0.279615943649732                        0       -0.261453573881174       -0.261453573881174                        0
       424                        0       -0.279609693574483                        0       -0.261566055553968       -0.261566055553968                        0
       432                        0        -0.27960371507887                        0       -0.261675759976237       -0.261675759976237                        0
       440                        0        -0.27959799157102                        0       -0.261782805099314       -0.261782805099314                        0
       448                        0       -0.279592507754698                        0       -0.261887301839407       -0.261887301839407                        0
       456                        0         -0.2795872495069                        0        -0.26198935461411        -0.26198935461411                        0
       464                        0       -0.279582203768954                        0       -0.262089061828859       -0.262089061828859                        0
       472                        0       -0.279577358449423                        0       -0.262186516320275       -0.262186516320275                        0
       480                        0       -0.279572702337352                        0       -0.262281805758627       -0.262281805758627                        0
       488                        0       -0.279568225024602                        0       -0.262375013016369       -0.262375013016369                        0
       496                        0       -0.279563916836202                        0       -0.262466216503836       -0.262466216503836                        0
       504                        0       -0.279559768767747                        0       -0.262555490476797       -0.262555490476797                        0
       512                        0       -0.279555772429062                        0       -0.262642905318746       -0.262642905318746                        0
       520                        0       -0.279551919993399                        0       -0.262728527798992       -0.262728527798992                        0
       528                        0       -0.279548204151537                        0       -0.262812421310906       -0.262812421310906                        0
       536                        0       -0.279544618070269                        0       -0.262894646090123       -0.262894646090123                        0
       544                        0       -0.279541155354794                        0       -0.262975259416817       -0.262975259416817                        0
       552                        0       -0.279537810014563                        0       -0.263054315801068       -0.263054315801068                        0
       560                        0        -0.27953457643227                        0       -0.263131867154595       -0.263131867154595                        0
       568                        0       -0.279531449335599                        0       -0.263207962950084       -0.263207962950084                        0
       576                        0       -0.279528423771506                        0       -0.263282650367713       -0.263282650367713                        0
       584                        0       -0.279525495082721                        0        -0.26335597443151        -0.26335597443151                        0
       592                        0       -0.279522658886297                        0       -0.263427978135925       -0.263427978135925                        0
       600                        0       -0.279519911053968                        0       -0.263498702563308       -0.263498702563308                        0
       608                        0       -0.279517247694165                        0       -0.263568186992844       -0.263568186992844                        0
       616                        0        -0.27951466513552                        0        -0.26363646900201        -0.26363646900201                        0
       624                        0       -0.279512159911712                        0       -0.263703584561824       -0.263703584561824                        0
       632                        0       -0.279509728747538                        0       -0.263769568124519       -0.263769568124519                        0
       640                        0       -0.279507368546108                        0       -0.263834452705906       -0.263834452705906                        0
       648                        0       -0.279505076377022                        0       -0.263898269962699       -0.263898269962699                        0
       656                        0        -0.27950284946549                        0       -0.263961050264035       -0.263961050264035                        0
       664                        0       -0.279500685182268                        0       -0.264022822758937       -0.264022822758937                        0
       672                        0       -0.279498581034375                        0       -0.264083615439085       -0.264083615439085                        0
       680                        0       -0.279496534656493                        0        -0.26414345519833        -0.26414345519833                        0
       688                        0       -0.279494543803005                        0       -0.264202367887376       -0.264202367887376                        0
       696                        0       -0.279492606340628                        0       -0.264260378366462       -0.264260378366462                        0
       704                        0       -0.279490720241558                        0       -0.264317510553751       -0.264317510553751                        0
       712                        0       -0.279488883577133                        0       -0.264373787471247       -0.264373787471247                        0
       720                        0       -0.279487094511912                        0       -0.264429231288198       -0.264429231288198                        0
       728                        0       -0.279485351298203                        0       -0.264483863361776       -0.264483863361776                        0
       736                        0       -0.279483652270937                        0       -0.264537704274787       -0.264537704274787                        0
