#square and square, nu_xymn_1
#MM NN: 4 5
#quadrature order: 16
#numpanels            c*(gradu.n)^2                      BEM        0.5*(gradu)^2 ex.       Boundary Formula 1       Boundary Formula 2
        16                        0        0.047831023151383                        0      -0.0413174648597477      -0.0413174648597477                        0
        24                        0       0.0604858743363126                        0      -0.0025194584421529      -0.0025194584421529                        0
        32                        0       0.0658356160797574                        0       0.0151140201877783       0.0151140201877783                        0
        40                        0       0.0681015991118628                        0        0.024158287477293        0.024158287477293                        0
        48                        0          0.0693909183568                        0       0.0298321473203439       0.0298321473203439                        0
        56                        0       0.0702203984211303                        0       0.0337508050240018       0.0337508050240018                        0
        64                        0        0.070799338510662                        0       0.0366581750689821       0.0366581750689821                        0
        72                        0       0.0712276608016377                        0        0.038923215341541        0.038923215341541                        0
        80                        0       0.0715575774820775                        0       0.0407524201757576       0.0407524201757576                        0
        88                        0       0.0718195480817802                        0       0.0422704064323148       0.0422704064323148                        0
        96                        0       0.0720325682045967                        0       0.0435572506804196       0.0435572506804196                        0
       104                        0       0.0722091275327392                        0       0.0446669292417462       0.0446669292417462                        0
       112                        0       0.0723577876731545                        0       0.0456372846010335       0.0456372846010335                        0
       120                        0       0.0724846198541197                        0       0.0464957193132033       0.0464957193132033                        0
       128                        0       0.0725940520316447                        0       0.0472626217920455       0.0472626217920455                        0
       136                        0       0.0726893911360736                        0       0.0479535151533919       0.0479535151533919                        0
       144                        0       0.0727731574555141                        0       0.0485804544160627       0.0485804544160627                        0
       152                        0       0.0728473057491305                        0       0.0491529634282658       0.0491529634282658                        0
       160                        0       0.0729133755757849                        0       0.0496786802418911       0.0496786802418911                        0
       168                        0       0.0729725959983156                        0       0.0501638122488643       0.0501638122488643                        0
       176                        0       0.0730259600751491                        0       0.0506134639046914       0.0506134639046914                        0
       184                        0       0.0730742788630527                        0       0.0510318771163518       0.0510318771163518                        0
       192                        0       0.0731182212285765                        0       0.0514226105151972       0.0514226105151972                        0
       200                        0       0.0731583436427263                        0       0.0517886751613998       0.0517886751613998                        0
       208                        0       0.0731951127843386                        0       0.0521326386631241       0.0521326386631241                        0
       216                        0        0.073228922900729                        0       0.0524567060482956       0.0524567060482956                        0
       224                        0       0.0732601092925234                        0       0.0527627832852865       0.0527627832852865                        0
       232                        0        0.073288958896425                        0       0.0530525276898026       0.0530525276898026                        0
       240                        0       0.0733157186695327                        0       0.0533273883037543       0.0533273883037543                        0
       248                        0       0.0733406022902223                        0       0.0535886385235676       0.0535886385235676                        0
       256                        0       0.0733637955571035                        0       0.0538374026779172       0.0538374026779172                        0
       264                        0       0.0733854607717987                        0       0.0540746778397714       0.0540746778397714                        0
       272                        0       0.0734057403218061                        0       0.0543013518513693       0.0543013518513693                        0
       280                        0       0.0734247596286078                        0       0.0545182183165129       0.0545182183165129                        0
       288                        0       0.0734426295883462                        0       0.0547259891460245       0.0547259891460245                        0
       296                        0       0.0734594486040396                        0       0.0549253051155086       0.0549253051155086                        0
       304                        0       0.0734753042868194                        0       0.0551167447975845       0.0551167447975845                        0
       312                        0       0.0734902748873397                        0       0.0553008321568554       0.0553008321568554                        0
       320                        0       0.0735044305059227                        0       0.0554780430378457       0.0554780430378457                        0
       328                        0       0.0735178341203019                        0       0.0556488107330169       0.0556488107330169                        0
       336                        0       0.0735305424621717                        0       0.0558135307803022       0.0558135307803022                        0
       344                        0        0.073542606767851                        0       0.0559725651138472       0.0559725651138472                        0
       352                        0       0.0735540734235997                        0       0.0561262456687299       0.0561262456687299                        0
       360                        0       0.0735649845224288                        0        0.056274877522531        0.056274877522531                        0
       368                        0       0.0735753783461945                        0       0.0564187416424954       0.0564187416424954                        0
       376                        0       0.0735852897844302                        0       0.0565580972963108       0.0565580972963108                        0
       384                        0       0.0735947506993196                        0       0.0566931841730536       0.0566931841730536                        0
       392                        0       0.0736037902447654                        0       0.0568242242557494       0.0568242242557494                        0
       400                        0        0.073612435146072                        0       0.0569514234787995       0.0569514234787995                        0
       408                        0       0.0736207099458435                        0        0.057074973198929        0.057074973198929                        0
       416                        0          0.0736286372207                        0       0.0571950515039547       0.0571950515039547                        0
       424                        0        0.073636237772811                        0       0.0573118243804419       0.0573118243804419                        0
       432                        0       0.0736435307995457                        0       0.0574254467578702       0.0574254467578702                        0
       440                        0        0.073650534044129                        0       0.0575360634439387       0.0575360634439387                        0
       448                        0       0.0736572639296993                        0       0.0576438099648629       0.0576438099648629                        0
       456                        0       0.0736637356788806                        0       0.0577488133215729       0.0577488133215729                        0
       464                        0       0.0736699634206551                        0       0.0578511926720656       0.0578511926720656                        0
       472                        0       0.0736759602860611                        0       0.0579510599469441       0.0579510599469441                        0
       480                        0       0.0736817384940777                        0       0.0580485204080008       0.0580485204080008                        0
       488                        0       0.0736873094288119                        0       0.0581436731534375       0.0581436731534375                        0
       496                        0       0.0736926837090452                        0       0.0582366115779058       0.0582366115779058                        0
       504                        0       0.0736978712509446                        0       0.0583274237907046       0.0583274237907046                        0
       512                        0       0.0737028813247624                        0       0.0584161929965557       0.0584161929965557                        0
       520                        0       0.0737077226061471                        0       0.0585029978441521       0.0585029978441521                        0
       528                        0       0.0737124032226719                        0       0.0585879127438868       0.0585879127438868                        0
       536                        0        0.073716930796072                        0       0.0586710081596092       0.0586710081596092                        0
       544                        0       0.0737213124806743                        0       0.0587523508750213       0.0587523508750213                        0
       552                        0       0.0737255549983759                        0         0.05883200423969         0.05883200423969                        0
       560                        0       0.0737296646705563                        0       0.0589100283941135       0.0589100283941135                        0
       568                        0       0.0737336474472112                        0       0.0589864804773088       0.0589864804773088                        0
       576                        0       0.0737375089336022                        0       0.0590614148181847       0.0590614148181847                        0
       584                        0       0.0737412544146463                        0       0.0591348831122935       0.0591348831122935                        0
       592                        0       0.0737448888772852                        0       0.0592069345845529       0.0592069345845529                        0
       600                        0       0.0737484170310124                        0        0.059277616140554        0.059277616140554                        0
       608                        0       0.0737518433267216                        0       0.0593469725059523       0.0593469725059523                        0
       616                        0       0.0737551719740806                        0       0.0594150463564161       0.0594150463564161                        0
       624                        0       0.0737584069574976                        0       0.0594818784374002       0.0594818784374002                        0
       632                        0       0.0737615520508544                        0       0.0595475076759802       0.0595475076759802                        0
       640                        0       0.0737646108311204                        0       0.0596119712849391       0.0596119712849391                        0
       648                        0       0.0737675866908969                        0       0.0596753048589332       0.0596753048589332                        0
       656                        0       0.0737704828500547                        0       0.0597375424649019       0.0597375424649019                        0
       664                        0       0.0737733023664804                        0       0.0597987167258472       0.0597987167258472                        0
       672                        0       0.0737760481460492                        0       0.0598588588995158       0.0598588588995158                        0
       680                        0       0.0737787229518679                        0       0.0599179989509549       0.0599179989509549                        0
       688                        0       0.0737813294128545                        0       0.0599761656217572       0.0599761656217572                        0
       696                        0       0.0737838700317187                        0       0.0600333864934308       0.0600333864934308                        0
       704                        0       0.0737863471923712                        0       0.0600896880478304       0.0600896880478304                        0
       712                        0       0.0737887631668268                        0       0.0601450957231233       0.0601450957231233                        0
       720                        0       0.0737911201216342                        0        0.060199633966542        0.060199633966542                        0
       728                        0       0.0737934201238725                        0       0.0602533262838479       0.0602533262838479                        0
       736                        0       0.0737956651467301                        0       0.0603061952861081       0.0603061952861081                        0
       744                        0       0.0737978570747461                        0        0.060358262732986        0.060358262732986                        0
       752                        0       0.0737999977086684                        0       0.0604095495741424       0.0604095495741424                        0
       760                        0       0.0738020887700212                        0       0.0604600759875661       0.0604600759875661                        0
