#square and square, nu_xymn_2
#MM NN: 2 5
#quadrature order: 16
#numpanels            c*(gradu.n)^2                      BEM        0.5*(gradu)^2 ex.       Boundary Formula 1       Boundary Formula 2
        16                        0       -0.416574883559988                        0        -0.32358756718469        -0.32358756718469                        0
        24                        0       -0.399078940759398                        0       -0.340593199820845       -0.340593199820845                        0
        32                        0       -0.393259412853096                        0       -0.342646219752626       -0.342646219752626                        0
        40                        0        -0.38926681253176                        0       -0.344284245830061       -0.344284245830061                        0
        48                        0       -0.386814033498238                        0       -0.345268833787576       -0.345268833787576                        0
        56                        0       -0.385156594301528                        0       -0.346160636431737       -0.346160636431737                        0
        64                        0       -0.383976902019094                        0       -0.346954525856368       -0.346954525856368                        0
        72                        0       -0.383100423943001                        0       -0.347681848671729       -0.347681848671729                        0
        80                        0       -0.382426799832048                        0       -0.348350917544411       -0.348350917544411                        0
        88                        0       -0.381894808308516                        0       -0.348969151028592       -0.348969151028592                        0
        96                        0       -0.381465239840355                        0       -0.349542270525958       -0.349542270525958                        0
       104                        0       -0.381111920432014                        0       -0.350075208656256       -0.350075208656256                        0
       112                        0       -0.380816764422729                        0       -0.350572236903722       -0.350572236903722                        0
       120                        0       -0.380566903682205                        0       -0.351037079462353       -0.351037079462353                        0
       128                        0       -0.380352950088874                        0       -0.351472987556974       -0.351472987556974                        0
       136                        0       -0.380167904379679                        0       -0.351882803594667       -0.351882803594667                        0
       144                        0       -0.380006448675923                        0       -0.352269016897317       -0.352269016897317                        0
       152                        0       -0.379864474780976                        0       -0.352633812418026       -0.352633812418026                        0
       160                        0       -0.379738761845019                        0       -0.352979112955713       -0.352979112955713                        0
       168                        0       -0.379626751241306                        0       -0.353306615464348       -0.353306615464348                        0
       176                        0       -0.379526386245218                        0       -0.353617822111299       -0.353617822111299                        0
       184                        0       -0.379435995849241                        0       -0.353914066757269       -0.353914066757269                        0
       192                        0       -0.379354209224511                        0       -0.354196537499366       -0.354196537499366                        0
       200                        0       -0.379279891837639                        0       -0.354466295860897       -0.354466295860897                        0
       208                        0       -0.379212097114537                        0       -0.354724293141891       -0.354724293141891                        0
       216                        0       -0.379150029428934                        0        -0.35497138437184        -0.35497138437184                        0
       224                        0       -0.379093015450376                        0       -0.355208340242959       -0.355208340242959                        0
       232                        0       -0.379040481738789                        0        -0.35543585734033        -0.35543585734033                        0
       240                        0       -0.378991937059635                        0       -0.355654566935857       -0.355654566935857                        0
       248                        0       -0.378946958303943                        0       -0.355865042568888       -0.355865042568888                        0
       256                        0       -0.378905179187981                        0       -0.356067806600212       -0.356067806600212                        0
       264                        0       -0.378866281115636                        0       -0.356263335894268       -0.356263335894268                        0
       272                        0       -0.378829985737788                        0       -0.356452066760487       -0.356452066760487                        0
       280                        0        -0.37879604885366                        0       -0.356634399262731       -0.356634399262731                        0
       288                        0        -0.37876425538133                        0       -0.356810700988031       -0.356810700988031                        0
       296                        0       -0.378734415185955                        0       -0.356981310351837       -0.356981310351837                        0
       304                        0       -0.378706359600538                        0       -0.357146539504661       -0.357146539504661                        0
       312                        0       -0.378679938509355                        0       -0.357306676894893       -0.357306676894893                        0
       320                        0        -0.37865501789117                        0       -0.357461989534527       -0.357461989534527                        0
       328                        0       -0.378631477740211                        0       -0.357612725006785       -0.357612725006785                        0
       336                        0       -0.378609210299182                        0       -0.357759113249683       -0.357759113249683                        0
       344                        0       -0.378588118551237                        0        -0.35790136814425        -0.35790136814425                        0
       352                        0       -0.378568114927911                        0        -0.35803968893196        -0.35803968893196                        0
       360                        0       -0.378549120197952                        0       -0.358174261482445       -0.358174261482445                        0
       368                        0       -0.378531062508292                        0       -0.358305259429938       -0.358305259429938                        0
       376                        0       -0.378513876553547                        0       -0.358432845193761       -0.358432845193761                        0
       384                        0       -0.378497502854446                        0       -0.358557170896997       -0.358557170896997                        0
       392                        0       -0.378481887128998                        0       -0.358678379194843       -0.358678379194843                        0
       400                        0       -0.378466979742811                        0       -0.358796604022644       -0.358796604022644                        0
       408                        0       -0.378452735227271                        0        -0.35891197127318        -0.35891197127318                        0
       416                        0       -0.378439111856014                        0       -0.359024599410775       -0.359024599410775                        0
       424                        0         -0.3784260712717                        0         -0.3591346000288         -0.3591346000288                        0
       432                        0       -0.378413578156272                        0       -0.359242078356546       -0.359242078356546                        0
       440                        0       -0.378401599938916                        0        -0.35934713372175        -0.35934713372175                        0
       448                        0       -0.378390106536852                        0       -0.359449859972024       -0.359449859972024                        0
       456                        0       -0.378379070124705                        0       -0.359550345860357       -0.359550345860357                        0
       464                        0       -0.378368464928893                        0       -0.359648675397322       -0.359648675397322                        0
       472                        0       -0.378358267043932                        0       -0.359744928174974       -0.359744928174974                        0
       480                        0       -0.378348454267983                        0       -0.359839179662628       -0.359839179662628                        0
       488                        0       -0.378339005955358                        0       -0.359931501480151       -0.359931501480151                        0
       496                        0        -0.37832990288398                        0         -0.3600219616483         -0.3600219616483                        0
       504                        0       -0.378321127136053                        0       -0.360110624819723       -0.360110624819723                        0
       512                        0       -0.378312661990473                        0       -0.360197552492523       -0.360197552492523                        0
       520                        0       -0.378304491825629                        0       -0.360282803206397       -0.360282803206397                        0
       528                        0       -0.378296602031462                        0       -0.360366432725153       -0.360366432725153                        0
       536                        0       -0.378288978929768                        0       -0.360448494204489       -0.360448494204489                        0
       544                        0       -0.378281609701873                        0       -0.360529038348816       -0.360529038348816                        0
       552                        0       -0.378274482322883                        0       -0.360608113555344       -0.360608113555344                        0
       560                        0       -0.378267585501853                        0       -0.360685766048446       -0.360685766048446                        0
       568                        0       -0.378260908627221                        0       -0.360762040005105       -0.360762040005105                        0
       576                        0       -0.378254441717032                        0       -0.360836977670553       -0.360836977670553                        0
       584                        0       -0.378248175373427                        0       -0.360910619466567       -0.360910619466567                        0
       592                        0          -0.378242100741                        0       -0.360983004092473       -0.360983004092473                        0
       600                        0       -0.378236209468643                        0       -0.361054168619291       -0.361054168619291                        0
       608                        0       -0.378230493674537                        0       -0.361124148577333       -0.361124148577333                        0
       616                        0       -0.378224945914012                        0       -0.361192978038149       -0.361192978038149                        0
       624                        0        -0.37821955914998                        0       -0.361260689691982       -0.361260689691982                        0
       632                        0       -0.378214326725725                        0       -0.361327314919039       -0.361327314919039                        0
       640                        0       -0.378209242339824                        0       -0.361392883856851       -0.361392883856851                        0
       648                        0       -0.378204300023019                        0       -0.361457425463845       -0.361457425463845                        0
       656                        0       -0.378199494116855                        0        -0.36152096757817        -0.36152096757817                        0
       664                        0        -0.37819481925393                        0        -0.36158353697352        -0.36158353697352                        0
       672                        0       -0.378190270339631                        0       -0.361645159411146       -0.361645159411146                        0
       680                        0       -0.378185842535203                        0       -0.361705859689517       -0.361705859689517                        0
       688                        0       -0.378181531242074                        0       -0.361765661689807       -0.361765661689807                        0
       696                        0       -0.378177332087294                        0       -0.361824588420213       -0.361824588420213                        0
       704                        0       -0.378173240910015                        0       -0.361882662056509       -0.361882662056509                        0
       712                        0       -0.378169253748938                        0       -0.361939903980754       -0.361939903980754                        0
       720                        0       -0.378165366830614                        0       -0.361996334818047       -0.361996334818047                        0
       728                        0        -0.37816157655857                        0       -0.362051974471022       -0.362051974471022                        0
       736                        0       -0.378157879503161                        0       -0.362106842151779       -0.362106842151779                        0
       744                        0       -0.378154272392129                        0       -0.362160956413412       -0.362160956413412                        0
       752                        0       -0.378150752101765                        0       -0.362214335178521       -0.362214335178521                        0
       760                        0       -0.378147315648667                        0       -0.362266995767244       -0.362266995767244                        0
