#square and square, nu_xymn_2
#MM NN: 1 1
#quadrature order: 16
#numpanels            c*(gradu.n)^2                      BEM        0.5*(gradu)^2 ex.       Boundary Formula 1       Boundary Formula 2
        16                        0        0.232523402864825                        0         0.18533272679321         0.18533272679321                        0
        24                        0        0.240393668126084                        0        0.202628846023059        0.202628846023059                        0
        32                        0        0.243344496269635                        0        0.207556289673835        0.207556289673835                        0
        40                        0        0.244140991141217                        0         0.21083034254626         0.21083034254626                        0
        48                        0        0.244505139313034                        0        0.212982907232156        0.212982907232156                        0
        56                        0        0.244694325695729                        0        0.214654670296706        0.214654670296706                        0
        64                        0         0.24480628993819                        0        0.215999927932607        0.215999927932607                        0
        72                        0         0.24487887043946                        0         0.21712519352919         0.21712519352919                        0
        80                        0        0.244929008858927                        0        0.218088399812693        0.218088399812693                        0
        88                        0        0.244965344970442                        0        0.218927820267327        0.218927820267327                        0
        96                        0        0.244992678435318                        0        0.219669548711456        0.219669548711456                        0
       104                        0        0.245013859518779                        0        0.220332310915351        0.220332310915351                        0
       112                        0        0.245030674402477                        0        0.220929991833171        0.220929991833171                        0
       120                        0        0.245044292722467                        0        0.221473175972035        0.221473175972035                        0
       128                        0        0.245055508983095                        0         0.22197011402034         0.22197011402034                        0
       136                        0        0.245064879866185                        0         0.22242735912206         0.22242735912206                        0
       144                        0        0.245072805903476                        0        0.222850199708951        0.222850199708951                        0
       152                        0        0.245079581958409                        0        0.223242962643406        0.223242962643406                        0
       160                        0        0.245085429484944                        0        0.223609230778419        0.223609230778419                        0
       168                        0         0.24509051775026                        0        0.223952002431242        0.223952002431242                        0
       176                        0         0.24509497815961                        0          0.2242738104519          0.2242738104519                        0
       184                        0        0.245098914147791                        0        0.224576812578048        0.224576812578048                        0
       192                        0        0.245102408149479                        0        0.224862860995841        0.224862860995841                        0
       200                        0        0.245105526601483                        0        0.225133556587914        0.225133556587914                        0
       208                        0        0.245108323592153                        0        0.225390291734484        0.225390291734484                        0
       216                        0        0.245110843563836                        0        0.225634284439869        0.225634284439869                        0
       224                        0        0.245113123341437                        0        0.225866605806127        0.225866605806127                        0
       232                        0        0.245115193674166                        0         0.22608820234525         0.22608820234525                        0
       240                        0        0.245117080420681                        0         0.22629991424682         0.22629991424682                        0
       248                        0        0.245118805469732                        0        0.226502490446117        0.226502490446117                        0
       256                        0        0.245120387462273                        0        0.226696601139433        0.226696601139433                        0
       264                        0        0.245121842362939                        0        0.226882848245371        0.226882848245371                        0
       272                        0        0.245123183916118                        0           0.227061774202           0.227061774202                        0
       280                        0        0.245124424012722                        0        0.227233869405935        0.227233869405935                        0
       288                        0        0.245125572987291                        0          0.2273995785357          0.2273995785357                        0
       296                        0        0.245126639860303                        0        0.227559305953211        0.227559305953211                        0
       304                        0        0.245127632537032                        0        0.227713420339095        0.227713420339095                        0
       312                        0        0.245128557971748                        0        0.227862258687749        0.227862258687749                        0
       320                        0        0.245129422304015                        0        0.228006129764906        0.228006129764906                        0
       328                        0        0.245130230972481                        0        0.228145317111265        0.228145317111265                        0
       336                        0        0.245130988810303                        0         0.22828008166161         0.22828008166161                        0
       344                        0         0.24513170012558                        0        0.228410664036602        0.228410664036602                        0
       352                        0        0.245132368769434                        0        0.228537286554734        0.228537286554734                        0
       360                        0        0.245132998193896                        0        0.228660155004116        0.228660155004116                        0
       368                        0        0.245133591501298                        0        0.228779460207595        0.228779460207595                        0
       376                        0        0.245134151486613                        0        0.228895379408982        0.228895379408982                        0
       384                        0        0.245134680673842                        0        0.229008077504543        0.229008077504543                        0
       392                        0        0.245135181347429                        0        0.229117708139686        0.229117708139686                        0
       400                        0        0.245135655579451                        0        0.229224414687813        0.229224414687813                        0
       408                        0        0.245136105253239                        0        0.229328331126517        0.229328331126517                        0
       416                        0        0.245136532083943                        0        0.229429582823547        0.229429582823547                        0
       424                        0        0.245136937636514                        0        0.229528287243155        0.229528287243155                        0
       432                        0        0.245137323341445                        0        0.229624554582175        0.229624554582175                        0
       440                        0        0.245137690508605                        0        0.229718488344741        0.229718488344741                        0
       448                        0        0.245138040339425                        0        0.229810185861551        0.229810185861551                        0
       456                        0        0.245138373937645                        0         0.22989973876067         0.22989973876067                        0
       464                        0        0.245138692318831                        0        0.229987233394401        0.229987233394401                        0
       472                        0        0.245138996418823                        0        0.230072751228324        0.230072751228324                        0
       480                        0        0.245139287101227                        0        0.230156369194466        0.230156369194466                        0
       488                        0        0.245139565164105                        0        0.230238160014697        0.230238160014697                        0
       496                        0        0.245139831345935                        0        0.230318192495305        0.230318192495305                        0
       504                        0        0.245140086330949                        0        0.230396531796885        0.230396531796885                        0
       512                        0        0.245140330753905                        0        0.230473239682049        0.230473239682049                        0
       520                        0        0.245140565204384                        0        0.230548374741905        0.230548374741905                        0
       528                        0        0.245140790230645                        0        0.230621992605124        0.230621992605124                        0
       536                        0        0.245141006343094                        0        0.230694146129413        0.230694146129413                        0
       544                        0        0.245141214017432                        0        0.230764885579017        0.230764885579017                        0
       552                        0        0.245141413697473                        0         0.23083425878738         0.23083425878738                        0
       560                        0        0.245141605797718                        0        0.230902311307845        0.230902311307845                        0
       568                        0        0.245141790705675                        0        0.230969086553463        0.230969086553463                        0
       576                        0         0.24514196878397                        0        0.231034625925576        0.231034625925576                        0
       584                        0        0.245142140372265                        0        0.231098968933469        0.231098968933469                        0
       592                        0        0.245142305789005                        0        0.231162153305442        0.231162153305442                        0
       600                        0        0.245142465333006                        0        0.231224215091896        0.231224215091896                        0
       608                        0         0.24514261928491                        0        0.231285188760928        0.231285188760928                        0
       616                        0        0.245142767908514                        0         0.23134510728736         0.23134510728736                        0
       624                        0         0.24514291145198                        0         0.23140400223632         0.23140400223632                        0
       632                        0        0.245143050148953                        0        0.231461903840179        0.231461903840179                        0
       640                        0        0.245143184219578                        0        0.231518841070825        0.231518841070825                        0
       648                        0        0.245143313871434                        0        0.231574841707518        0.231574841707518                        0
       656                        0        0.245143439300405                        0        0.231629932399648        0.231629932399648                        0
       664                        0        0.245143560691462                        0        0.231684138725937        0.231684138725937                        0
       672                        0        0.245143678219396                        0        0.231737485249521        0.231737485249521                        0
       680                        0        0.245143792049497                        0        0.231789995570172        0.231789995570172                        0
       688                        0        0.245143902338165                        0        0.231841692372286        0.231841692372286                        0
       696                        0        0.245144009233494                        0        0.231892597471109        0.231892597471109                        0
       704                        0        0.245144112875792                        0        0.231942731855202        0.231942731855202                        0
       712                        0        0.245144213398084                        0        0.231992115726733        0.231992115726733                        0
       720                        0        0.245144310926557                        0        0.232040768539561        0.232040768539561                        0
       728                        0        0.245144405580989                        0        0.232088709034937        0.232088709034937                        0
       736                        0        0.245144497475135                        0        0.232135955274594        0.232135955274594                        0
       744                        0        0.245144586717095                        0        0.232182524673027        0.232182524673027                        0
       752                        0        0.245144673409653                        0        0.232228434026889        0.232228434026889                        0
       760                        0        0.245144757650581                        0        0.232273699543583        0.232273699543583                        0
       768                        0         0.24514483953295                        0        0.232318336867493        0.232318336867493                        0
