#square and square, nu_xymn_2
#MM NN: 5 4
#quadrature order: 16
#numpanels            c*(gradu.n)^2                      BEM        0.5*(gradu)^2 ex.       Boundary Formula 1       Boundary Formula 2
        16                        0       0.0478310231513825                        0      -0.0413174648597425      -0.0413174648597425                        0
        24                        0        0.060485874336313                        0     -0.00251945844214662     -0.00251945844214662                        0
        32                        0       0.0658356160797573                        0        0.015114020187778        0.015114020187778                        0
        40                        0       0.0681015991118628                        0       0.0241582874772914       0.0241582874772914                        0
        48                        0       0.0693909183568003                        0        0.029832147320339        0.029832147320339                        0
        56                        0       0.0702203984211301                        0       0.0337508050240061       0.0337508050240061                        0
        64                        0       0.0707993385106619                        0       0.0366581750689773       0.0366581750689773                        0
        72                        0       0.0712276608016379                        0       0.0389232153415675       0.0389232153415675                        0
        80                        0       0.0715575774820776                        0       0.0407524201757568       0.0407524201757568                        0
        88                        0       0.0718195480817792                        0       0.0422704064323115       0.0422704064323115                        0
        96                        0       0.0720325682045969                        0         0.04355725068048         0.04355725068048                        0
       104                        0       0.0722091275327389                        0       0.0446669292417411       0.0446669292417411                        0
       112                        0       0.0723577876731541                        0        0.045637284601017        0.045637284601017                        0
       120                        0       0.0724846198541203                        0       0.0464957193132087       0.0464957193132087                        0
       128                        0       0.0725940520316449                        0       0.0472626217920599       0.0472626217920599                        0
       136                        0       0.0726893911360742                        0        0.047953515153364        0.047953515153364                        0
       144                        0       0.0727731574555139                        0       0.0485804544160338       0.0485804544160338                        0
       152                        0       0.0728473057491304                        0       0.0491529634282589       0.0491529634282589                        0
       160                        0       0.0729133755757848                        0       0.0496786802418962       0.0496786802418962                        0
       168                        0       0.0729725959983162                        0        0.050163812248881        0.050163812248881                        0
       176                        0       0.0730259600751488                        0       0.0506134639046687       0.0506134639046687                        0
       184                        0       0.0730742788630522                        0       0.0510318771163174       0.0510318771163174                        0
       192                        0       0.0731182212285756                        0       0.0514226105152227       0.0514226105152227                        0
       200                        0       0.0731583436427264                        0       0.0517886751613749       0.0517886751613749                        0
       208                        0        0.073195112784338                        0       0.0521326386631509       0.0521326386631509                        0
       216                        0       0.0732289229007299                        0       0.0524567060483226       0.0524567060483226                        0
       224                        0       0.0732601092925236                        0       0.0527627832852708       0.0527627832852708                        0
       232                        0       0.0732889588964243                        0       0.0530525276897582       0.0530525276897582                        0
       240                        0       0.0733157186695328                        0        0.053327388303765        0.053327388303765                        0
       248                        0        0.073340602290223                        0       0.0535886385235482       0.0535886385235482                        0
       256                        0       0.0733637955571038                        0       0.0538374026778928       0.0538374026778928                        0
       264                        0       0.0733854607717995                        0       0.0540746778397827       0.0540746778397827                        0
       272                        0       0.0734057403218061                        0       0.0543013518513876       0.0543013518513876                        0
       280                        0       0.0734247596286086                        0       0.0545182183164976       0.0545182183164976                        0
       288                        0       0.0734426295883464                        0        0.054725989145994        0.054725989145994                        0
       296                        0       0.0734594486040394                        0       0.0549253051155053       0.0549253051155053                        0
       304                        0       0.0734753042868201                        0       0.0551167447976479       0.0551167447976479                        0
       312                        0       0.0734902748873391                        0       0.0553008321568585       0.0553008321568585                        0
       320                        0       0.0735044305059229                        0       0.0554780430378239       0.0554780430378239                        0
       328                        0       0.0735178341203019                        0       0.0556488107329979       0.0556488107329979                        0
       336                        0       0.0735305424621716                        0       0.0558135307802867       0.0558135307802867                        0
       344                        0       0.0735426067678513                        0       0.0559725651138546       0.0559725651138546                        0
       352                        0          0.0735540734236                        0       0.0561262456687657       0.0561262456687657                        0
       360                        0       0.0735649845224282                        0       0.0562748775225322       0.0562748775225322                        0
       368                        0       0.0735753783461943                        0       0.0564187416425461       0.0564187416425461                        0
       376                        0       0.0735852897844299                        0       0.0565580972963461       0.0565580972963461                        0
       384                        0       0.0735947506993202                        0       0.0566931841730347       0.0566931841730347                        0
       392                        0       0.0736037902447651                        0       0.0568242242557468       0.0568242242557468                        0
       400                        0       0.0736124351460718                        0        0.056951423478837        0.056951423478837                        0
       408                        0       0.0736207099458427                        0       0.0570749731989132       0.0570749731989132                        0
       416                        0       0.0736286372206996                        0       0.0571950515038783       0.0571950515038783                        0
       424                        0       0.0736362377728099                        0        0.057311824380462        0.057311824380462                        0
       432                        0       0.0736435307995462                        0       0.0574254467579152       0.0574254467579152                        0
       440                        0       0.0736505340441292                        0       0.0575360634439476       0.0575360634439476                        0
       448                        0       0.0736572639296993                        0        0.057643809964797        0.057643809964797                        0
       456                        0       0.0736637356788797                        0       0.0577488133215959       0.0577488133215959                        0
       464                        0       0.0736699634206536                        0       0.0578511926719954       0.0578511926719954                        0
       472                        0       0.0736759602860621                        0       0.0579510599469657       0.0579510599469657                        0
       480                        0       0.0736817384940772                        0       0.0580485204079453       0.0580485204079453                        0
       488                        0       0.0736873094288123                        0       0.0581436731533795       0.0581436731533795                        0
       496                        0       0.0736926837090451                        0       0.0582366115779107       0.0582366115779107                        0
       504                        0       0.0736978712509448                        0       0.0583274237906014       0.0583274237906014                        0
       512                        0       0.0737028813247614                        0       0.0584161929965008       0.0584161929965008                        0
       520                        0       0.0737077226061469                        0       0.0585029978441018       0.0585029978441018                        0
       528                        0       0.0737124032226724                        0       0.0585879127439779       0.0585879127439779                        0
       536                        0        0.073716930796072                        0       0.0586710081595796       0.0586710081595796                        0
       544                        0       0.0737213124806753                        0       0.0587523508750131       0.0587523508750131                        0
       552                        0       0.0737255549983763                        0       0.0588320042397501       0.0588320042397501                        0
       560                        0       0.0737296646705568                        0       0.0589100283941085       0.0589100283941085                        0
       568                        0       0.0737336474472113                        0         0.05898648047729         0.05898648047729                        0
       576                        0        0.073737508933602                        0       0.0590614148182417       0.0590614148182417                        0
       584                        0       0.0737412544146459                        0       0.0591348831123161       0.0591348831123161                        0
       592                        0       0.0737448888772856                        0       0.0592069345845279       0.0592069345845279                        0
       600                        0       0.0737484170310121                        0       0.0592776161405069       0.0592776161405069                        0
       608                        0       0.0737518433267209                        0       0.0593469725060354       0.0593469725060354                        0
       616                        0       0.0737551719740801                        0       0.0594150463564517       0.0594150463564517                        0
       624                        0       0.0737584069574973                        0       0.0594818784374193       0.0594818784374193                        0
       632                        0       0.0737615520508551                        0       0.0595475076760949       0.0595475076760949                        0
       640                        0       0.0737646108311204                        0       0.0596119712849737       0.0596119712849737                        0
       648                        0        0.073767586690896                        0       0.0596753048589181       0.0596753048589181                        0
       656                        0       0.0737704828500547                        0       0.0597375424648478       0.0597375424648478                        0
       664                        0         0.07377330236648                        0       0.0597987167258694       0.0597987167258694                        0
       672                        0       0.0737760481460492                        0       0.0598588588994399       0.0598588588994399                        0
       680                        0       0.0737787229518673                        0       0.0599179989510001       0.0599179989510001                        0
       688                        0       0.0737813294128541                        0       0.0599761656217801       0.0599761656217801                        0
       696                        0       0.0737838700317186                        0       0.0600333864934965       0.0600333864934965                        0
       704                        0       0.0737863471923709                        0       0.0600896880479248       0.0600896880479248                        0
       712                        0        0.073788763166827                        0       0.0601450957231338       0.0601450957231338                        0
       720                        0       0.0737911201216337                        0       0.0601996339664136       0.0601996339664136                        0
       728                        0       0.0737934201238726                        0       0.0602533262838053       0.0602533262838053                        0
       736                        0       0.0737956651467296                        0        0.060306195286061        0.060306195286061                        0
       744                        0       0.0737978570747457                        0       0.0603582627329913       0.0603582627329913                        0
       752                        0       0.0737999977086669                        0       0.0604095495740727       0.0604095495740727                        0
       760                        0        0.073802088770021                        0       0.0604600759875626       0.0604600759875626                        0
       768                        0        0.073804131905389                        0        0.060509861416545        0.060509861416545                        0
