#square and square, nu_xymn_2
#MM NN: 3 3
#quadrature order: 16
#numpanels            c*(gradu.n)^2                      BEM        0.5*(gradu)^2 ex.       Boundary Formula 1       Boundary Formula 2
        16                        0          0.0415383675918                        0       0.0440304279575008       0.0440304279575008                        0
        24                        0       0.0403509079584802                        0       0.0424387294599416       0.0424387294599416                        0
        32                        0       0.0397719298068787                        0       0.0408543546759928       0.0408543546759928                        0
        40                        0        0.039303546738299                        0        0.039967771692022        0.039967771692022                        0
        48                        0        0.038988470954384                        0       0.0393626696996323       0.0393626696996323                        0
        56                        0       0.0387627850058317                        0       0.0389507471006587       0.0389507471006587                        0
        64                        0       0.0385953429775475                        0       0.0386527683040055       0.0386527683040055                        0
        72                        0       0.0384668342169663                        0       0.0384300839895327       0.0384300839895327                        0
        80                        0       0.0383654706349475                        0       0.0382585657942285       0.0382585657942285                        0
        88                        0       0.0382836892332663                        0       0.0381232956298445       0.0381232956298445                        0
        96                        0       0.0382164530488616                        0       0.0380144863321667       0.0380144863321667                        0
       104                        0         0.03816029089564                        0       0.0379255062030599       0.0379255062030599                        0
       112                        0       0.0381127396867314                        0       0.0378517156404174       0.0378517156404174                        0
       120                        0        0.038072006843258                        0       0.0377897823113616       0.0377897823113616                        0
       128                        0       0.0380367587483735                        0       0.0377372572567188       0.0377372572567188                        0
       136                        0          0.0380059839526                        0        0.037692304487431        0.037692304487431                        0
       144                        0        0.037978902227805                        0       0.0376535232448937       0.0376535232448937                        0
       152                        0       0.0379549025918184                        0       0.0376198281507495       0.0376198281507495                        0
       160                        0       0.0379335001354752                        0       0.0375903665243014       0.0375903665243014                        0
       168                        0       0.0379143053491161                        0       0.0375644601702128       0.0375644601702128                        0
       176                        0       0.0378970019399232                        0       0.0375415636402154       0.0375415636402154                        0
       184                        0       0.0378813305306874                        0       0.0375212338108067       0.0375212338108067                        0
       192                        0       0.0378670765052438                        0       0.0375031073764241       0.0375031073764241                        0
       200                        0       0.0378540608249354                        0        0.037486883971569        0.037486883971569                        0
       208                        0       0.0378421330053272                        0       0.0374723133565542       0.0374723133565542                        0
       216                        0       0.0378311656849589                        0       0.0374591855774746       0.0374591855774746                        0
       224                        0       0.0378210503820359                        0       0.0374473233308374       0.0374473233308374                        0
       232                        0       0.0378116941477144                        0       0.0374365759815095       0.0374365759815095                        0
       240                        0       0.0378030169033049                        0       0.0374268148339951       0.0374268148339951                        0
       248                        0       0.0377949493043079                        0       0.0374179293633586       0.0374179293633586                        0
       256                        0       0.0377874310140066                        0       0.0374098241877976       0.0374098241877976                        0
       264                        0       0.0377804092981717                        0       0.0374024166193495       0.0374024166193495                        0
       272                        0       0.0377738378735447                        0       0.0373956346689599       0.0373956346689599                        0
       280                        0       0.0377676759583947                        0       0.0373894154113434       0.0373894154113434                        0
       288                        0       0.0377618874851008                        0       0.0373837036367719       0.0373837036367719                        0
       296                        0       0.0377564404435133                        0       0.0373784507332352       0.0373784507332352                        0
       304                        0       0.0377513063305289                        0       0.0373736137547214       0.0373736137547214                        0
       312                        0       0.0377464596864353                        0       0.0373691546407665       0.0373691546407665                        0
       320                        0       0.0377418777025347                        0       0.0373650395596438       0.0373650395596438                        0
       328                        0       0.0377375398876282                        0       0.0373612383531298       0.0373612383531298                        0
       336                        0         0.03773342778335                        0        0.037357724065168        0.037357724065168                        0
       344                        0       0.0377295247202324                        0       0.0373544725401413       0.0373544725401413                        0
       352                        0       0.0377258156078875                        0       0.0373514620791698       0.0373514620791698                        0
       360                        0       0.0377222867538847                        0       0.0373486731449809       0.0373486731449809                        0
       368                        0        0.037718925706868                        0       0.0373460881076166       0.0373460881076166                        0
       376                        0       0.0377157211202199                        0       0.0373436910245914       0.0373436910245914                        0
       384                        0       0.0377126626332164                        0       0.0373414674502494       0.0373414674502494                        0
       392                        0       0.0377097407671172                        0       0.0373394042699353       0.0373394042699353                        0
       400                        0        0.037706946834055                        0       0.0373374895553241       0.0373374895553241                        0
       408                        0       0.0377042728569288                        0       0.0373357124378791       0.0373357124378791                        0
       416                        0       0.0377017114987872                        0       0.0373340629978637       0.0373340629978637                        0
       424                        0       0.0376992560004214                        0       0.0373325321667436       0.0373325321667436                        0
       432                        0        0.037696900125078                        0       0.0373311116411506       0.0373311116411506                        0
       440                        0       0.0376946381093656                        0       0.0373297938068848       0.0373297938068848                        0
       448                        0       0.0376924646195669                        0       0.0373285716715999       0.0373285716715999                        0
       456                        0       0.0376903747126721                        0       0.0373274388050725       0.0373274388050725                        0
       464                        0       0.0376883638015545                        0        0.037326389286068        0.037326389286068                        0
       472                        0       0.0376864276237845                        0       0.0373254176550189       0.0373254176550189                        0
       480                        0         0.03768456221365                        0       0.0373245188717378       0.0373245188717378                        0
       488                        0       0.0376827638769999                        0       0.0373236882776231       0.0373236882776231                        0
       496                        0       0.0376810291685961                        0       0.0373229215617673       0.0373229215617673                        0
       504                        0       0.0376793548716762                        0       0.0373222147305332       0.0373222147305332                        0
       512                        0       0.0376777379794906                        0       0.0373215640802139       0.0373215640802139                        0
       520                        0       0.0376761756785876                        0       0.0373209661723744       0.0373209661723744                        0
       528                        0       0.0376746653336631                        0       0.0373204178116374       0.0373204178116374                        0
       536                        0        0.037673204473804                        0       0.0373199160255829       0.0373199160255829                        0
       544                        0       0.0376717907799795                        0       0.0373194580465911       0.0373194580465911                        0
       552                        0       0.0376704220736521                        0       0.0373190412953551       0.0373190412953551                        0
       560                        0       0.0376690963063903                        0       0.0373186633659341       0.0373186633659341                        0
       568                        0       0.0376678115503858                        0       0.0373183220121837       0.0373183220121837                        0
       576                        0       0.0376665659897834                        0       0.0373180151353816       0.0373180151353816                        0
       584                        0       0.0376653579127412                        0       0.0373177407729696       0.0373177407729696                        0
       592                        0        0.037664185704158                        0       0.0373174970882858       0.0373174970882858                        0
       600                        0        0.037663047838993                        0       0.0373172823611828       0.0373172823611828                        0
       608                        0       0.0376619428761332                        0       0.0373170949794421       0.0373170949794421                        0
       616                        0       0.0376608694527494                        0       0.0373169334309181       0.0373169334309181                        0
       624                        0       0.0376598262790994                        0       0.0373167962963542       0.0373167962963542                        0
       632                        0       0.0376588121337395                        0       0.0373166822427664       0.0373166822427664                        0
       640                        0       0.0376578258591017                        0       0.0373165900173775       0.0373165900173775                        0
       648                        0       0.0376568663574104                        0       0.0373165184420507       0.0373165184420507                        0
       656                        0       0.0376559325869066                        0       0.0373164664081494       0.0373164664081494                        0
       664                        0       0.0376550235583528                        0       0.0373164328718135       0.0373164328718135                        0
       672                        0       0.0376541383317931                        0       0.0373164168495949       0.0373164168495949                        0
       680                        0        0.037653276013552                        0       0.0373164174144457       0.0373164174144457                        0
       688                        0       0.0376524357534459                        0        0.037316433691985        0.037316433691985                        0
       696                        0       0.0376516167421923                        0       0.0373164648570799       0.0373164648570799                        0
       704                        0        0.037650818209004                        0        0.037316510130655        0.037316510130655                        0
       712                        0       0.0376500394193472                        0       0.0373165687767482       0.0373165687767482                        0
       720                        0       0.0376492796728547                        0       0.0373166400997867       0.0373166400997867                        0
       728                        0       0.0376485383013796                        0       0.0373167234420553       0.0373167234420553                        0
       736                        0       0.0376478146671827                        0        0.037316818181332        0.037316818181332                        0
       744                        0       0.0376471081612359                        0       0.0373169237287206       0.0373169237287206                        0
       752                        0       0.0376464182016407                        0       0.0373170395266065       0.0373170395266065                        0
       760                        0       0.0376457442321489                        0       0.0373171650467799       0.0373171650467799                        0
       768                        0       0.0376450857207751                        0       0.0373172997886627       0.0373172997886627                        0
       776                        0       0.0376444421585042                        0       0.0373174432776845       0.0373174432776845                        0
       784                        0        0.037643813058073                        0       0.0373175950637347       0.0373175950637347                        0
       792                        0       0.0376431979528339                        0       0.0373177547197485       0.0373177547197485                        0
       800                        0       0.0376425963956842                        0       0.0373179218403822       0.0373179218403822                        0
       808                        0       0.0376420079580648                        0       0.0373180960407524       0.0373180960407524                        0
       816                        0       0.0376414322290166                        0       0.0373182769552791       0.0373182769552791                        0
       824                        0       0.0376408688142952                        0       0.0373184642365988       0.0373184642365988                        0
       832                        0       0.0376403173355378                        0       0.0373186575545531       0.0373186575545531                        0
       840                        0       0.0376397774294777                        0       0.0373188565952186       0.0373188565952186                        0
       848                        0       0.0376392487472084                        0       0.0373190610600275       0.0373190610600275                        0
