#square and square, nu_xymn_1
#MM NN: 2 1
#quadrature order: 16
#numpanels            c*(gradu.n)^2                      BEM        0.5*(gradu)^2 ex.       Boundary Formula 1       Boundary Formula 2
        16                        0        0.254114371629018                        0        0.200271399278399        0.200271399278399                        0
        24                        0        0.261144889909453                        0        0.218961665483312        0.218961665483312                        0
        32                        0        0.263865391015466                        0        0.224286283816418        0.224286283816418                        0
        40                        0        0.264463638476042                        0        0.227824240449429        0.227824240449429                        0
        48                        0        0.264701896634567                        0        0.230150311776075        0.230150311776075                        0
        56                        0        0.264805316023232                        0        0.231956826653346        0.231956826653346                        0
        64                        0         0.26485637162109                        0        0.233410518258684        0.233410518258684                        0
        72                        0        0.264884014650074                        0        0.234626485451748        0.234626485451748                        0
        80                        0        0.264899920755421                        0        0.235667330603782        0.235667330603782                        0
        88                        0        0.264909478412568                        0         0.23657441221825         0.23657441221825                        0
        96                        0          0.2649153958215                        0        0.237375927395567        0.237375927395567                        0
       104                        0        0.264919127117268                        0        0.238092111289643        0.238092111289643                        0
       112                        0        0.264921496266394                        0        0.238737968045799        0.238737968045799                        0
       120                        0        0.264922991091316                        0        0.239324935331258        0.239324935331258                        0
       128                        0        0.264923911170611                        0        0.239861928877992        0.239861928877992                        0
       136                        0        0.264924446250165                        0        0.240356030043647        0.240356030043647                        0
       144                        0        0.264924719704906                        0        0.240812953531874        0.240812953531874                        0
       152                        0        0.264924813569588                        0        0.241237374970142        0.241237374970142                        0
       160                        0        0.264924783442592                        0        0.241633166005955        0.241633166005955                        0
       168                        0        0.264924667622656                        0        0.242003566634756        0.242003566634756                        0
       176                        0        0.264924492856278                        0        0.242351313866016        0.242351313866016                        0
       184                        0        0.264924278036711                        0        0.242678739360909        0.242678739360909                        0
       192                        0        0.264924036633715                        0        0.242987844600293        0.242987844600293                        0
       200                        0        0.264923778319032                        0        0.243280359505515        0.243280359505515                        0
       208                        0        0.264923510071833                        0        0.243557788688841        0.243557788688841                        0
       216                        0        0.264923236941735                        0         0.24382144833151         0.24382144833151                        0
       224                        0        0.264922962582528                        0        0.244072495871338        0.244072495871338                        0
       232                        0        0.264922689630084                        0        0.244311954113488        0.244311954113488                        0
       240                        0        0.264922419972846                        0        0.244540730970629        0.244540730970629                        0
       248                        0        0.264922154947369                        0        0.244759635745847        0.244759635745847                        0
       256                        0        0.264921895480926                        0        0.244969392656235        0.244969392656235                        0
       264                        0        0.264921642196347                        0        0.245170652137798        0.245170652137798                        0
       272                        0        0.264921395489636                        0        0.245364000351685        0.245364000351685                        0
       280                        0        0.264921155587807                        0        0.245549967222747        0.245549967222747                        0
       288                        0        0.264920922592197                        0        0.245729033272596        0.245729033272596                        0
       296                        0        0.264920696511074                        0        0.245901635456549        0.245901635456549                        0
       304                        0        0.264920477284267                        0        0.246068172172601        0.246068172172601                        0
       312                        0        0.264920264801834                        0        0.246229007578624        0.246229007578624                        0
       320                        0        0.264920058918237                        0        0.246384475328123        0.246384475328123                        0
       328                        0        0.264919859463117                        0        0.246534881816489        0.246534881816489                        0
       336                        0        0.264919666249496                        0        0.246680509011087        0.246680509011087                        0
       344                        0        0.264919479079999                        0        0.246821616927692        0.246821616927692                        0
       352                        0        0.264919297751567                        0        0.246958445804704        0.246958445804704                        0
       360                        0        0.264919122059019                        0        0.247091218017779        0.247091218017779                        0
       368                        0        0.264918951797715                        0        0.247220139770811        0.247220139770811                        0
       376                        0        0.264918786765536                        0        0.247345402594435        0.247345402594435                        0
       384                        0        0.264918626764325                        0        0.247467184676289        0.247467184676289                        0
       392                        0        0.264918471600927                        0        0.247585652046192        0.247585652046192                        0
       400                        0        0.264918321087913                        0        0.247700959634161        0.247700959634161                        0
       408                        0         0.26491817504405                        0        0.247813252217115        0.247813252217115                        0
       416                        0        0.264918033294596                        0        0.247922665267932        0.247922665267932                        0
       424                        0        0.264917895671444                        0        0.248029325718859        0.248029325718859                        0
       432                        0        0.264917762013164                        0        0.248133352649341        0.248133352649341                        0
       440                        0        0.264917632164952                        0        0.248234857906406        0.248234857906406                        0
       448                        0        0.264917505978534                        0        0.248333946666033        0.248333946666033                        0
       456                        0        0.264917383312011                        0         0.24843071794172         0.24843071794172                        0
       464                        0        0.264917264029676                        0        0.248525265046528        0.248525265046528                        0
       472                        0        0.264917148001817                        0        0.248617676012158        0.248617676012158                        0
       480                        0        0.264917035104495                        0        0.248708033972075        0.248708033972075                        0
       488                        0        0.264916925219317                        0        0.248796417509618        0.248796417509618                        0
       496                        0        0.264916818233209                        0        0.248882900977187        0.248882900977187                        0
       504                        0        0.264916714038186                        0        0.248967554787867        0.248967554787867                        0
       512                        0         0.26491661253112                        0         0.24905044568228         0.24905044568228                        0
       520                        0        0.264916513613525                        0        0.249131636974458        0.249131636974458                        0
       528                        0        0.264916417191329                        0        0.249211188776814        0.249211188776814                        0
       536                        0        0.264916323174672                        0        0.249289158208037        0.249289158208037                        0
       544                        0        0.264916231477699                        0        0.249365599583491        0.249365599583491                        0
       552                        0        0.264916142018367                        0        0.249440564592307        0.249440564592307                        0
       560                        0        0.264916054718255                        0        0.249514102459828        0.249514102459828                        0
       568                        0        0.264915969502387                        0        0.249586260098208        0.249586260098208                        0
       576                        0        0.264915886299062                        0        0.249657082245882        0.249657082245882                        0
       584                        0         0.26491580503969                        0        0.249726611596982        0.249726611596982                        0
       592                        0        0.264915725658639                        0        0.249794888920777        0.249794888920777                        0
       600                        0        0.264915648093089                        0        0.249861953173452        0.249861953173452                        0
       608                        0         0.26491557228289                        0        0.249927841601268        0.249927841601268                        0
       616                        0        0.264915498170434                        0        0.249992589837307        0.249992589837307                        0
       624                        0        0.264915425700525                        0         0.25005623199078         0.25005623199078                        0
       632                        0        0.264915354820264                        0        0.250118800730838        0.250118800730838                        0
       640                        0        0.264915285478936                        0        0.250180327364937        0.250180327364937                        0
       648                        0        0.264915217627902                        0        0.250240841911258        0.250240841911258                        0
       656                        0        0.264915151220502                        0        0.250300373167278        0.250300373167278                        0
       664                        0        0.264915086211953                        0        0.250358948773372        0.250358948773372                        0
       672                        0        0.264915022559269                        0        0.250416595272879        0.250416595272879                        0
       680                        0        0.264914960221163                        0        0.250473338167413        0.250473338167413                        0
       688                        0        0.264914899157976                        0        0.250529201970212        0.250529201970212                        0
       696                        0        0.264914839331599                        0        0.250584210254716        0.250584210254716                        0
       704                        0        0.264914780705392                        0        0.250638385701343        0.250638385701343                        0
       712                        0        0.264914723244129                        0        0.250691750140752        0.250691750140752                        0
       720                        0        0.264914666913921                        0        0.250744324594812        0.250744324594812                        0
       728                        0        0.264914611682163                        0        0.250796129315117        0.250796129315117                        0
       736                        0        0.264914557517468                        0        0.250847183819582        0.250847183819582                        0
       744                        0        0.264914504389617                        0        0.250897506926239        0.250897506926239                        0
       752                        0        0.264914452269505                        0        0.250947116785823        0.250947116785823                        0
       760                        0        0.264914401129091                        0        0.250996030911847        0.250996030911847                        0
       768                        0        0.264914350941352                        0        0.251044266210027        0.251044266210027                        0
