#square and square, nu_xymn_1
#MM NN: 2 4
#quadrature order: 16
#numpanels            c*(gradu.n)^2                      BEM        0.5*(gradu)^2 ex.       Boundary Formula 1       Boundary Formula 2
        16                        0       0.0819145247323791                        0        0.170431769502955        0.170431769502955                        0
        24                        0       0.0626917664881134                        0        0.129903000099104        0.129903000099104                        0
        32                        0       0.0541873975622006                        0        0.108252387475073        0.108252387475073                        0
        40                        0       0.0495563953748639                        0       0.0962397299407042       0.0962397299407042                        0
        48                        0        0.046706623952491                        0       0.0883698309487867       0.0883698309487867                        0
        56                        0       0.0447748565050895                        0       0.0828680979777019       0.0828680979777019                        0
        64                        0       0.0433861414540757                        0       0.0787744755047983       0.0787744755047983                        0
        72                        0       0.0423413031310776                        0       0.0755985847604929       0.0755985847604929                        0
        80                        0        0.041528285998216                        0       0.0730525636797551       0.0730525636797551                        0
        88                        0       0.0408786921249021                        0       0.0709588414226841       0.0709588414226841                        0
        96                        0       0.0403484901827559                        0       0.0692013901464756       0.0692013901464756                        0
       104                        0       0.0399080706989404                        0       0.0677012169523259       0.0677012169523259                        0
       112                        0       0.0395368044403163                        0       0.0664026100530402       0.0664026100530402                        0
       120                        0       0.0392198881098925                        0       0.0652651123953591       0.0652651123953591                        0
       128                        0       0.0389464302879625                        0       0.0642586041009591       0.0642586041009591                        0
       136                        0       0.0387082440773569                        0       0.0633601767300527       0.0633601767300527                        0
       144                        0       0.0384990600258927                        0       0.0625520802447376       0.0625520802447376                        0
       152                        0       0.0383139982020582                        0       0.0618203360110059       0.0618203360110059                        0
       160                        0        0.038149205180641                        0       0.0611537762791809       0.0611537762791809                        0
       168                        0       0.0380015988969792                        0       0.0605433643167361       0.0605433643167361                        0
       176                        0        0.037868685795753                        0       0.0599817037463614       0.0599817037463614                        0
       184                        0       0.0377484274921816                        0       0.0594626782208278       0.0594626782208278                        0
       192                        0       0.0376391420065141                        0       0.0589811826364427       0.0589811826364427                        0
       200                        0       0.0375394295655773                        0       0.0585329197692422       0.0585329197692422                        0
       208                        0       0.0374481161396042                        0       0.0581142444159035       0.0581142444159035                        0
       216                        0        0.037364209968082                        0       0.0577220425287629       0.0577220425287629                        0
       224                        0       0.0372868677246743                        0       0.0573536364732372       0.0573536364732372                        0
       232                        0       0.0372153679221763                        0       0.0570067100214415       0.0570067100214415                        0
       240                        0       0.0371490898164586                        0       0.0566792484251013       0.0566792484251013                        0
       248                        0       0.0370874965301973                        0        0.056369490128942        0.056369490128942                        0
       256                        0       0.0370301214458435                        0       0.0560758875568643       0.0560758875568643                        0
       264                        0       0.0369765571539064                        0       0.0557970750316229       0.0557970750316229                        0
       272                        0       0.0369264464151616                        0       0.0555318423510721       0.0555318423510721                        0
       280                        0       0.0368794747223735                        0       0.0552791128840411       0.0552791128840411                        0
       288                        0       0.0368353641416321                        0       0.0550379253038665       0.0550379253038665                        0
       296                        0        0.036793868184356                        0        0.054807418269525        0.054807418269525                        0
       304                        0       0.0367547675147556                        0       0.0545868175107241       0.0545868175107241                        0
       312                        0       0.0367178663386122                        0       0.0543754248852594       0.0543754248852594                        0
       320                        0       0.0366829893508591                        0       0.0541726090641778       0.0541726090641778                        0
       328                        0       0.0366499791438754                        0       0.0539777975662526       0.0539777975662526                        0
       336                        0       0.0366186939976583                        0       0.0537904699186354       0.0537904699186354                        0
       344                        0        0.036589005987958                        0       0.0536101517604057       0.0536101517604057                        0
       352                        0       0.0365607993604527                        0       0.0534364097396931       0.0534364097396931                        0
       360                        0       0.0365339691284249                        0       0.0532688470818184       0.0532688470818184                        0
       368                        0       0.0365084198590454                        0       0.0531070997270413       0.0531070997270413                        0
       376                        0       0.0364840646193817                        0        0.052950832953045        0.052950832953045                        0
       384                        0        0.036460824058245                        0       0.0527997384131466       0.0527997384131466                        0
       392                        0       0.0364386256039233                        0       0.0526535315303174       0.0526535315303174                        0
       400                        0       0.0364174027611704                        0       0.0525119491981542       0.0525119491981542                        0
       408                        0       0.0363970944934377                        0       0.0523747477471359       0.0523747477471359                        0
       416                        0       0.0363776446785938                        0       0.0522417011408676       0.0522417011408676                        0
       424                        0       0.0363590016281464                        0       0.0521125993720097       0.0521125993720097                        0
       432                        0       0.0363411176615367                        0       0.0519872470324139       0.0519872470324139                        0
       440                        0       0.0363239487282893                        0       0.0518654620360681       0.0518654620360681                        0
       448                        0       0.0363074540719026                        0       0.0517470744754299       0.0517470744754299                        0
       456                        0       0.0362915959302001                        0       0.0516319255952362       0.0516319255952362                        0
       464                        0       0.0362763392676308                        0       0.0515198668694758       0.0515198668694758                        0
       472                        0        0.036261651535631                        0       0.0514107591707263       0.0514107591707263                        0
       480                        0       0.0362475024576869                        0       0.0513044720191022       0.0513044720191022                        0
       488                        0       0.0362338638361863                        0       0.0512008829043216       0.0512008829043216                        0
       496                        0       0.0362207093785339                        0       0.0510998766705565       0.0510998766705565                        0
       504                        0       0.0362080145403413                        0       0.0510013449586069       0.0510013449586069                        0
       512                        0       0.0361957563837667                        0       0.0509051856992026       0.0509051856992026                        0
       520                        0       0.0361839134493332                        0       0.0508113026508151       0.0508113026508151                        0
       528                        0       0.0361724656397573                        0       0.0507196049790716       0.0507196049790716                        0
       536                        0       0.0361613941144991                        0       0.0506300068718839       0.0506300068718839                        0
       544                        0       0.0361506811939145                        0       0.0505424271885017       0.0505424271885017                        0
       552                        0       0.0361403102719758                        0       0.0504567891367695       0.0504567891367695                        0
       560                        0       0.0361302657367339                        0       0.0503730199781983       0.0503730199781983                        0
       568                        0        0.036120532897678                        0       0.0502910507567171       0.0502910507567171                        0
       576                        0       0.0361110979193648                        0       0.0502108160492779       0.0502108160492779                        0
       584                        0       0.0361019477606439                        0         0.05013225373607         0.05013225373607                        0
       592                        0       0.0360930701189879                        0       0.0500553047892871       0.0500553047892871                        0
       600                        0       0.0360844533793894                        0       0.0499799130774244       0.0499799130774244                        0
       608                        0        0.036076086567441                        0       0.0499060251851768       0.0499060251851768                        0
       616                        0       0.0360679593061648                        0       0.0498335902461381       0.0498335902461381                        0
       624                        0       0.0360600617762787                        0       0.0497625597886698       0.0497625597886698                        0
       632                        0       0.0360523846795673                        0       0.0496928875925107       0.0496928875925107                        0
       640                        0       0.0360449192050843                        0       0.0496245295556118       0.0496245295556118                        0
       648                        0       0.0360376569979429                        0       0.0495574435711508       0.0495574435711508                        0
       656                        0       0.0360305901304542                        0       0.0494915894124129       0.0494915894124129                        0
       664                        0       0.0360237110754178                        0       0.0494269286261498       0.0494269286261498                        0
       672                        0       0.0360170126813818                        0       0.0493634244328121       0.0493634244328121                        0
       680                        0       0.0360104881497042                        0       0.0493010416344137       0.0493010416344137                        0
       688                        0       0.0360041310132605                        0       0.0492397465272339       0.0492397465272339                        0
       696                        0       0.0359979351166687                        0       0.0491795068216322       0.0491795068216322                        0
       704                        0       0.0359918945979004                        0       0.0491202915660777       0.0491202915660777                        0
       712                        0       0.0359860038711788                        0       0.0490620710767281       0.0490620710767281                        0
       720                        0       0.0359802576110458                        0       0.0490048168712217       0.0490048168712217                        0
       728                        0       0.0359746507375079                        0       0.0489485016067398       0.0489485016067398                        0
       736                        0       0.0359691784021956                        0       0.0488930990216074       0.0488930990216074                        0
       744                        0       0.0359638359754281                        0       0.0488385838811431       0.0488385838811431                        0
       752                        0       0.0359586190341438                        0       0.0487849319261817       0.0487849319261817                        0
       760                        0        0.035953523350604                        0       0.0487321198252868       0.0487321198252868                        0
