#square and square, nu_xymn_1
#MM NN: 2 5
#quadrature order: 16
#numpanels            c*(gradu.n)^2                      BEM        0.5*(gradu)^2 ex.       Boundary Formula 1       Boundary Formula 2
        16                        0      -0.0452338663263199                        0       0.0496428919207549       0.0496428919207549                        0
        24                        0      -0.0666208379563155                        0      0.00302712675056882      0.00302712675056882                        0
        32                        0      -0.0754526605986521                        0      -0.0181594798523311      -0.0181594798523311                        0
        40                        0      -0.0793263187166468                        0      -0.0290261577833192      -0.0290261577833192                        0
        48                        0        -0.08151989558796                        0      -0.0358432946022941      -0.0358432946022941                        0
        56                        0      -0.0829208875313976                        0      -0.0405515578395829      -0.0405515578395829                        0
        64                        0      -0.0838897376662495                        0      -0.0440447599856132      -0.0440447599856132                        0
        72                        0      -0.0845994388287045                        0      -0.0467662035647022      -0.0467662035647022                        0
        80                        0      -0.0851409820452367                        0      -0.0489639913087998      -0.0489639913087998                        0
        88                        0      -0.0855673083535101                        0      -0.0507878502490146      -0.0507878502490146                        0
        96                        0      -0.0859112800817247                        0      -0.0523339923016396      -0.0523339923016396                        0
       104                        0      -0.0861943774397465                        0      -0.0536672699621569      -0.0536672699621569                        0
       112                        0      -0.0864312313201299                        0      -0.0548331509374138      -0.0548331509374138                        0
       120                        0      -0.0866321497315165                        0      -0.0558645593692217      -0.0558645593692217                        0
       128                        0      -0.0868046028323316                        0      -0.0567859919159707      -0.0567859919159707                        0
       136                        0      -0.0869541352794768                        0      -0.0576160995855121      -0.0576160995855121                        0
       144                        0      -0.0870849479806163                        0      -0.0583693664706729      -0.0583693664706729                        0
       152                        0      -0.0872002810524382                        0      -0.0590572354653687      -0.0590572354653687                        0
       160                        0      -0.0873026729628419                        0      -0.0596888836811611      -0.0596888836811611                        0
       168                        0      -0.0873941401663125                        0      -0.0602717692931225      -0.0602717692931225                        0
       176                        0       -0.087476304300114                        0      -0.0608120252993414      -0.0608120252993414                        0
       184                        0      -0.0875504839657765                        0      -0.0613147483467302      -0.0613147483467302                        0
       192                        0       -0.087617762083922                        0      -0.0617842141272314      -0.0617842141272314                        0
       200                        0      -0.0876790360800304                        0      -0.0622240404265731      -0.0622240404265731                        0
       208                        0       -0.087735055795098                        0      -0.0626373122233483      -0.0626373122233483                        0
       216                        0      -0.0877864524837081                        0      -0.0630266788563622      -0.0630266788563622                        0
       224                        0      -0.0878337612493374                        0      -0.0633944303446716      -0.0633944303446716                        0
       232                        0      -0.0878774385847326                        0      -0.0637425579514079      -0.0637425579514079                        0
       240                        0      -0.0879178762179973                        0      -0.0640728026989497      -0.0640728026989497                        0
       248                        0      -0.0879554121400865                        0      -0.0643866945718052      -0.0643866945718052                        0
       256                        0      -0.0879903394601005                        0      -0.0646855844497311      -0.0646855844497311                        0
       264                        0      -0.0880229135708848                        0      -0.0649706703148825      -0.0649706703148825                        0
       272                        0      -0.0880533579888282                        0      -0.0652430189088051      -0.0652430189088051                        0
       280                        0      -0.0880818691449413                        0      -0.0655035837456581      -0.0655035837456581                        0
       288                        0      -0.0881086203401097                        0      -0.0657532201855691      -0.0657532201855691                        0
       296                        0      -0.0881337650294948                        0      -0.0659926981197736      -0.0659926981197736                        0
       304                        0       -0.088157439564864                        0      -0.0662227127026841      -0.0662227127026841                        0
       312                        0      -0.0881797654962162                        0      -0.0664438934772375      -0.0664438934772375                        0
       320                        0      -0.0882008515129699                        0      -0.0666568121701449      -0.0666568121701449                        0
       328                        0      -0.0882207950887266                        0      -0.0668619893818572      -0.0668619893818572                        0
       336                        0      -0.0882396838809792                        0      -0.0670599003507978      -0.0670599003507978                        0
       344                        0      -0.0882575969272229                        0       -0.067250979940474       -0.067250979940474                        0
       352                        0      -0.0882746056710915                        0      -0.0674356269705438      -0.0674356269705438                        0
       360                        0      -0.0882907748459908                        0      -0.0676142079914093      -0.0676142079914093                        0
       368                        0      -0.0883061632387111                        0       -0.067787060584929       -0.067787060584929                        0
       376                        0      -0.0883208243515778                        0      -0.0679544962609655      -0.0679544962609655                        0
       384                        0      -0.0883348069784615                        0      -0.0681168030056996      -0.0681168030056996                        0
       392                        0      -0.0883481557074331                        0      -0.0682742475315107      -0.0682742475315107                        0
       400                        0      -0.0883609113606628                        0      -0.0684270772683716      -0.0684270772683716                        0
       408                        0      -0.0883731113805384                        0       -0.068575522131193       -0.068575522131193                        0
       416                        0      -0.0883847901694434                        0      -0.0687197960923049      -0.0687197960923049                        0
       424                        0       -0.088395979389578                        0      -0.0688600985843965      -0.0688600985843965                        0
       432                        0      -0.0884067082281582                        0      -0.0689966157550796      -0.0689966157550796                        0
       440                        0      -0.0884170036325624                        0      -0.0691295215906572      -0.0691295215906572                        0
       448                        0      -0.0884268905193073                        0      -0.0692589789257389      -0.0692589789257389                        0
       456                        0      -0.0884363919601786                        0       -0.069385140351813       -0.069385140351813                        0
       464                        0      -0.0884455293483699                        0      -0.0695081490370913      -0.0695081490370913                        0
       472                        0      -0.0884543225470836                        0      -0.0696281394660791      -0.0696281394660791                        0
       480                        0      -0.0884627900227023                        0       -0.069745238110713       -0.069745238110713                        0
       488                        0      -0.0884709489643649                        0      -0.0698595640373814      -0.0698595640373814                        0
       496                        0      -0.0884788153915396                        0      -0.0699712294596629      -0.0699712294596629                        0
       504                        0      -0.0884864042509565                        0      -0.0700803402407903      -0.0700803402407903                        0
       512                        0       -0.088493729504117                        0      -0.0701869963511523      -0.0701869963511523                        0
       520                        0      -0.0885008042064241                        0      -0.0702912922870732      -0.0702912922870732                        0
       528                        0      -0.0885076405788472                        0      -0.0703933174525644      -0.0703933174525644                        0
       536                        0      -0.0885142500729322                        0       -0.070493156509869       -0.070493156509869                        0
       544                        0      -0.0885206434298576                        0      -0.0705908896995371      -0.0705908896995371                        0
       552                        0      -0.0885268307341738                        0      -0.0706865931360087      -0.0706865931360087                        0
       560                        0      -0.0885328214627543                        0      -0.0707803390780311      -0.0707803390780311                        0
       568                        0       -0.088538624529467                        0       -0.070872196178075       -0.070872196178075                        0
       576                        0      -0.0885442483259799                        0       -0.070962229712269       -0.070962229712269                        0
       584                        0      -0.0885497007590912                        0      -0.0710505017927662      -0.0710505017927662                        0
       592                        0      -0.0885549892849199                        0      -0.0711370715632555      -0.0711370715632555                        0
       600                        0       -0.088560120940267                        0      -0.0712219953807564      -0.0712219953807564                        0
       608                        0      -0.0885651023713955                        0      -0.0713053269830988      -0.0713053269830988                        0
       616                        0      -0.0885699398605072                        0      -0.0713871176450544      -0.0713871176450544                        0
       624                        0      -0.0885746393500854                        0      -0.0714674163222456      -0.0714674163222456                        0
       632                        0      -0.0885792064653391                        0      -0.0715462697855141      -0.0715462697855141                        0
       640                        0      -0.0885836465348922                        0      -0.0716237227459809      -0.0716237227459809                        0
       648                        0      -0.0885879646098903                        0      -0.0716998179705891      -0.0716998179705891                        0
       656                        0      -0.0885921654816522                        0      -0.0717745963907318      -0.0717745963907318                        0
       664                        0       -0.088596253698006                        0      -0.0718480972029124      -0.0718480972029124                        0
       672                        0      -0.0886002335784096                        0       -0.071920357963282       -0.071920357963282                        0
       680                        0       -0.088604109227971                        0      -0.0719914146748143      -0.0719914146748143                        0
       688                        0      -0.0886078845504492                        0      -0.0720613018705031      -0.0720613018705031                        0
       696                        0      -0.0886115632603292                        0       -0.072130052689503       -0.072130052689503                        0
       704                        0      -0.0886151488940447                        0       -0.072197698949735       -0.072197698949735                        0
       712                        0      -0.0886186448204149                        0      -0.0722642712151314      -0.0722642712151314                        0
       720                        0      -0.0886220542503579                        0      -0.0723297988590169      -0.0723297988590169                        0
       728                        0      -0.0886253802459475                        0        -0.07239431012354        -0.07239431012354                        0
       736                        0      -0.0886286257288521                        0      -0.0724578321758748      -0.0724578321758748                        0
       744                        0      -0.0886317934882106                        0      -0.0725203911602347      -0.0725203911602347                        0
       752                        0       -0.088634886187987                        0      -0.0725820122476157      -0.0725820122476157                        0
       760                        0      -0.0886379063738477                        0      -0.0726427196818509      -0.0726427196818509                        0
