#square and square, nu_xymn_1
#MM NN: 3 5
#quadrature order: 16
#numpanels            c*(gradu.n)^2                      BEM        0.5*(gradu)^2 ex.       Boundary Formula 1       Boundary Formula 2
        16                        0     -0.00964248221128541                        0      0.00770441563045913      0.00770441563045913                        0
        24                        0      -0.0114544456799855                        0     0.000469800242292336     0.000469800242292336                        0
        32                        0      -0.0124694605573859                        0     -0.00281829230735879     -0.00281829230735879                        0
        40                        0      -0.0128564387065269                        0     -0.00450476543701276     -0.00450476543701276                        0
        48                        0       -0.013069173798678                        0      -0.0055627629353642      -0.0055627629353642                        0
        56                        0      -0.0132027997341623                        0     -0.00629347010157017     -0.00629347010157017                        0
        64                        0      -0.0132947144824517                        0     -0.00683560373184274     -0.00683560373184274                        0
        72                        0      -0.0133621273801328                        0     -0.00725796293850654     -0.00725796293850654                        0
        80                        0      -0.0134137746824399                        0     -0.00759905245994472     -0.00759905245994472                        0
        88                        0      -0.0134546520962836                        0     -0.00788210944520606     -0.00788210944520606                        0
        96                        0      -0.0134878288356723                        0     -0.00812206567128912     -0.00812206567128912                        0
       104                        0       -0.013515300219883                        0     -0.00832898603490996     -0.00832898603490996                        0
       112                        0      -0.0135384223272659                        0     -0.00850992697653283     -0.00850992697653283                        0
       120                        0      -0.0135581505019936                        0     -0.00866999821605877     -0.00866999821605877                        0
       128                        0      -0.0135751780318569                        0     -0.00881300155532674     -0.00881300155532674                        0
       136                        0      -0.0135900207142356                        0     -0.00894183157019348     -0.00894183157019348                        0
       144                        0      -0.0136030705146365                        0     -0.00905873614483438     -0.00905873614483438                        0
       152                        0      -0.0136146307843919                        0      -0.0091654911792289      -0.0091654911792289                        0
       160                        0      -0.0136249400563053                        0      -0.0092635209312923      -0.0092635209312923                        0
       168                        0      -0.0136341885335243                        0     -0.00935398288557841     -0.00935398288557841                        0
       176                        0      -0.0136425297706946                        0     -0.00943782886347604     -0.00943782886347604                        0
       184                        0      -0.0136500891124299                        0     -0.00951584984803667     -0.00951584984803667                        0
       192                        0      -0.0136569698961278                        0     -0.00958870941276616     -0.00958870941276616                        0
       200                        0      -0.0136632580829601                        0     -0.00965696902626217     -0.00965696902626217                        0
       208                        0      -0.0136690257641556                        0      -0.0097211074671851      -0.0097211074671851                        0
       216                        0      -0.0136743338496668                        0     -0.00978153590431483     -0.00978153590431483                        0
       224                        0      -0.0136792341538144                        0     -0.00983860974117306     -0.00983860974117306                        0
       232                        0      -0.0136837710303513                        0     -0.00989263801533192     -0.00989263801533192                        0
       240                        0      -0.0136879826667557                        0     -0.00994389092781131     -0.00994389092781131                        0
       248                        0      -0.0136919021179689                        0     -0.00999260592723886     -0.00999260592723886                        0
       256                        0      -0.0136955581388669                        0      -0.0100389926657664      -0.0100389926657664                        0
       264                        0       -0.013698975859799                        0      -0.0100832370663344      -0.0100832370663344                        0
       272                        0      -0.0137021773386831                        0      -0.0101255046837669      -0.0101255046837669                        0
       280                        0      -0.0137051820152234                        0      -0.0101659435003653      -0.0101659435003653                        0
       288                        0      -0.0137080070869198                        0       -0.010204686265244       -0.010204686265244                        0
       296                        0      -0.0137106678221532                        0      -0.0102418524630227      -0.0102418524630227                        0
       304                        0      -0.0137131778222874                        0      -0.0102775499794091      -0.0102775499794091                        0
       312                        0      -0.0137155492422311                        0      -0.0103118765174228      -0.0103118765174228                        0
       320                        0      -0.0137177929769434                        0      -0.0103449208071928      -0.0103449208071928                        0
       328                        0      -0.0137199188198439                        0      -0.0103767636442188      -0.0103767636442188                        0
       336                        0      -0.0137219355979631                        0      -0.0104074787839608      -0.0104074787839608                        0
       344                        0      -0.0137238512877101                        0      -0.0104371337158233      -0.0104371337158233                        0
       352                        0      -0.0137256731144211                        0      -0.0104657903353219      -0.0104657903353219                        0
       360                        0      -0.0137274076382802                        0      -0.0104935055298891      -0.0104935055298891                        0
       368                        0      -0.0137290608287439                        0       -0.010520331691133       -0.010520331691133                        0
       376                        0      -0.0137306381292061                        0      -0.0105463171643728      -0.0105463171643728                        0
       384                        0      -0.0137321445133855                        0      -0.0105715066441286      -0.0105715066441286                        0
       392                        0      -0.0137335845346238                        0      -0.0105959415232957      -0.0105959415232957                        0
       400                        0      -0.0137349623691257                        0      -0.0106196602022024      -0.0106196602022024                        0
       408                        0      -0.0137362818539823                        0      -0.0106426983628964      -0.0106426983628964                        0
       416                        0      -0.0137375465207034                        0      -0.0106650892131883      -0.0106650892131883                        0
       424                        0      -0.0137387596248544                        0      -0.0106868637043842      -0.0106868637043842                        0
       432                        0      -0.0137399241723295                        0      -0.0107080507259887      -0.0107080507259887                        0
       440                        0        -0.01374104294268                        0      -0.0107286772801112      -0.0107286772801112                        0
       448                        0      -0.0137421185098943                        0      -0.0107487686381545      -0.0107487686381545                        0
       456                        0      -0.0137431532609294                        0      -0.0107683484818219      -0.0107683484818219                        0
       464                        0      -0.0137441494122843                        0       -0.010787439030355       -0.010787439030355                        0
       472                        0      -0.0137451090248494                        0      -0.0108060611553125      -0.0108060611553125                        0
       480                        0       -0.013746034017231                        0      -0.0108242344847282      -0.0108242344847282                        0
       488                        0       -0.013746926177744                        0      -0.0108419774973189      -0.0108419774973189                        0
       496                        0       -0.013747787175205                        0      -0.0108593076082678      -0.0108593076082678                        0
       504                        0      -0.0137486185686857                        0      -0.0108762412472047      -0.0108762412472047                        0
       512                        0      -0.0137494218163211                        0      -0.0108927939292094      -0.0108927939292094                        0
       520                        0      -0.0137501982832912                        0      -0.0109089803198045      -0.0109089803198045                        0
       528                        0      -0.0137509492490575                        0      -0.0109248142942024      -0.0109248142942024                        0
       536                        0      -0.0137516759139447                        0      -0.0109403089917083      -0.0109403089917083                        0
       544                        0      -0.0137523794051101                        0      -0.0109554768653949      -0.0109554768653949                        0
       552                        0      -0.0137530607820049                        0      -0.0109703297279763      -0.0109703297279763                        0
       560                        0      -0.0137537210413375                        0      -0.0109848787937753      -0.0109848787937753                        0
       568                        0      -0.0137543611216205                        0      -0.0109991347174326      -0.0109991347174326                        0
       576                        0       -0.013754981907323                        0      -0.0110131076295912      -0.0110131076295912                        0
       584                        0      -0.0137555842326764                        0      -0.0110268071698557      -0.0110268071698557                        0
       592                        0      -0.0137561688851641                        0      -0.0110402425171346      -0.0110402425171346                        0
       600                        0      -0.0137567366087261                        0      -0.0110534224178542      -0.0110534224178542                        0
       608                        0      -0.0137572881067045                        0      -0.0110663552119514      -0.0110663552119514                        0
       616                        0      -0.0137578240445548                        0      -0.0110790488571041      -0.0110790488571041                        0
       624                        0      -0.0137583450523385                        0       -0.011091510951066       -0.011091510951066                        0
       632                        0      -0.0137588517270361                        0      -0.0111037487525199      -0.0111037487525199                        0
       640                        0      -0.0137593446346625                        0      -0.0111157692004865      -0.0111157692004865                        0
       648                        0      -0.0137598243122415                        0      -0.0111275789322565      -0.0111275789322565                        0
       656                        0      -0.0137602912696192                        0      -0.0111391843002494      -0.0111391843002494                        0
       664                        0      -0.0137607459911496                        0       -0.011150591387635       -0.011150591387635                        0
       672                        0      -0.0137611889372535                        0      -0.0111618060230062      -0.0111618060230062                        0
       680                        0      -0.0137616205458708                        0      -0.0111728337939074      -0.0111728337939074                        0
       688                        0      -0.0137620412338025                        0      -0.0111836800597473      -0.0111836800597473                        0
       696                        0      -0.0137624513979573                        0       -0.011194349963615       -0.011194349963615                        0
       704                        0       -0.013762851416521                        0      -0.0112048484435486      -0.0112048484435486                        0
       712                        0      -0.0137632416500347                        0       -0.011215180242971       -0.011215180242971                        0
       720                        0      -0.0137636224424035                        0       -0.011225349920527       -0.011225349920527                        0
       728                        0      -0.0137639941218375                        0      -0.0112353618593062      -0.0112353618593062                        0
       736                        0      -0.0137643570017325                        0      -0.0112452202755658      -0.0112452202755658                        0
       744                        0      -0.0137647113814841                        0      -0.0112549292268029      -0.0112549292268029                        0
       752                        0      -0.0137650575472577                        0      -0.0112644926194743      -0.0112644926194743                        0
       760                        0      -0.0137653957727087                        0      -0.0112739142161443      -0.0112739142161443                        0
