#square and square, nu_xymn_1
#MM NN: 1 1
#quadrature order: 16
#numpanels            c*(gradu.n)^2                      BEM        0.5*(gradu)^2 ex.       Boundary Formula 1       Boundary Formula 2
        16                        0        0.232523402864825                        0        0.185332726793206        0.185332726793206                        0
        24                        0        0.240393668126084                        0        0.202628846023054        0.202628846023054                        0
        32                        0        0.243344496269635                        0        0.207556289673835        0.207556289673835                        0
        40                        0        0.244140991141217                        0        0.210830342546261        0.210830342546261                        0
        48                        0        0.244505139313033                        0        0.212982907232162        0.212982907232162                        0
        56                        0        0.244694325695729                        0        0.214654670296702        0.214654670296702                        0
        64                        0         0.24480628993819                        0        0.215999927932612        0.215999927932612                        0
        72                        0         0.24487887043946                        0        0.217125193529165        0.217125193529165                        0
        80                        0        0.244929008858927                        0        0.218088399812693        0.218088399812693                        0
        88                        0        0.244965344970442                        0        0.218927820267331        0.218927820267331                        0
        96                        0        0.244992678435318                        0        0.219669548711401        0.219669548711401                        0
       104                        0        0.245013859518779                        0        0.220332310915354        0.220332310915354                        0
       112                        0        0.245030674402477                        0        0.220929991833186        0.220929991833186                        0
       120                        0        0.245044292722467                        0        0.221473175972031        0.221473175972031                        0
       128                        0        0.245055508983095                        0        0.221970114020326        0.221970114020326                        0
       136                        0        0.245064879866185                        0        0.222427359122085        0.222427359122085                        0
       144                        0        0.245072805903476                        0        0.222850199708979        0.222850199708979                        0
       152                        0        0.245079581958409                        0        0.223242962643413        0.223242962643413                        0
       160                        0        0.245085429484944                        0        0.223609230778413        0.223609230778413                        0
       168                        0         0.24509051775026                        0        0.223952002431225        0.223952002431225                        0
       176                        0         0.24509497815961                        0        0.224273810451922        0.224273810451922                        0
       184                        0        0.245098914147791                        0        0.224576812578081        0.224576812578081                        0
       192                        0        0.245102408149479                        0        0.224862860995817        0.224862860995817                        0
       200                        0        0.245105526601483                        0        0.225133556587937        0.225133556587937                        0
       208                        0        0.245108323592153                        0        0.225390291734459        0.225390291734459                        0
       216                        0        0.245110843563836                        0        0.225634284439843        0.225634284439843                        0
       224                        0        0.245113123341437                        0        0.225866605806143        0.225866605806143                        0
       232                        0        0.245115193674166                        0        0.226088202345292        0.226088202345292                        0
       240                        0         0.24511708042068                        0        0.226299914246811        0.226299914246811                        0
       248                        0        0.245118805469732                        0        0.226502490446136        0.226502490446136                        0
       256                        0        0.245120387462272                        0        0.226696601139455        0.226696601139455                        0
       264                        0        0.245121842362939                        0         0.22688284824536         0.22688284824536                        0
       272                        0        0.245123183916118                        0        0.227061774201983        0.227061774201983                        0
       280                        0        0.245124424012722                        0        0.227233869405948        0.227233869405948                        0
       288                        0        0.245125572987292                        0         0.22739957853573         0.22739957853573                        0
       296                        0        0.245126639860303                        0        0.227559305953213        0.227559305953213                        0
       304                        0        0.245127632537033                        0        0.227713420339033        0.227713420339033                        0
       312                        0        0.245128557971748                        0        0.227862258687746        0.227862258687746                        0
       320                        0        0.245129422304015                        0        0.228006129764929        0.228006129764929                        0
       328                        0        0.245130230972481                        0        0.228145317111284        0.228145317111284                        0
       336                        0        0.245130988810302                        0        0.228280081661625        0.228280081661625                        0
       344                        0         0.24513170012558                        0        0.228410664036596        0.228410664036596                        0
       352                        0        0.245132368769434                        0          0.2285372865547          0.2285372865547                        0
       360                        0        0.245132998193896                        0        0.228660155004115        0.228660155004115                        0
       368                        0        0.245133591501299                        0        0.228779460207547        0.228779460207547                        0
       376                        0        0.245134151486613                        0        0.228895379408948        0.228895379408948                        0
       384                        0        0.245134680673841                        0        0.229008077504562        0.229008077504562                        0
       392                        0        0.245135181347428                        0        0.229117708139686        0.229117708139686                        0
       400                        0        0.245135655579451                        0        0.229224414687777        0.229224414687777                        0
       408                        0        0.245136105253239                        0        0.229328331126532        0.229328331126532                        0
       416                        0        0.245136532083944                        0        0.229429582823618        0.229429582823618                        0
       424                        0        0.245136937636514                        0        0.229528287243133        0.229528287243133                        0
       432                        0        0.245137323341445                        0        0.229624554582132        0.229624554582132                        0
       440                        0        0.245137690508605                        0        0.229718488344734        0.229718488344734                        0
       448                        0        0.245138040339426                        0        0.229810185861615        0.229810185861615                        0
       456                        0        0.245138373937645                        0        0.229899738760646        0.229899738760646                        0
       464                        0        0.245138692318831                        0        0.229987233394466        0.229987233394466                        0
       472                        0        0.245138996418823                        0        0.230072751228303        0.230072751228303                        0
       480                        0        0.245139287101227                        0        0.230156369194519        0.230156369194519                        0
       488                        0        0.245139565164105                        0        0.230238160014754        0.230238160014754                        0
       496                        0        0.245139831345936                        0        0.230318192495302        0.230318192495302                        0
       504                        0        0.245140086330949                        0        0.230396531796985        0.230396531796985                        0
       512                        0        0.245140330753905                        0        0.230473239682102        0.230473239682102                        0
       520                        0        0.245140565204384                        0        0.230548374741953        0.230548374741953                        0
       528                        0        0.245140790230645                        0        0.230621992605038        0.230621992605038                        0
       536                        0        0.245141006343094                        0        0.230694146129441        0.230694146129441                        0
       544                        0        0.245141214017432                        0        0.230764885579027        0.230764885579027                        0
       552                        0        0.245141413697473                        0        0.230834258787323        0.230834258787323                        0
       560                        0        0.245141605797717                        0         0.23090231130785         0.23090231130785                        0
       568                        0        0.245141790705675                        0        0.230969086553481        0.230969086553481                        0
       576                        0         0.24514196878397                        0        0.231034625925519        0.231034625925519                        0
       584                        0        0.245142140372265                        0        0.231098968933447        0.231098968933447                        0
       592                        0        0.245142305789005                        0        0.231162153305467        0.231162153305467                        0
       600                        0        0.245142465333006                        0        0.231224215091941        0.231224215091941                        0
       608                        0         0.24514261928491                        0        0.231285188760848        0.231285188760848                        0
       616                        0        0.245142767908514                        0        0.231345107287324        0.231345107287324                        0
       624                        0        0.245142911451981                        0        0.231404002236302        0.231404002236302                        0
       632                        0        0.245143050148953                        0        0.231461903840069        0.231461903840069                        0
       640                        0        0.245143184219578                        0        0.231518841070792        0.231518841070792                        0
       648                        0        0.245143313871434                        0        0.231574841707532        0.231574841707532                        0
       656                        0        0.245143439300405                        0          0.2316299323997          0.2316299323997                        0
       664                        0        0.245143560691462                        0        0.231684138725915        0.231684138725915                        0
       672                        0        0.245143678219396                        0        0.231737485249594        0.231737485249594                        0
       680                        0        0.245143792049497                        0        0.231789995570129        0.231789995570129                        0
       688                        0        0.245143902338166                        0        0.231841692372264        0.231841692372264                        0
       696                        0        0.245144009233494                        0        0.231892597471045        0.231892597471045                        0
       704                        0        0.245144112875792                        0         0.23194273185511         0.23194273185511                        0
       712                        0        0.245144213398084                        0        0.231992115726721        0.231992115726721                        0
       720                        0        0.245144310926557                        0        0.232040768539683        0.232040768539683                        0
       728                        0        0.245144405580989                        0        0.232088709034978        0.232088709034978                        0
       736                        0        0.245144497475135                        0         0.23213595527464         0.23213595527464                        0
       744                        0        0.245144586717095                        0        0.232182524673021        0.232182524673021                        0
       752                        0        0.245144673409652                        0        0.232228434026956        0.232228434026956                        0
       760                        0        0.245144757650581                        0        0.232273699543587        0.232273699543587                        0
       768                        0         0.24514483953295                        0        0.232318336867596        0.232318336867596                        0
       776                        0        0.245144919145385                        0        0.232362361105556        0.232362361105556                        0
