#square and square, nu_xymn_1
#MM NN: 1 4
#quadrature order: 16
#numpanels            c*(gradu.n)^2                      BEM        0.5*(gradu)^2 ex.       Boundary Formula 1       Boundary Formula 2
        16                        0       0.0781751419216708                        0        0.157718898894121        0.157718898894121                        0
        24                        0        0.059159344084318                        0        0.120213257178665        0.120213257178665                        0
        32                        0       0.0508996731625974                        0        0.100177610107675        0.100177610107675                        0
        40                        0       0.0463956730590717                        0       0.0890610024198114       0.0890610024198114                        0
        48                        0       0.0436292652251347                        0       0.0817781360444104       0.0817781360444104                        0
        56                        0        0.041757517229682                        0       0.0766867891157268       0.0766867891157268                        0
        64                        0       0.0404141842157621                        0       0.0728985187081759       0.0728985187081759                        0
        72                        0        0.039405012259651                        0        0.069959524454577        0.069959524454577                        0
        80                        0       0.0386207848555461                        0       0.0676034165376887       0.0676034165376887                        0
        88                        0       0.0379949203718653                        0        0.065665869506766        0.065665869506766                        0
        96                        0       0.0374846091677786                        0       0.0640395102842335       0.0640395102842335                        0
       104                        0       0.0370610971992064                        0       0.0626512382207455       0.0626512382207455                        0
       112                        0       0.0367043733370667                        0       0.0614494971906022       0.0614494971906022                        0
       120                        0       0.0364000925577956                        0       0.0603968479187714       0.0603968479187714                        0
       128                        0       0.0361377106317336                        0       0.0594654172331456       0.0594654172331456                        0
       136                        0        0.035909308595491                        0       0.0586340054835114       0.0586340054835114                        0
       144                        0       0.0357088271025311                        0       0.0578861866452994       0.0578861866452994                        0
       152                        0       0.0355315533084945                        0       0.0572090247807429       0.0572090247807429                        0
       160                        0       0.0353737683262384                        0       0.0565921851665254       0.0565921851665254                        0
       168                        0       0.0352324996291222                        0       0.0560273051393489       0.0560273051393489                        0
       176                        0       0.0351053437390917                        0       0.0555075400335233       0.0555075400335233                        0
       184                        0       0.0349903370163581                        0       0.0550272297332556       0.0550272297332556                        0
       192                        0       0.0348858600143066                        0       0.0545816499354687       0.0545816499354687                        0
       200                        0       0.0347905656696097                        0        0.054166823955335        0.054166823955335                        0
       208                        0       0.0347033246886145                        0       0.0537793784930526       0.0537793784930526                        0
       216                        0       0.0346231835205369                        0       0.0534164317844406       0.0534164317844406                        0
       224                        0        0.034549331665986                        0       0.0530755059254127       0.0530755059254127                        0
       232                        0       0.0344810759936178                        0       0.0527544574604813       0.0527544574604813                        0
       240                        0       0.0344178203769041                        0       0.0524514219257597       0.0524514219257597                        0
       248                        0       0.0343590494114446                        0       0.0521647691641528       0.0521647691641528                        0
       256                        0       0.0343043152921487                        0       0.0518930670365763       0.0518930670365763                        0
       264                        0       0.0342532271591672                        0       0.0516350517345748       0.0516350517345748                        0
       272                        0        0.034205442388676                        0       0.0513896033275718       0.0513896033275718                        0
       280                        0       0.0341606594276954                        0       0.0511557254926207       0.0511557254926207                        0
       288                        0       0.0341186118636609                        0       0.0509325286104724       0.0509325286104724                        0
       296                        0        0.034079063488144                        0       0.0507192155893748       0.0507192155893748                        0
       304                        0        0.034041804166149                        0       0.0505150699135143       0.0505150699135143                        0
       312                        0       0.0340066463621341                        0       0.0503194455166083       0.0503194455166083                        0
       320                        0       0.0339734222044747                        0       0.0501317581618822       0.0501317581618822                        0
       328                        0       0.0339419809937224                        0       0.0499514780707098       0.0499514780707098                        0
       336                        0       0.0339121870786049                        0       0.0497781235934267       0.0497781235934267                        0
       344                        0       0.0338839180381215                        0       0.0496112557527092       0.0496112557527092                        0
       352                        0        0.033857063119684                        0        0.049450473521331        0.049450473521331                        0
       360                        0       0.0338315218923028                        0       0.0492954097208856       0.0492954097208856                        0
       368                        0       0.0338072030811879                        0       0.0491457274476282       0.0491457274476282                        0
       376                        0       0.0337840235559546                        0       0.0490011169468963       0.0490011169468963                        0
       384                        0       0.0337619074494276                        0       0.0488612928722466       0.0488612928722466                        0
       392                        0       0.0337407853878287                        0       0.0487259918738598       0.0487259918738598                        0
       400                        0       0.0337205938163517                        0        0.048594970471003        0.048594970471003                        0
       408                        0       0.0337012744066262                        0       0.0484680031699864       0.0484680031699864                        0
       416                        0       0.0336827735347815                        0       0.0483448807949536       0.0483448807949536                        0
       424                        0       0.0336650418204806                        0       0.0482254090034623       0.0482254090034623                        0
       432                        0       0.0336480337188442                        0       0.0481094069632763       0.0481094069632763                        0
       440                        0       0.0336317071583023                        0       0.0479967061705691       0.0479967061705691                        0
       448                        0       0.0336160232185193                        0       0.0478871493915655       0.0478871493915655                        0
       456                        0       0.0336009458432963                        0       0.0477805897128976       0.0477805897128976                        0
       464                        0       0.0335864415841291                        0       0.0476768896874273       0.0476768896874273                        0
       472                        0       0.0335724793706896                        0       0.0475759205655445       0.0475759205655445                        0
       480                        0       0.0335590303049864                        0       0.0474775616001378       0.0474775616001378                        0
       488                        0       0.0335460674764296                        0       0.0473816994192295       0.0473816994192295                        0
       496                        0       0.0335335657953625                        0       0.0472882274567114       0.0472882274567114                        0
       504                        0        0.033521501842955                        0       0.0471970454361282       0.0471970454361282                        0
       512                        0       0.0335098537356263                        0       0.0471080589017752       0.0471080589017752                        0
       520                        0       0.0334986010023793                        0       0.0470211787909856       0.0470211787909856                        0
       528                        0       0.0334877244736434                        0       0.0469363210449168       0.0469363210449168                        0
       536                        0       0.0334772061803941                        0        0.046853406252388        0.046853406252388                        0
       544                        0       0.0334670292624592                        0       0.0467723593251114       0.0467723593251114                        0
       552                        0        0.033457177885046                        0       0.0466931091990226       0.0466931091990226                        0
       560                        0       0.0334476371626726                        0       0.0466155885613523       0.0466155885613523                        0
       568                        0        0.033438393089705                        0       0.0465397335996106       0.0465397335996106                        0
       576                        0       0.0334294324768991                        0       0.0464654837707946       0.0464654837707946                        0
       584                        0       0.0334207428933014                        0       0.0463927815887433       0.0463927815887433                        0
       592                        0       0.0334123126130285                        0       0.0463215724286609       0.0463215724286609                        0
       600                        0       0.0334041305664253                        0       0.0462518043460117       0.0462518043460117                        0
       608                        0       0.0333961862952239                        0       0.0461834279098528       0.0461834279098528                        0
       616                        0       0.0333884699112865                        0       0.0461163960480116       0.0461163960480116                        0
       624                        0       0.0333809720586394                        0       0.0460506639044535       0.0460506639044535                        0
       632                        0       0.0333736838784804                        0       0.0459861887065851       0.0459861887065851                        0
       640                        0       0.0333665969768861                        0        0.045922929642024        0.045922929642024                        0
       648                        0       0.0333597033950026                        0       0.0458608477447857       0.0458608477447857                        0
       656                        0       0.0333529955814756                        0       0.0457999057887523       0.0457999057887523                        0
       664                        0        0.033346466366946                        0       0.0457400681889856       0.0457400681889856                        0
       672                        0       0.0333401089404177                        0       0.0456813009094016       0.0456813009094016                        0
       680                        0       0.0333339168273574                        0       0.0456235713775072       0.0456235713775072                        0
       688                        0       0.0333278838693643                        0       0.0455668484036146       0.0455668484036146                        0
       696                        0       0.0333220042052891                        0       0.0455111021066366       0.0455111021066366                        0
       704                        0       0.0333162722536787                        0       0.0454563038437832       0.0454563038437832                        0
       712                        0       0.0333106826964537                        0       0.0454024261453935       0.0454024261453935                        0
       720                        0       0.0333052304636971                        0       0.0453494426536662       0.0453494426536662                        0
       728                        0       0.0332999107194796                        0       0.0452973280653421       0.0452973280653421                        0
       736                        0         0.03329471884865                        0       0.0452460580776604       0.0452460580776604                        0
       744                        0       0.0332896504444914                        0       0.0451956093382489       0.0451956093382489                        0
       752                        0       0.0332847012972032                        0       0.0451459593974856       0.0451459593974856                        0
       760                        0       0.0332798673831279                        0       0.0450970866642755       0.0450970866642755                        0
       768                        0       0.0332751448546642                        0       0.0450489703636391       0.0450489703636391                        0
