#square and square, nu_xymn_2
#MM NN: 5 2
#quadrature order: 16
#numpanels            c*(gradu.n)^2                      BEM        0.5*(gradu)^2 ex.       Boundary Formula 1       Boundary Formula 2
        16                        0      -0.0452338663263203                        0       0.0496428919207487       0.0496428919207487                        0
        24                        0      -0.0666208379563162                        0      0.00302712675056126      0.00302712675056126                        0
        32                        0       -0.075452660598652                        0      -0.0181594798523308      -0.0181594798523308                        0
        40                        0      -0.0793263187166469                        0      -0.0290261577833174      -0.0290261577833174                        0
        48                        0      -0.0815198955879596                        0      -0.0358432946022882      -0.0358432946022882                        0
        56                        0      -0.0829208875313983                        0      -0.0405515578395881      -0.0405515578395881                        0
        64                        0      -0.0838897376662497                        0      -0.0440447599856073      -0.0440447599856073                        0
        72                        0      -0.0845994388287049                        0      -0.0467662035647341      -0.0467662035647341                        0
        80                        0      -0.0851409820452357                        0      -0.0489639913087988      -0.0489639913087988                        0
        88                        0      -0.0855673083535107                        0      -0.0507878502490106      -0.0507878502490106                        0
        96                        0      -0.0859112800817244                        0      -0.0523339923017121      -0.0523339923017121                        0
       104                        0      -0.0861943774397454                        0      -0.0536672699621509      -0.0536672699621509                        0
       112                        0      -0.0864312313201292                        0      -0.0548331509373941      -0.0548331509373941                        0
       120                        0      -0.0866321497315169                        0      -0.0558645593692281      -0.0558645593692281                        0
       128                        0      -0.0868046028323312                        0      -0.0567859919159879      -0.0567859919159879                        0
       136                        0       -0.086954135279476                        0      -0.0576160995854785      -0.0576160995854785                        0
       144                        0      -0.0870849479806167                        0      -0.0583693664706382      -0.0583693664706382                        0
       152                        0      -0.0872002810524381                        0      -0.0590572354653604      -0.0590572354653604                        0
       160                        0      -0.0873026729628418                        0      -0.0596888836811672      -0.0596888836811672                        0
       168                        0      -0.0873941401663122                        0      -0.0602717692931426      -0.0602717692931426                        0
       176                        0      -0.0874763043001138                        0      -0.0608120252993141      -0.0608120252993141                        0
       184                        0       -0.087550483965777                        0      -0.0613147483466889      -0.0613147483466889                        0
       192                        0      -0.0876177620839233                        0       -0.061784214127262       -0.061784214127262                        0
       200                        0      -0.0876790360800298                        0      -0.0622240404265432      -0.0622240404265432                        0
       208                        0      -0.0877350557950982                        0      -0.0626373122233804      -0.0626373122233804                        0
       216                        0      -0.0877864524837081                        0      -0.0630266788563946      -0.0630266788563946                        0
       224                        0       -0.087833761249338                        0      -0.0633944303446527      -0.0633944303446527                        0
       232                        0      -0.0878774385847324                        0      -0.0637425579513546      -0.0637425579513546                        0
       240                        0      -0.0879178762179977                        0      -0.0640728026989625      -0.0640728026989625                        0
       248                        0      -0.0879554121400864                        0      -0.0643866945717819      -0.0643866945717819                        0
       256                        0      -0.0879903394600997                        0      -0.0646855844497017      -0.0646855844497017                        0
       264                        0      -0.0880229135708845                        0      -0.0649706703148961      -0.0649706703148961                        0
       272                        0       -0.088053357988828                        0      -0.0652430189088271      -0.0652430189088271                        0
       280                        0      -0.0880818691449402                        0      -0.0655035837456397      -0.0655035837456397                        0
       288                        0      -0.0881086203401098                        0      -0.0657532201855324      -0.0657532201855324                        0
       296                        0      -0.0881337650294945                        0      -0.0659926981197696      -0.0659926981197696                        0
       304                        0      -0.0881574395648632                        0      -0.0662227127027603      -0.0662227127027603                        0
       312                        0      -0.0881797654962164                        0      -0.0664438934772412      -0.0664438934772412                        0
       320                        0      -0.0882008515129701                        0      -0.0666568121701187      -0.0666568121701187                        0
       328                        0      -0.0882207950887266                        0      -0.0668619893818343      -0.0668619893818343                        0
       336                        0      -0.0882396838809794                        0      -0.0670599003507793      -0.0670599003507793                        0
       344                        0      -0.0882575969272233                        0       -0.067250979940483       -0.067250979940483                        0
       352                        0      -0.0882746056710915                        0      -0.0674356269705868      -0.0674356269705868                        0
       360                        0      -0.0882907748459905                        0      -0.0676142079914108      -0.0676142079914108                        0
       368                        0      -0.0883061632387112                        0        -0.06778706058499        -0.06778706058499                        0
       376                        0      -0.0883208243515777                        0      -0.0679544962610079      -0.0679544962610079                        0
       384                        0      -0.0883348069784614                        0       -0.068116803005677       -0.068116803005677                        0
       392                        0      -0.0883481557074317                        0      -0.0682742475315075      -0.0682742475315075                        0
       400                        0       -0.088360911360663                        0      -0.0684270772684167      -0.0684270772684167                        0
       408                        0      -0.0883731113805392                        0      -0.0685755221311741      -0.0685755221311741                        0
       416                        0      -0.0883847901694425                        0      -0.0687197960922131      -0.0687197960922131                        0
       424                        0      -0.0883959793895776                        0      -0.0688600985844206      -0.0688600985844206                        0
       432                        0      -0.0884067082281577                        0      -0.0689966157551337      -0.0689966157551337                        0
       440                        0      -0.0884170036325629                        0      -0.0691295215906679      -0.0691295215906679                        0
       448                        0      -0.0884268905193082                        0      -0.0692589789256598      -0.0692589789256598                        0
       456                        0      -0.0884363919601782                        0      -0.0693851403518406      -0.0693851403518406                        0
       464                        0      -0.0884455293483693                        0      -0.0695081490370068      -0.0695081490370068                        0
       472                        0      -0.0884543225470828                        0       -0.069628139466105       -0.069628139466105                        0
       480                        0      -0.0884627900227014                        0      -0.0697452381106463      -0.0697452381106463                        0
       488                        0      -0.0884709489643653                        0      -0.0698595640373117      -0.0698595640373117                        0
       496                        0      -0.0884788153915402                        0      -0.0699712294596687      -0.0699712294596687                        0
       504                        0      -0.0884864042509571                        0      -0.0700803402406664      -0.0700803402406664                        0
       512                        0      -0.0884937295041165                        0      -0.0701869963510863      -0.0701869963510863                        0
       520                        0      -0.0885008042064238                        0      -0.0702912922870127      -0.0702912922870127                        0
       528                        0      -0.0885076405788482                        0      -0.0703933174526737      -0.0703933174526737                        0
       536                        0       -0.088514250072932                        0      -0.0704931565098335      -0.0704931565098335                        0
       544                        0      -0.0885206434298585                        0      -0.0705908896995273      -0.0705908896995273                        0
       552                        0      -0.0885268307341736                        0      -0.0706865931360809      -0.0706865931360809                        0
       560                        0      -0.0885328214627539                        0      -0.0707803390780251      -0.0707803390780251                        0
       568                        0      -0.0885386245294665                        0      -0.0708721961780524      -0.0708721961780524                        0
       576                        0      -0.0885442483259794                        0      -0.0709622297123374      -0.0709622297123374                        0
       584                        0      -0.0885497007590902                        0      -0.0710505017927934      -0.0710505017927934                        0
       592                        0      -0.0885549892849209                        0      -0.0711370715632254      -0.0711370715632254                        0
       600                        0      -0.0885601209402666                        0      -0.0712219953806999      -0.0712219953806999                        0
       608                        0      -0.0885651023713962                        0      -0.0713053269831985      -0.0713053269831985                        0
       616                        0       -0.088569939860507                        0      -0.0713871176450971      -0.0713871176450971                        0
       624                        0      -0.0885746393500859                        0      -0.0714674163222685      -0.0714674163222685                        0
       632                        0      -0.0885792064653388                        0      -0.0715462697856518      -0.0715462697856518                        0
       640                        0      -0.0885836465348928                        0      -0.0716237227460224      -0.0716237227460224                        0
       648                        0        -0.08858796460989                        0       -0.071699817970571       -0.071699817970571                        0
       656                        0      -0.0885921654816519                        0      -0.0717745963906668      -0.0717745963906668                        0
       664                        0      -0.0885962536980053                        0      -0.0718480972029392      -0.0718480972029392                        0
       672                        0      -0.0886002335784094                        0      -0.0719203579631909      -0.0719203579631909                        0
       680                        0       -0.088604109227971                        0      -0.0719914146748685      -0.0719914146748685                        0
       688                        0      -0.0886078845504488                        0      -0.0720613018705308      -0.0720613018705308                        0
       696                        0      -0.0886115632603291                        0       -0.072130052689582       -0.072130052689582                        0
       704                        0      -0.0886151488940446                        0      -0.0721976989498485      -0.0721976989498485                        0
       712                        0      -0.0886186448204143                        0       -0.072264271215144       -0.072264271215144                        0
       720                        0      -0.0886220542503566                        0      -0.0723297988588626      -0.0723297988588626                        0
       728                        0      -0.0886253802459476                        0      -0.0723943101234888      -0.0723943101234888                        0
       736                        0      -0.0886286257288516                        0      -0.0724578321758183      -0.0724578321758183                        0
       744                        0      -0.0886317934882102                        0       -0.072520391160241       -0.072520391160241                        0
       752                        0      -0.0886348861879871                        0       -0.072582012247532       -0.072582012247532                        0
       760                        0      -0.0886379063738481                        0      -0.0726427196818466      -0.0726427196818466                        0
