#square and square, nu_xymn_2
#MM NN: 3 4
#quadrature order: 16
#numpanels            c*(gradu.n)^2                      BEM        0.5*(gradu)^2 ex.       Boundary Formula 1       Boundary Formula 2
        16                        0       -0.222192175053918                        0       -0.236127663297583       -0.236127663297583                        0
        24                        0       -0.216256343642604                        0       -0.227591656169383       -0.227591656169383                        0
        32                        0       -0.213137606668477                        0       -0.219094924866146       -0.219094924866146                        0
        40                        0       -0.210653810476494                        0       -0.214340331780508       -0.214340331780508                        0
        48                        0        -0.20898596057656                        0       -0.211095273166551       -0.211095273166551                        0
        56                        0       -0.207792255451331                        0        -0.20888620263812        -0.20888620263812                        0
        64                        0       -0.206906951142084                        0       -0.207288193256202       -0.207288193256202                        0
        72                        0       -0.206227610998808                        0       -0.206093975319456       -0.206093975319456                        0
        80                        0       -0.205691806485475                        0       -0.205174152538961       -0.205174152538961                        0
        88                        0        -0.20525951839542                        0       -0.204448721755942       -0.204448721755942                        0
        96                        0       -0.204904107556653                        0       -0.203865196080687       -0.203865196080687                        0
       104                        0       -0.204607221887689                        0       -0.203388010849006       -0.203388010849006                        0
       112                        0       -0.204355841998018                        0       -0.202992284667397       -0.202992284667397                        0
       120                        0       -0.204140494088127                        0       -0.202660146803912       -0.202660146803912                        0
       128                        0       -0.203954130681666                        0       -0.202378463908861       -0.202378463908861                        0
       136                        0       -0.203791407134237                        0       -0.202137389886575       -0.202137389886575                        0
       144                        0       -0.203648200766498                        0       -0.201929412707953       -0.201929412707953                        0
       152                        0       -0.203521283246388                        0       -0.201748711674283       -0.201748711674283                        0
       160                        0       -0.203408092403011                        0       -0.201590714004652       -0.201590714004652                        0
       168                        0       -0.203306570125348                        0       -0.201451782653329       -0.201451782653329                        0
       176                        0       -0.203215045143965                        0       -0.201328992474429       -0.201328992474429                        0
       184                        0       -0.203132146897785                        0       -0.201219967072311       -0.201219967072311                        0
       192                        0       -0.203056741314698                        0       -0.201122758101306       -0.201122758101306                        0
       200                        0        -0.20298788229168                        0       -0.201035754752556       -0.201035754752556                        0
       208                        0       -0.202924774589299                        0        -0.20095761503337        -0.20095761503337                        0
       216                        0       -0.202866745137808                        0        -0.20088721299682        -0.20088721299682                        0
       224                        0       -0.202813220619444                        0       -0.200823597794565       -0.200823597794565                        0
       232                        0       -0.202763709787574                        0       -0.200765961596119       -0.200765961596119                        0
       240                        0       -0.202717789398952                        0       -0.200713614229522       -0.200713614229522                        0
       248                        0       -0.202675092929203                        0       -0.200665962968428       -0.200665962968428                        0
       256                        0       -0.202635301451927                        0       -0.200622496296524       -0.200622496296524                        0
       264                        0       -0.202598136214183                        0       -0.200582770772392       -0.200582770772392                        0
       272                        0       -0.202563352552651                        0       -0.200546400331032       -0.200546400331032                        0
       280                        0       -0.202530734877308                        0       -0.200513047514887       -0.200513047514887                        0
       288                        0       -0.202500092511067                        0       -0.200482416243618       -0.200482416243618                        0
       296                        0       -0.202471256220323                        0       -0.200454245819319       -0.200454245819319                        0
       304                        0       -0.202444075306613                        0       -0.200428305929863       -0.200428305929863                        0
       312                        0       -0.202418415156697                        0       -0.200404392463486       -0.200404392463486                        0
       320                        0       -0.202394155169214                        0       -0.200382323986415       -0.200382323986415                        0
       328                        0       -0.202371186992311                        0       -0.200361938765252       -0.200361938765252                        0
       336                        0       -0.202349413019368                        0       -0.200343092239268       -0.200343092239268                        0
       344                        0       -0.202328745099923                        0       -0.200325654866016       -0.200325654866016                        0
       352                        0        -0.20230910343085                        0       -0.200309510278111       -0.200309510278111                        0
       360                        0       -0.202290415599169                        0       -0.200294553700498       -0.200294553700498                        0
       368                        0       -0.202272615752913                        0       -0.200280690586722       -0.200280690586722                        0
       376                        0       -0.202255643880589                        0       -0.200267835439958       -0.200267835439958                        0
       384                        0       -0.202239445183041                        0       -0.200255910790621       -0.200255910790621                        0
       392                        0       -0.202223969524245                        0       -0.200244846307056       -0.200244846307056                        0
       400                        0       -0.202209170949735                        0       -0.200234578019692       -0.200234578019692                        0
       408                        0       -0.202195007263179                        0       -0.200225047642424       -0.200225047642424                        0
       416                        0       -0.202181439653113                        0         -0.2002162019774         -0.2002162019774                        0
       424                        0        -0.20216843236304                        0       -0.200207992391618       -0.200207992391618                        0
       432                        0       -0.202155952399186                        0       -0.200200374355536       -0.200200374355536                        0
       440                        0       -0.202143969270969                        0       -0.200193307035498       -0.200193307035498                        0
       448                        0        -0.20213245476004                        0       -0.200186752932745       -0.200186752932745                        0
       456                        0       -0.202121382714284                        0        -0.20018067756309        -0.20018067756309                        0
       464                        0       -0.202110728863708                        0        -0.20017504917196        -0.20017504917196                        0
       472                        0       -0.202100470655563                        0       -0.200169838480631       -0.200169838480631                        0
       480                        0        -0.20209058710641                        0       -0.200165018459435       -0.200165018459435                        0
       488                        0        -0.20208105866912                        0       -0.200160564125091       -0.200160564125091                        0
       496                        0       -0.202071867113114                        0       -0.200156452358937       -0.200156452358937                        0
       504                        0       -0.202062995416308                        0       -0.200152661743778       -0.200152661743778                        0
       512                        0       -0.202054427667483                        0       -0.200149172417268       -0.200149172417268                        0
       520                        0       -0.202046148977902                        0       -0.200145965939667       -0.200145965939667                        0
       528                        0       -0.202038145401193                        0       -0.200143025174712       -0.200143025174712                        0
       536                        0       -0.202030403860606                        0       -0.200140334181824       -0.200140334181824                        0
       544                        0       -0.202022912082865                        0       -0.200137878118728       -0.200137878118728                        0
       552                        0        -0.20201565853793                        0       -0.200135643153045       -0.200135643153045                        0
       560                        0       -0.202008632384079                        0       -0.200133616382123       -0.200133616382123                        0
       568                        0        -0.20200182341774                        0       -0.200131785760273       -0.200131785760273                        0
       576                        0       -0.201995222027649                        0       -0.200130140032408       -0.200130140032408                        0
       584                        0       -0.201988819152855                        0       -0.200128668673663       -0.200128668673663                        0
       592                        0       -0.201982606244249                        0       -0.200127361834333       -0.200127361834333                        0
       600                        0       -0.201976575229237                        0       -0.200126210289562       -0.200126210289562                        0
       608                        0         -0.2019707184793                        0       -0.200125205393297       -0.200125205393297                        0
       616                        0       -0.201965028780143                        0       -0.200124339036161       -0.200124339036161                        0
       624                        0       -0.201959499304208                        0       -0.200123603606922       -0.200123603606922                        0
       632                        0       -0.201954123585332                        0       -0.200122991957015       -0.200122991957015                        0
       640                        0        -0.20194889549537                        0       -0.200122497368009       -0.200122497368009                        0
       648                        0       -0.201943809222582                        0       -0.200122113521759       -0.200122113521759                        0
       656                        0       -0.201938859251664                        0       -0.200121834472835       -0.200121834472835                        0
       664                        0       -0.201934040345255                        0       -0.200121654623195       -0.200121654623195                        0
       672                        0       -0.201929347526801                        0       -0.200121568698774       -0.200121568698774                        0
       680                        0       -0.201924776064675                        0       -0.200121571727972       -0.200121571727972                        0
       688                        0       -0.201920321457423                        0       -0.200121659021635       -0.200121659021635                        0
       696                        0       -0.201915979420065                        0       -0.200121826154715       -0.200121826154715                        0
       704                        0       -0.201911745871358                        0       -0.200122068949164       -0.200122068949164                        0
       712                        0       -0.201907616921937                        0       -0.200122383458143       -0.200122383458143                        0
       720                        0       -0.201903588863274                        0       -0.200122765951414       -0.200122765951414                        0
       728                        0       -0.201899658157383                        0       -0.200123212901763       -0.200123212901763                        0
       736                        0       -0.201895821427225                        0        -0.20012372097232        -0.20012372097232                        0
       744                        0       -0.201892075447732                        0       -0.200124287004933       -0.200124287004933                        0
       752                        0       -0.201888417137444                        0       -0.200124908009213       -0.200124908009213                        0
       760                        0        -0.20188484355067                        0       -0.200125581152461       -0.200125581152461                        0
       768                        0        -0.20188135187016                        0        -0.20012630375016        -0.20012630375016                        0
       776                        0       -0.201877939400254                        0       -0.200127073257271       -0.200127073257271                        0
       784                        0       -0.201874603560437                        0       -0.200127887259928       -0.200127887259928                        0
       792                        0       -0.201871341879333                        0       -0.200128743467855       -0.200128743467855                        0
       800                        0       -0.201868151989032                        0       -0.200129639707265       -0.200129639707265                        0
       808                        0       -0.201865031619791                        0       -0.200130573914091       -0.200130573914091                        0
       816                        0       -0.201861978595043                        0       -0.200131544127791       -0.200131544127791                        0
       824                        0       -0.201858990826711                        0       -0.200132548485515       -0.200132548485515                        0
       832                        0       -0.201856066310797                        0       -0.200133585216679       -0.200133585216679                        0
