#square and square, nu_xymn_1
#MM NN: 2 2
#quadrature order: 16
#numpanels            c*(gradu.n)^2                      BEM        0.5*(gradu)^2 ex.       Boundary Formula 1       Boundary Formula 2
        16                        0        0.355289863772184                        0        0.306841061351981        0.306841061351981                        0
        24                        0        0.360612199107088                        0        0.322966607869227        0.322966607869227                        0
        32                        0        0.362264063673957                        0        0.324913378631551        0.324913378631551                        0
        40                        0        0.361862681458955                        0        0.326466632560606        0.326466632560606                        0
        48                        0        0.361403516616539                        0         0.32740026550735         0.32740026550735                        0
        56                        0        0.360996271316344                        0        0.328245915024195        0.328245915024195                        0
        64                        0         0.36066321387122                        0         0.32899871858761         0.32899871858761                        0
        72                        0        0.360393240677039                        0        0.329688400538437        0.329688400538437                        0
        80                        0        0.360172746616331                        0        0.330322843341067        0.330322843341067                        0
        88                        0        0.359990544073589                        0         0.33090908161994         0.33090908161994                        0
        96                        0         0.35983813161506                        0        0.331452540679138        0.331452540679138                        0
       104                        0        0.359709149590616                        0        0.331957897862607        0.331957897862607                        0
       112                        0        0.359598828030795                        0        0.332429203593867        0.332429203593867                        0
       120                        0        0.359503554587004                        0        0.332869989330124        0.332869989330124                        0
       128                        0        0.359420560642779                        0        0.333283338036828        0.333283338036828                        0
       136                        0        0.359347697611408                        0        0.333671945019086        0.333671945019086                        0
       144                        0        0.359283277642967                        0         0.33403817076974         0.33403817076974                        0
       152                        0         0.35922595941042                        0         0.33438408716485         0.33438408716485                        0
       160                        0        0.359174665378882                        0        0.334711517493481        0.334711517493481                        0
       168                        0        0.359128521188435                        0        0.335022070887776        0.335022070887776                        0
       176                        0        0.359086810714002                        0        0.335317171774055        0.335317171774055                        0
       184                        0        0.359048942359947                        0        0.335598084982138        0.335598084982138                        0
       192                        0        0.359014423497564                        0         0.33586593712194         0.33586593712194                        0
       200                        0        0.358982840871601                        0        0.336121734780358        0.336121734780358                        0
       208                        0        0.358953845430823                        0        0.336366380024909        0.336366380024909                        0
       216                        0        0.358927140472398                        0        0.336600683635236        0.336600683635236                        0
       224                        0        0.358902472293666                        0        0.336825376418201        0.336825376418201                        0
       232                        0         0.35887962275937                        0        0.337041118908713        0.337041118908713                        0
       240                        0        0.358858403345462                        0        0.337248509708624        0.337248509708624                        0
       248                        0        0.358838650330935                        0        0.337448092675303        0.337448092675303                        0
       256                        0        0.358820220889481                        0        0.337640363135871        0.337640363135871                        0
       264                        0        0.358802989891839                        0        0.337825773275766        0.337825773275766                        0
       272                        0        0.358786847273501                        0        0.338004736824343        0.338004736824343                        0
       280                        0        0.358771695855246                        0        0.338177633141113        0.338177633141113                        0
       288                        0        0.358757449528701                        0        0.338344810789458        0.338344810789458                        0
       296                        0        0.358744031737982                        0        0.338506590670903        0.338506590670903                        0
       304                        0        0.358731374202832                        0        0.338663268781362        0.338663268781362                        0
       312                        0         0.35871941583989                        0        0.338815118641451        0.338815118641451                        0
       320                        0        0.358708101847277                        0        0.338962393444407        0.338962393444407                        0
       328                        0        0.358697382924548                        0        0.339105327960377        0.339105327960377                        0
       336                        0        0.358687214605321                        0        0.339244140227517        0.339244140227517                        0
       344                        0        0.358677556684149                        0        0.339379033057929        0.339379033057929                        0
       352                        0         0.35866837272252                        0        0.339510195381828        0.339510195381828                        0
       360                        0         0.35865962962162                        0        0.339637803449689        0.339637803449689                        0
       368                        0        0.358651297251586                        0        0.339762021909548        0.339762021909548                        0
       376                        0        0.358643348128782                        0        0.339883004775272        0.339883004775272                        0
       384                        0        0.358635757134011                        0        0.340000896297145        0.340000896297145                        0
       392                        0        0.358628501265789                        0        0.340115831747454        0.340115831747454                        0
       400                        0        0.358621559423674                        0        0.340227938130101        0.340227938130101                        0
       408                        0        0.358614912217523                        0        0.340337334822709        0.340337334822709                        0
       416                        0        0.358608541799124                        0        0.340444134158666        0.340444134158666                        0
       424                        0        0.358602431713211                        0         0.34054844195591         0.34054844195591                        0
       432                        0        0.358596566765336                        0        0.340650357998102        0.340650357998102                        0
       440                        0        0.358590932904399                        0        0.340749976472489        0.340749976472489                        0
       448                        0        0.358585517118011                        0        0.340847386369798        0.340847386369798                        0
       456                        0        0.358580307339061                        0        0.340942671849588        0.340942671849588                        0
       464                        0         0.35857529236214                        0        0.341035912575063        0.341035912575063                        0
       472                        0        0.358570461768627                        0        0.341127184018763        0.341127184018763                        0
       480                        0        0.358565805859405                        0         0.34121655774466         0.34121655774466                        0
       488                        0        0.358561315594334                        0         0.34130410166584         0.34130410166584                        0
       496                        0        0.358556982537697                        0        0.341389880282811        0.341389880282811                        0
       504                        0        0.358552798808938                        0        0.341473954902544        0.341473954902544                        0
       512                        0        0.358548757038124                        0        0.341556383840086        0.341556383840086                        0
       520                        0        0.358544850325595                        0        0.341637222605778        0.341637222605778                        0
       528                        0        0.358541072205364                        0        0.341716524077301        0.341716524077301                        0
       536                        0        0.358537416611855                        0        0.341794338659851        0.341794338659851                        0
       544                        0        0.358533877849652                        0        0.341870714433307        0.341870714433307                        0
       552                        0        0.358530450565921                        0         0.34194569729029         0.34194569729029                        0
       560                        0        0.358527129725255                        0        0.342019331063155        0.342019331063155                        0
       568                        0        0.358523910586687                        0        0.342091657642397        0.342091657642397                        0
       576                        0        0.358520788682665                        0        0.342162717086901        0.342162717086901                        0
       584                        0        0.358517759799785                        0        0.342232547726744        0.342232547726744                        0
       592                        0        0.358514819961134                        0        0.342301186258348        0.342301186258348                        0
       600                        0         0.35851196541006                        0         0.34236866783416         0.34236866783416                        0
       608                        0        0.358509192595269                        0         0.34243502614557         0.34243502614557                        0
       616                        0          0.3585064981571                        0        0.342500293501203        0.342500293501203                        0
       624                        0        0.358503878914879                        0        0.342564500899266        0.342564500899266                        0
       632                        0        0.358501331855262                        0        0.342627678095865        0.342627678095865                        0
       640                        0        0.358498854121468                        0        0.342689853669153        0.342689853669153                        0
       648                        0        0.358496443003323                        0        0.342751055078655        0.342751055078655                        0
       656                        0        0.358494095928067                        0        0.342811308721848        0.342811308721848                        0
       664                        0        0.358491810451816                        0        0.342870639986693        0.342870639986693                        0
       672                        0        0.358489584251672                        0         0.34292907330156         0.34292907330156                        0
       680                        0        0.358487415118385                        0        0.342986632181086        0.342986632181086                        0
       688                        0        0.358485300949551                        0         0.34304333927094         0.34304333927094                        0
       696                        0        0.358483239743284                        0        0.343099216388351        0.343099216388351                        0
       704                        0         0.35848122959233                        0        0.343154284561524        0.343154284561524                        0
       712                        0        0.358479268678597                        0        0.343208564066057        0.343208564066057                        0
       720                        0        0.358477355268036                        0        0.343262074459579        0.343262074459579                        0
       728                        0        0.358475487705897                        0        0.343314834614395        0.343314834614395                        0
       736                        0        0.358473664412276                        0        0.343366862748682        0.343366862748682                        0
       744                        0        0.358471883877974                        0        0.343418176455196        0.343418176455196                        0
       752                        0        0.358470144660615                        0        0.343468792729208        0.343468792729208                        0
       760                        0        0.358468445381027                        0        0.343518727994188        0.343518727994188                        0
