#square and square, nu_xymn_1
#MM NN: 1 2
#quadrature order: 16
#numpanels            c*(gradu.n)^2                      BEM        0.5*(gradu)^2 ex.       Boundary Formula 1       Boundary Formula 2
        16                        0        0.325939521944461                        0        0.283953129590071        0.283953129590071                        0
        24                        0        0.332338979547235                        0        0.298875837065229        0.298875837065229                        0
        32                        0        0.334335805393505                        0        0.300677394028044        0.300677394028044                        0
        40                        0        0.334226811708223                        0        0.302114787420766        0.302114787420766                        0
        48                        0        0.333957138989843                        0        0.302978778686956        0.302978778686956                        0
        56                        0        0.333681287277521                        0        0.303761349395669        0.303761349395669                        0
        64                        0        0.333443006779252                        0        0.304457999729416        0.304457999729416                        0
        72                        0        0.333243959259092                        0        0.305096236826812        0.305096236826812                        0
        80                        0         0.33307818602444                        0        0.305683355182351        0.305683355182351                        0
        88                        0        0.332939281672013                        0        0.306225864692772        0.306225864692772                        0
        96                        0        0.332821857244374                        0        0.306728785977113        0.306728785977113                        0
       104                        0        0.332721653346006                        0        0.307196447486216        0.307196447486216                        0
       112                        0        0.332635361999292                        0        0.307632597513841        0.307632597513841                        0
       120                        0        0.332560416400132                        0        0.308040504098237        0.308040504098237                        0
       128                        0        0.332494813415576                        0        0.308423020239863        0.308423020239863                        0
       136                        0        0.332436976533656                        0        0.308782640195245        0.308782640195245                        0
       144                        0        0.332385653246301                        0         0.30912154838301         0.30912154838301                        0
       152                        0        0.332339838874975                        0        0.309441662133546        0.309441662133546                        0
       160                        0        0.332298719966216                        0        0.309744668732884        0.309744668732884                        0
       168                        0        0.332261631992639                        0        0.310032057284555        0.310032057284555                        0
       176                        0        0.332228027497094                        0        0.310305145963868        0.310305145963868                        0
       184                        0        0.332197451891197                        0         0.31056510525428         0.31056510525428                        0
       192                        0        0.332169524902003                        0         0.31081297772946         0.31081297772946                        0
       200                        0        0.332143926220035                        0        0.311049694892833        0.311049694892833                        0
       208                        0        0.332120384299484                        0        0.311276091524768        0.311276091524768                        0
       216                        0        0.332098667544208                        0         0.31149291792712         0.31149291792712                        0
       224                        0        0.332078577315142                        0          0.3117008503943          0.3117008503943                        0
       232                        0        0.332059942340073                        0        0.311900500190506        0.311900500190506                        0
       240                        0        0.332042614211906                        0        0.312092421266595        0.312092421266595                        0
       248                        0        0.332026463738464                        0         0.31227711691245         0.31227711691245                        0
       256                        0        0.332011377963386                        0        0.312455045507682        0.312455045507682                        0
       264                        0        0.331997257719702                        0         0.31262662550825         0.31262662550825                        0
       272                        0        0.331984015609093                        0         0.31279223978255         0.31279223978255                        0
       280                        0        0.331971574323505                        0        0.312952239392853        0.312952239392853                        0
       288                        0        0.331959865243789                        0        0.313106946902454        0.313106946902454                        0
       296                        0        0.331948827263827                        0        0.313256659276145        0.313256659276145                        0
       304                        0        0.331938405799187                        0        0.313401650430872        0.313401650430872                        0
       312                        0        0.331928551947594                        0        0.313542173484763        0.313542173484763                        0
       320                        0        0.331919221774948                        0        0.313678462744827        0.313678462744827                        0
       328                        0        0.331910375705609                        0        0.313810735469205        0.313810735469205                        0
       336                        0        0.331901977999751                        0         0.31393919343212         0.31393919343212                        0
       344                        0        0.331893996303664                        0        0.314064024317485        0.314064024317485                        0
       352                        0        0.331886401261462                        0        0.314185402962805        0.314185402962805                        0
       360                        0        0.331879166178703                        0        0.314303492471655        0.314303492471655                        0
       368                        0         0.33187226673001                        0        0.314418445210622        0.314418445210622                        0
       376                        0        0.331865680704188                        0        0.314530403705347        0.314530403705347                        0
       384                        0        0.331859387781343                        0        0.314639501446179        0.314639501446179                        0
       392                        0        0.331853369337452                        0        0.314745863615154        0.314745863615154                        0
       400                        0        0.331847608272528                        0        0.314849607742682        0.314849607742682                        0
       408                        0        0.331842088859149                        0        0.314950844301753        0.314950844301753                        0
       416                        0         0.33183679660858                        0        0.315049677246566        0.315049677246566                        0
       424                        0        0.331831718152187                        0        0.315146204501874        0.315146204501874                        0
       432                        0        0.331826841136139                        0        0.315240518408261        0.315240518408261                        0
       440                        0        0.331822154127692                        0        0.315332706127344        0.315332706127344                        0
       448                        0        0.331817646531622                        0        0.315422850011843        0.315422850011843                        0
       456                        0        0.331813308515537                        0        0.315511027943674        0.315511027943674                        0
       464                        0        0.331809130942995                        0        0.315597313643792        0.315597313643792                        0
       472                        0        0.331805105313507                        0         0.31568177695508         0.31568177695508                        0
       480                        0        0.331801223708591                        0        0.315764484103399        0.315764484103399                        0
       488                        0        0.331797478743212                        0        0.315845497936053        0.315845497936053                        0
       496                        0         0.33179386352197                        0        0.315924878142318        0.315924878142318                        0
       504                        0        0.331790371599502                        0        0.316002681456148        0.316002681456148                        0
       512                        0        0.331786996944666                        0        0.316078961842745        0.316078961842745                        0
       520                        0        0.331783733908055                        0        0.316153770671815        0.316153770671815                        0
       528                        0        0.331780577192511                        0         0.31622715687678         0.31622715687678                        0
       536                        0        0.331777521826316                        0        0.316299167103005        0.316299167103005                        0
       544                        0        0.331774563138783                        0        0.316369845843986        0.316369845843986                        0
       552                        0        0.331771696737988                        0        0.316439235569116        0.316439235569116                        0
       560                        0        0.331768918490461                        0        0.316507376841202        0.316507376841202                        0
       568                        0         0.33176622450259                        0        0.316574308426035        0.316574308426035                        0
       576                        0        0.331763611103626                        0        0.316640067394424        0.316640067394424                        0
       584                        0        0.331761074830081                        0        0.316704689217323        0.316704689217323                        0
       592                        0        0.331758612411432                        0        0.316768207853889        0.316768207853889                        0
       600                        0        0.331756220756967                        0        0.316830655834472        0.316830655834472                        0
       608                        0        0.331753896943705                        0         0.31689206433735         0.31689206433735                        0
       616                        0        0.331751638205256                        0        0.316952463261178        0.316952463261178                        0
       624                        0        0.331749441921562                        0        0.317011881291941        0.317011881291941                        0
       632                        0        0.331747305609426                        0        0.317070345966173        0.317070345966173                        0
       640                        0        0.331745226913763                        0        0.317127883730322        0.317127883730322                        0
       648                        0        0.331743203599511                        0        0.317184519995647        0.317184519995647                        0
       656                        0        0.331741233544148                        0        0.317240279190582        0.317240279190582                        0
       664                        0        0.331739314730748                        0        0.317295184809345        0.317295184809345                        0
       672                        0        0.331737445241553                        0        0.317349259458141        0.317349259458141                        0
       680                        0           0.331735623252                        0          0.3174025248976          0.3174025248976                        0
       688                        0        0.331733847025176                        0        0.317455002084203        0.317455002084203                        0
       696                        0         0.33173211490666                        0        0.317506711207784        0.317506711207784                        0
       704                        0        0.331730425319722                        0         0.31755767172801         0.31755767172801                        0
       712                        0        0.331728776760858                        0         0.31760790240808         0.31760790240808                        0
       720                        0        0.331727167795613                        0        0.317657421346775        0.317657421346775                        0
       728                        0        0.331725597054708                        0        0.317706246008674        0.317706246008674                        0
       736                        0        0.331724063230395                        0        0.317754393253025        0.317754393253025                        0
       744                        0        0.331722565073084                        0        0.317801879360299        0.317801879360299                        0
       752                        0        0.331721101388161                        0        0.317848720058055        0.317848720058055                        0
       760                        0        0.331719671033024                        0        0.317894930544701        0.317894930544701                        0
       768                        0        0.331718272914314                        0        0.317940525513034        0.317940525513034                        0
       776                        0          0.3317169059853                        0        0.317985519171042        0.317985519171042                        0
