#square and square, nu_xymn_1
#MM NN: 1 3
#quadrature order: 16
#numpanels            c*(gradu.n)^2                      BEM        0.5*(gradu)^2 ex.       Boundary Formula 1       Boundary Formula 2
        16                        0        0.244941937500094                        0        0.262544823262716        0.262544823262716                        0
        24                        0        0.239412741296639                        0        0.253053836685603        0.253053836685603                        0
        32                        0        0.236345160602015                        0        0.243606519979184        0.243606519979184                        0
        40                        0        0.233780979937194                        0        0.238319999188176        0.238319999188176                        0
        48                        0        0.232038397313481                        0        0.234711894452036        0.234711894452036                        0
        56                        0        0.230781892424365                        0        0.232255680625316        0.232255680625316                        0
        64                        0        0.229845610554351                        0        0.230478891388138        0.230478891388138                        0
        72                        0        0.229124716678113                        0        0.229151068409823        0.229151068409823                        0
        80                        0        0.228554675575329                        0        0.228128338984715        0.228128338984715                        0
        88                        0        0.228093829339366                        0        0.227321749472681        0.227321749472681                        0
        96                        0        0.227714310332622                        0        0.226672940929274        0.226672940929274                        0
       104                        0        0.227396847296148                        0        0.226142369836658        0.226142369836658                        0
       112                        0        0.227127727567904                        0        0.225702371155611        0.225702371155611                        0
       120                        0        0.226896948291068                        0        0.225333074837462        0.225333074837462                        0
       128                        0        0.226697053091087                        0        0.225019878218037        0.225019878218037                        0
       136                        0        0.226522377296933                        0        0.224751833653973        0.224751833653973                        0
       144                        0        0.226368544740849                        0        0.224520588695878        0.224520588695878                        0
       152                        0        0.226232124042785                        0        0.224319671445071        0.224319671445071                        0
       160                        0        0.226110388686367                        0        0.224143997533464        0.224143997533464                        0
       168                        0        0.226001146254885                        0        0.223989523015022        0.223989523015022                        0
       176                        0         0.22590261474294                        0         0.22385299548849         0.22385299548849                        0
       184                        0        0.225813331534789                        0        0.223731772695148        0.223731772695148                        0
       192                        0        0.225732085450757                        0        0.223623688315036        0.223623688315036                        0
       200                        0        0.225657865345153                        0        0.223526951327513        0.223526951327513                        0
       208                        0        0.225589820754403                        0        0.223440069602265        0.223440069602265                        0
       216                        0        0.225527231436227                        0        0.223361791225285        0.223361791225285                        0
       224                        0        0.225469483550196                        0        0.223291058970547        0.223291058970547                        0
       232                        0        0.225416050855836                        0        0.223226974630229        0.223226974630229                        0
       240                        0        0.225366479741568                        0        0.223168770818267        0.223168770818267                        0
       248                        0        0.225320377207107                        0        0.223115788496136        0.223115788496136                        0
       256                        0        0.225277401143683                        0        0.223067458920798        0.223067458920798                        0
       264                        0        0.225237252417173                        0        0.223023289040113        0.223023289040113                        0
       272                        0        0.225199668377117                        0        0.222982849597459        0.222982849597459                        0
       280                        0        0.225164417501806                        0        0.222945765381674        0.222945765381674                        0
       288                        0        0.225131294954864                        0        0.222911707187946        0.222911707187946                        0
       296                        0         0.22510011887799                        0         0.22288038515237         0.22288038515237                        0
       304                        0        0.225070727281868                        0        0.222851543196286        0.222851543196286                        0
       312                        0        0.225042975426026                        0        0.222824954372624        0.222824954372624                        0
       320                        0        0.225016733600554                        0        0.222800416949392        0.222800416949392                        0
       328                        0        0.224991885239789                        0        0.222777751099008        0.222777751099008                        0
       336                        0        0.224968325311682                        0        0.222756796087789        0.222756796087789                        0
       344                        0        0.224945958937089                        0        0.222737407880515        0.222737407880515                        0
       352                        0        0.224924700201742                        0        0.222719457091012        0.222719457091012                        0
       360                        0        0.224904471130351                        0        0.222702827222365        0.222702827222365                        0
       368                        0        0.224885200797695                        0        0.222687413150554        0.222687413150554                        0
       376                        0        0.224866824555906                        0        0.222673119813689        0.222673119813689                        0
       384                        0        0.224849283360664                        0        0.222659861075149        0.222659861075149                        0
       392                        0          0.2248325231819                        0        0.222647558734785        0.222647558734785                        0
       400                        0        0.224816494486938                        0        0.222636141666344        0.222636141666344                        0
       408                        0        0.224801151785939                        0        0.222625545062886        0.222625545062886                        0
       416                        0        0.224786453231085                        0        0.222615709774951        0.222615709774951                        0
       424                        0        0.224772360262263                        0        0.222606581728613        0.222606581728613                        0
       432                        0         0.22475883729311                        0        0.222598111412559        0.222598111412559                        0
       440                        0        0.224745851432144                        0        0.222590253424795        0.222590253424795                        0
       448                        0        0.224733372234561                        0        0.222582966071329        0.222582966071329                        0
       456                        0        0.224721371480783                        0        0.222576211009959        0.222576211009959                        0
       464                        0        0.224709822978525                        0        0.222569952933587        0.222569952933587                        0
       472                        0        0.224698702385492                        0        0.222564159287818        0.222564159287818                        0
       480                        0        0.224687987050263                        0        0.222558800019055        0.222558800019055                        0
       488                        0        0.224677655869233                        0        0.222553847348935        0.222553847348935                        0
       496                        0        0.224667689157753                        0        0.222549275572354        0.222549275572354                        0
       504                        0        0.224658068533859                        0        0.222545060876081        0.222545060876081                        0
       512                        0        0.224648776813196                        0        0.222541181175578        0.222541181175578                        0
       520                        0        0.224639797913879                        0        0.222537615968166        0.222537615968166                        0
       528                        0         0.22463111677025                        0        0.222534346200406        0.222534346200406                        0
       536                        0        0.224622719254535                        0        0.222531354148404        0.222531354148404                        0
       544                        0        0.224614592105629                        0         0.22252862330932         0.22252862330932                        0
       552                        0        0.224606722864205                        0        0.222526138303262        0.222526138303262                        0
       560                        0         0.22459909981356                        0        0.222523884784115        0.222523884784115                        0
       568                        0        0.224591711925571                        0        0.222521849358519        0.222521849358519                        0
       576                        0        0.224584548811296                        0        0.222520019512202        0.222520019512202                        0
       584                        0        0.224577600675726                        0        0.222518383542851        0.222518383542851                        0
       592                        0        0.224570858276317                        0        0.222516930498792        0.222516930498792                        0
       600                        0         0.22456431288492                        0         0.22251565012311         0.22251565012311                        0
       608                        0        0.224557956252803                        0        0.222514532802447        0.222514532802447                        0
       616                        0        0.224551780578477                        0        0.222513569520227        0.222513569520227                        0
       624                        0         0.22454577847805                        0        0.222512751813669        0.222512751813669                        0
       632                        0        0.224539942957908                        0        0.222512071734436        0.222512071734436                        0
       640                        0        0.224534267389493                        0        0.222511521812506        0.222511521812506                        0
       648                        0        0.224528745486004                        0         0.22251109502285         0.22251109502285                        0
       656                        0        0.224523371280851                        0         0.22251078475489         0.22251078475489                        0
       664                        0        0.224518139107701                        0        0.222510584784272        0.222510584784272                        0
       672                        0        0.224513043581998                        0        0.222510489246934        0.222510489246934                        0
       680                        0        0.224508079583823                        0        0.222510492615009        0.222510492615009                        0
       688                        0        0.224503242241973                        0        0.222510589674793        0.222510589674793                        0
       696                        0        0.224498526919184                        0        0.222510775506147        0.222510775506147                        0
       704                        0        0.224493929198369                        0        0.222511045463607        0.222511045463607                        0
       712                        0        0.224489444869838                        0        0.222511395158796        0.222511395158796                        0
       720                        0        0.224485069919362                        0        0.222511820444137        0.222511820444137                        0
       728                        0         0.22448080051707                        0        0.222512317397757        0.222512317397757                        0
       736                        0        0.224476633007078                        0         0.22251288230952         0.22251288230952                        0
       744                        0        0.224472563897812                        0        0.222513511667928        0.222513511667928                        0
       752                        0        0.224468589852966                        0         0.22251420214807         0.22251420214807                        0
       760                        0        0.224464707683039                        0        0.222514950600283        0.222514950600283                        0
       768                        0        0.224460914337426                        0        0.222515754039772        0.222515754039772                        0
