#square and square, nu_xymn_1
#MM NN: 3 3
#quadrature order: 16
#numpanels            c*(gradu.n)^2                      BEM        0.5*(gradu)^2 ex.       Boundary Formula 1       Boundary Formula 2
        16                        0       0.0415383675917997                        0       0.0440304279575003       0.0440304279575003                        0
        24                        0       0.0403509079584801                        0       0.0424387294599411       0.0424387294599411                        0
        32                        0       0.0397719298068787                        0       0.0408543546759927       0.0408543546759927                        0
        40                        0        0.039303546738299                        0        0.039967771692022        0.039967771692022                        0
        48                        0       0.0389884709543841                        0       0.0393626696996329       0.0393626696996329                        0
        56                        0       0.0387627850058317                        0       0.0389507471006586       0.0389507471006586                        0
        64                        0       0.0385953429775475                        0       0.0386527683040058       0.0386527683040058                        0
        72                        0       0.0384668342169663                        0       0.0384300839895317       0.0384300839895317                        0
        80                        0       0.0383654706349476                        0       0.0382585657942285       0.0382585657942285                        0
        88                        0       0.0382836892332661                        0       0.0381232956298445       0.0381232956298445                        0
        96                        0       0.0382164530488616                        0       0.0380144863321646       0.0380144863321646                        0
       104                        0       0.0381602908956399                        0       0.0379255062030597       0.0379255062030597                        0
       112                        0       0.0381127396867314                        0        0.037851715640418        0.037851715640418                        0
       120                        0       0.0380720068432579                        0       0.0377897823113615       0.0377897823113615                        0
       128                        0       0.0380367587483735                        0       0.0377372572567183       0.0377372572567183                        0
       136                        0       0.0380059839526002                        0       0.0376923044874321       0.0376923044874321                        0
       144                        0        0.037978902227805                        0       0.0376535232448946       0.0376535232448946                        0
       152                        0       0.0379549025918183                        0       0.0376198281507497       0.0376198281507497                        0
       160                        0       0.0379335001354751                        0        0.037590366524301        0.037590366524301                        0
       168                        0       0.0379143053491162                        0       0.0375644601702125       0.0375644601702125                        0
       176                        0       0.0378970019399231                        0       0.0375415636402163       0.0375415636402163                        0
       184                        0       0.0378813305306872                        0       0.0375212338108077       0.0375212338108077                        0
       192                        0       0.0378670765052435                        0       0.0375031073764233       0.0375031073764233                        0
       200                        0       0.0378540608249355                        0       0.0374868839715698       0.0374868839715698                        0
       208                        0        0.037842133005327                        0       0.0374723133565532       0.0374723133565532                        0
       216                        0       0.0378311656849589                        0       0.0374591855774737       0.0374591855774737                        0
       224                        0       0.0378210503820357                        0       0.0374473233308378       0.0374473233308378                        0
       232                        0       0.0378116941477142                        0        0.037436575981511        0.037436575981511                        0
       240                        0       0.0378030169033049                        0        0.037426814833995        0.037426814833995                        0
       248                        0        0.037794949304308                        0       0.0374179293633594       0.0374179293633594                        0
       256                        0       0.0377874310140067                        0       0.0374098241877985       0.0374098241877985                        0
       264                        0       0.0377804092981717                        0       0.0374024166193491       0.0374024166193491                        0
       272                        0       0.0377738378735447                        0       0.0373956346689595       0.0373956346689595                        0
       280                        0       0.0377676759583949                        0       0.0373894154113439       0.0373894154113439                        0
       288                        0       0.0377618874851008                        0       0.0373837036367727       0.0373837036367727                        0
       296                        0       0.0377564404435133                        0       0.0373784507332351       0.0373784507332351                        0
       304                        0        0.037751306330529                        0       0.0373736137547194       0.0373736137547194                        0
       312                        0        0.037746459686435                        0       0.0373691546407664       0.0373691546407664                        0
       320                        0       0.0377418777025346                        0       0.0373650395596444       0.0373650395596444                        0
       328                        0       0.0377375398876281                        0       0.0373612383531303       0.0373612383531303                        0
       336                        0         0.03773342778335                        0       0.0373577240651685       0.0373577240651685                        0
       344                        0       0.0377295247202324                        0       0.0373544725401412       0.0373544725401412                        0
       352                        0       0.0377258156078874                        0       0.0373514620791686       0.0373514620791686                        0
       360                        0       0.0377222867538846                        0       0.0373486731449809       0.0373486731449809                        0
       368                        0        0.037718925706868                        0       0.0373460881076149       0.0373460881076149                        0
       376                        0       0.0377157211202198                        0       0.0373436910245901       0.0373436910245901                        0
       384                        0       0.0377126626332164                        0         0.03734146745025         0.03734146745025                        0
       392                        0       0.0377097407671172                        0       0.0373394042699353       0.0373394042699353                        0
       400                        0       0.0377069468340551                        0        0.037337489555323        0.037337489555323                        0
       408                        0       0.0377042728569285                        0       0.0373357124378794       0.0373357124378794                        0
       416                        0       0.0377017114987872                        0       0.0373340629978657       0.0373340629978657                        0
       424                        0       0.0376992560004213                        0       0.0373325321667425       0.0373325321667425                        0
       432                        0        0.037696900125078                        0       0.0373311116411494       0.0373311116411494                        0
       440                        0       0.0376946381093655                        0       0.0373297938068847       0.0373297938068847                        0
       448                        0       0.0376924646195669                        0        0.037328571671602        0.037328571671602                        0
       456                        0        0.037690374712672                        0       0.0373274388050716       0.0373274388050716                        0
       464                        0       0.0376883638015543                        0       0.0373263892860698       0.0373263892860698                        0
       472                        0       0.0376864276237848                        0       0.0373254176550185       0.0373254176550185                        0
       480                        0       0.0376845622136499                        0       0.0373245188717394       0.0373245188717394                        0
       488                        0       0.0376827638769999                        0       0.0373236882776252       0.0373236882776252                        0
       496                        0       0.0376810291685961                        0       0.0373229215617672       0.0373229215617672                        0
       504                        0       0.0376793548716762                        0       0.0373222147305363       0.0373222147305363                        0
       512                        0       0.0376777379794904                        0       0.0373215640802154       0.0373215640802154                        0
       520                        0       0.0376761756785876                        0       0.0373209661723757       0.0373209661723757                        0
       528                        0       0.0376746653336632                        0       0.0373204178116349       0.0373204178116349                        0
       536                        0        0.037673204473804                        0       0.0373199160255838       0.0373199160255838                        0
       544                        0       0.0376717907799798                        0       0.0373194580465916       0.0373194580465916                        0
       552                        0       0.0376704220736521                        0       0.0373190412953532       0.0373190412953532                        0
       560                        0       0.0376690963063903                        0       0.0373186633659346       0.0373186633659346                        0
       568                        0       0.0376678115503858                        0       0.0373183220121842       0.0373183220121842                        0
       576                        0       0.0376665659897832                        0       0.0373180151353795       0.0373180151353795                        0
       584                        0       0.0376653579127413                        0       0.0373177407729687       0.0373177407729687                        0
       592                        0        0.037664185704158                        0       0.0373174970882867       0.0373174970882867                        0
       600                        0       0.0376630478389931                        0        0.037317282361184        0.037317282361184                        0
       608                        0       0.0376619428761331                        0       0.0373170949794397       0.0373170949794397                        0
       616                        0       0.0376608694527493                        0       0.0373169334309168       0.0373169334309168                        0
       624                        0       0.0376598262790993                        0       0.0373167962963534       0.0373167962963534                        0
       632                        0       0.0376588121337396                        0       0.0373166822427633       0.0373166822427633                        0
       640                        0       0.0376578258591017                        0       0.0373165900173763       0.0373165900173763                        0
       648                        0       0.0376568663574103                        0       0.0373165184420507       0.0373165184420507                        0
       656                        0       0.0376559325869066                        0       0.0373164664081509       0.0373164664081509                        0
       664                        0       0.0376550235583527                        0        0.037316432871813        0.037316432871813                        0
       672                        0       0.0376541383317932                        0        0.037316416849597        0.037316416849597                        0
       680                        0        0.037653276013552                        0       0.0373164174144444       0.0373164174144444                        0
       688                        0       0.0376524357534456                        0       0.0373164336919843       0.0373164336919843                        0
       696                        0       0.0376516167421922                        0       0.0373164648570781       0.0373164648570781                        0
       704                        0       0.0376508182090039                        0       0.0373165101306521       0.0373165101306521                        0
       712                        0       0.0376500394193472                        0       0.0373165687767479       0.0373165687767479                        0
       720                        0       0.0376492796728544                        0       0.0373166400997902       0.0373166400997902                        0
       728                        0       0.0376485383013796                        0       0.0373167234420565       0.0373167234420565                        0
       736                        0       0.0376478146671827                        0       0.0373168181813334       0.0373168181813334                        0
       744                        0       0.0376471081612357                        0       0.0373169237287202       0.0373169237287202                        0
       752                        0       0.0376464182016408                        0       0.0373170395266086       0.0373170395266086                        0
       760                        0       0.0376457442321487                        0       0.0373171650467802       0.0373171650467802                        0
