#square and square, nu_xymn_1
#MM NN: 4 4
#quadrature order: 16
#numpanels            c*(gradu.n)^2                      BEM        0.5*(gradu)^2 ex.       Boundary Formula 1       Boundary Formula 2
        16                        0      -0.0601401822756791                        0       -0.141849283451573       -0.141849283451573                        0
        24                        0      -0.0482020483954032                        0       -0.108117445098451       -0.108117445098451                        0
        32                        0      -0.0427030892105875                        0      -0.0900977771928539      -0.0900977771928539                        0
        40                        0      -0.0396048385071278                        0      -0.0800997183299507      -0.0800997183299507                        0
        48                        0      -0.0376563144777573                        0      -0.0735496511910867      -0.0735496511910867                        0
        56                        0      -0.0363141340035446                        0      -0.0689705936481986      -0.0689705936481986                        0
        64                        0      -0.0353378058462702                        0      -0.0655634975639643      -0.0655634975639643                        0
        72                        0      -0.0345963293511626                        0      -0.0629202237910403      -0.0629202237910403                        0
        80                        0      -0.0340150031284078                        0      -0.0608011865539775      -0.0608011865539775                        0
        88                        0      -0.0335476357458843                        0      -0.0590585947662006      -0.0590585947662006                        0
        96                        0       -0.033164174540858                        0      -0.0575958791882408      -0.0575958791882408                        0
       104                        0      -0.0328442281820663                        0      -0.0563472945302043      -0.0563472945302043                        0
       112                        0      -0.0325734805881407                        0      -0.0552664722240923      -0.0552664722240923                        0
       120                        0      -0.0323415904821522                        0      -0.0543197401204447      -0.0543197401204447                        0
       128                        0      -0.0321409052427427                        0      -0.0534820296350987      -0.0534820296350987                        0
       136                        0      -0.0319656431509375                        0      -0.0527342742185586      -0.0527342742185586                        0
       144                        0      -0.0318113565398795                        0      -0.0520617006265811      -0.0520617006265811                        0
       152                        0      -0.0316745694507957                        0       -0.051452674530523       -0.051452674530523                        0
       160                        0      -0.0315525270769483                        0      -0.0508979010829856      -0.0508979010829856                        0
       168                        0      -0.0314430187685409                        0      -0.0503898590686617      -0.0503898590686617                        0
       176                        0      -0.0313442506070054                        0      -0.0499223925295123      -0.0499223925295123                        0
       184                        0      -0.0312547520957556                        0      -0.0494904108684363      -0.0494904108684363                        0
       192                        0      -0.0311733067811819                        0      -0.0490896651399297      -0.0490896651399297                        0
       200                        0      -0.0310988999483609                        0      -0.0487165787916756      -0.0487165787916756                        0
       208                        0      -0.0310306786901864                        0      -0.0483681179440114      -0.0483681179440114                        0
       216                        0      -0.0309679210704918                        0      -0.0480416907947686      -0.0480416907947686                        0
       224                        0      -0.0309100120577487                        0      -0.0477350687656249      -0.0477350687656249                        0
       232                        0      -0.0308564245596742                        0      -0.0474463240747663      -0.0474463240747663                        0
       240                        0      -0.0308067043430214                        0       -0.047173779859951       -0.047173779859951                        0
       248                        0      -0.0307604579426516                        0      -0.0469159699898691      -0.0469159699898691                        0
       256                        0      -0.0307173428922379                        0      -0.0466716064267247      -0.0466716064267247                        0
       264                        0      -0.0306770597738291                        0      -0.0464395525259869      -0.0464395525259869                        0
       272                        0      -0.0306393457040353                        0      -0.0462188010440666      -0.0462188010440666                        0
       280                        0      -0.0306039689635679                        0      -0.0460084559076522      -0.0460084559076522                        0
       288                        0      -0.0305707245432563                        0      -0.0458077170106439      -0.0458077170106439                        0
       296                        0      -0.0305394304295812                        0      -0.0456158674643578      -0.0456158674643578                        0
       304                        0      -0.0305099244907076                        0       -0.045432262848528       -0.045432262848528                        0
       312                        0      -0.0304820618530462                        0      -0.0452563221038149      -0.0452563221038149                        0
       320                        0      -0.0304557126807662                        0      -0.0450875197791253      -0.0450875197791253                        0
       328                        0      -0.0304307602880024                        0      -0.0449253794019561      -0.0449253794019561                        0
       336                        0      -0.0304070995272584                        0      -0.0447694677860487      -0.0447694677860487                        0
       344                        0       -0.030384635408058                        0      -0.0446193901238101      -0.0446193901238101                        0
       352                        0      -0.0303632819085167                        0      -0.0444747857392204      -0.0444747857392204                        0
       360                        0      -0.0303429609491791                        0      -0.0443353243992244      -0.0443353243992244                        0
       368                        0      -0.0303236015039577                        0      -0.0442007030992037      -0.0442007030992037                        0
       376                        0      -0.0303051388272967                        0      -0.0440706432518916      -0.0440706432518916                        0
       384                        0      -0.0302875137803115                        0      -0.0439448882222952      -0.0439448882222952                        0
       392                        0      -0.0302706722414314                        0      -0.0438232011587536      -0.0438232011587536                        0
       400                        0      -0.0302545645895066                        0      -0.0437053630794722      -0.0437053630794722                        0
       408                        0      -0.0302391452492028                        0      -0.0435911711798503      -0.0435911711798503                        0
       416                        0       -0.030224372290154                        0      -0.0434804373312266      -0.0434804373312266                        0
       424                        0      -0.0302102070725904                        0      -0.0433729867458208      -0.0433729867458208                        0
       432                        0      -0.0301966139333345                        0      -0.0432686567866677      -0.0432686567866677                        0
       440                        0      -0.0301835599068792                        0      -0.0431672959047313      -0.0431672959047313                        0
       448                        0      -0.0301710144771113                        0       -0.043068762687039       -0.043068762687039                        0
       456                        0      -0.0301589493558098                        0      -0.0429729250025899      -0.0429729250025899                        0
       464                        0      -0.0301473382846268                        0      -0.0428796592341245      -0.0428796592341245                        0
       472                        0      -0.0301361568577203                        0      -0.0427888495867694      -0.0427888495867694                        0
       480                        0      -0.0301253823625571                        0      -0.0427003874629415      -0.0427003874629415                        0
       488                        0      -0.0301149936367857                        0      -0.0426141708981082      -0.0426141708981082                        0
       496                        0      -0.0301049709392845                        0      -0.0425301040488024      -0.0425301040488024                        0
       504                        0      -0.0300952958338276                        0      -0.0424480967283476      -0.0424480967283476                        0
       512                        0      -0.0300859510839197                        0       -0.042368063985136       -0.042368063985136                        0
       520                        0      -0.0300769205575866                        0      -0.0422899257179523      -0.0422899257179523                        0
       528                        0      -0.0300681891410444                        0      -0.0422136063259227      -0.0422136063259227                        0
       536                        0      -0.0300597426603006                        0      -0.0421390343881891      -0.0421390343881891                        0
       544                        0      -0.0300515678098414                        0      -0.0420661423718185      -0.0420661423718185                        0
       552                        0      -0.0300436520876871                        0      -0.0419948663631857      -0.0419948663631857                        0
       560                        0      -0.0300359837361584                        0      -0.0419251458225064      -0.0419251458225064                        0
       568                        0      -0.0300285516877697                        0      -0.0418569233580792      -0.0418569233580792                        0
       576                        0      -0.0300213455157581                        0      -0.0417901445187149      -0.0417901445187149                        0
       584                        0      -0.0300143553887777                        0      -0.0417247576024884      -0.0417247576024884                        0
       592                        0      -0.0300075720293654                        0      -0.0416607134809297      -0.0416607134809297                        0
       600                        0      -0.0300009866758122                        0      -0.0415979654361426      -0.0415979654361426                        0
       608                        0      -0.0299945910471355                        0      -0.0415364690109067      -0.0415364690109067                        0
       616                        0      -0.0299883773108347                        0      -0.0414761818694338      -0.0414761818694338                        0
       624                        0      -0.0299823380532039                        0       -0.041417063669086       -0.041417063669086                        0
       632                        0      -0.0299764662519665                        0      -0.0413590759410321      -0.0413590759410321                        0
       640                        0      -0.0299707552509874                        0       -0.041302181979416       -0.041302181979416                        0
       648                        0      -0.0299651987369462                        0      -0.0412463467389958      -0.0412463467389958                        0
       656                        0      -0.0299597907177321                        0      -0.0411915367393313      -0.0411915367393313                        0
       664                        0       -0.029954525502458                        0      -0.0411377199760272      -0.0411377199760272                        0
       672                        0      -0.0299493976829316                        0      -0.0410848658376973      -0.0410848658376973                        0
       680                        0      -0.0299444021164805                        0      -0.0410329450292804      -0.0410329450292804                        0
       688                        0      -0.0299395339099979                        0       -0.040981929499383       -0.040981929499383                        0
       696                        0       -0.029934788405116                        0      -0.0409317923735417      -0.0409317923735417                        0
       704                        0      -0.0299301611644276                        0       -0.040882507890993       -0.040882507890993                        0
       712                        0      -0.0299256479586602                        0      -0.0408340513460629      -0.0408340513460629                        0
       720                        0      -0.0299212447547159                        0      -0.0407863990330619      -0.0407863990330619                        0
       728                        0      -0.0299169477045325                        0       -0.040739528194735       -0.040739528194735                        0
       736                        0       -0.029912753134697                        0      -0.0406934169736562      -0.0406934169736562                        0
       744                        0       -0.029908657536723                        0      -0.0406480443671599      -0.0406480443671599                        0
       752                        0      -0.0299046575579953                        0      -0.0406033901844964      -0.0406033901844964                        0
       760                        0      -0.0299007499932862                        0      -0.0405594350070588      -0.0405594350070588                        0
