#square and square, nu_xymn_2
#MM NN: 5 5
#quadrature order: 16
#numpanels            c*(gradu.n)^2                      BEM        0.5*(gradu)^2 ex.       Boundary Formula 1       Boundary Formula 2
        16                        0        0.091883390058616                        0      -0.0523522587031476      -0.0523522587031476                        0
        24                        0       0.0900676356884691                        0     -0.00319233865395274     -0.00319233865395274                        0
        32                        0       0.0914072398545042                        0       0.0191505722241469       0.0191505722241469                        0
        40                        0        0.091728196506301                        0       0.0306103222966245       0.0306103222966245                        0
        48                        0       0.0919655001754708                        0       0.0377995189077177       0.0377995189077177                        0
        56                        0       0.0921479676758779                        0        0.042764745660324        0.042764745660324                        0
        64                        0       0.0922960225211527                        0       0.0464485967692146       0.0464485967692146                        0
        72                        0       0.0924203894815831                        0       0.0493185689402137       0.0493185689402137                        0
        80                        0       0.0925263186967332                        0        0.051636305641282        0.051636305641282                        0
        88                        0       0.0926175200249597                        0       0.0535597055759281       0.0535597055759281                        0
        96                        0       0.0926967545746612                        0       0.0551902316311803       0.0551902316311803                        0
       104                        0        0.092766145163128                        0       0.0565962757656326       0.0565962757656326                        0
       112                        0       0.0928273533109244                        0       0.0578257871835099       0.0578257871835099                        0
       120                        0       0.0928816965841306                        0       0.0589134869319086       0.0589134869319086                        0
       128                        0       0.0929302314122133                        0        0.059885208626577        0.059885208626577                        0
       136                        0       0.0929738133148245                        0        0.060760621193879        0.060760621193879                        0
       144                        0       0.0930131414733408                        0       0.0615549992270392       0.0615549992270392                        0
       152                        0       0.0930487921644691                        0       0.0622804101403088       0.0622804101403088                        0
       160                        0       0.0930812441258756                        0       0.0629465319056582       0.0629465319056582                        0
       168                        0       0.0931108979995485                        0       0.0635612297439952       0.0635612297439952                        0
       176                        0       0.0931380913785959                        0       0.0641309713748046       0.0641309713748046                        0
       184                        0       0.0931631105567118                        0       0.0646611316054819       0.0646611316054819                        0
       192                        0       0.0931861997810565                        0       0.0651562194830391       0.0651562194830391                        0
       200                        0       0.0932075685978247                        0       0.0656200502413514       0.0656200502413514                        0
       208                        0       0.0932273977281713                        0        0.066055877228572        0.066055877228572                        0
       216                        0       0.0932458438024616                        0       0.0664664943766316       0.0664664943766316                        0
       224                        0       0.0932630432007719                        0       0.0668543166872756       0.0668543166872756                        0
       232                        0       0.0932791151885239                        0       0.0672214441011431       0.0672214441011431                        0
       240                        0        0.093294164492314                        0        0.067569712660713        0.067569712660713                        0
       248                        0       0.0933082834281508                        0       0.0679007358524499       0.0679007358524499                        0
       256                        0       0.0933215536695773                        0       0.0682159382833958       0.0682159382833958                        0
       264                        0        0.093334047724253                        0       0.0685165833181593       0.0685165833181593                        0
       272                        0       0.0933458301731904                        0       0.0688037959178941       0.0688037959178941                        0
       280                        0       0.0933569587157016                        0       0.0690785816368151       0.0690785816368151                        0
       288                        0       0.0933674850544171                        0        0.069341842518229        0.069341842518229                        0
       296                        0       0.0933774556481045                        0       0.0695943904718594       0.0695943904718594                        0
       304                        0       0.0933869123545806                        0       0.0698369585916509       0.0698369585916509                        0
       312                        0       0.0933958929819062                        0       0.0700702107789786       0.0700702107789786                        0
       320                        0       0.0934044317626981                        0       0.0702947499639651       0.0702947499639651                        0
       328                        0       0.0934125597636939                        0       0.0705111251599322       0.0705111251599322                        0
       336                        0       0.0934203052406283                        0       0.0707198375424206       0.0707198375424206                        0
       344                        0       0.0934276939466907                        0       0.0709213457085652       0.0709213457085652                        0
       352                        0       0.0934347494014716                        0       0.0711160702444402       0.0711160702444402                        0
       360                        0       0.0934414931261547                        0       0.0713043977056319       0.0713043977056319                        0
       368                        0       0.0934479448497556                        0       0.0714866840984354       0.0714866840984354                        0
       376                        0       0.0934541226904966                        0       0.0716632579338401       0.0716632579338401                        0
       384                        0       0.0934600433156824                        0       0.0718344229155206       0.0718344229155206                        0
       392                        0       0.0934657220830359                        0       0.0720004603123917       0.0720004603123917                        0
       400                        0       0.0934711731658895                        0       0.0721616310583865       0.0721616310583865                        0
       408                        0       0.0934764096643787                        0       0.0723181776163636       0.0723181776163636                        0
       416                        0       0.0934814437043875                        0        0.072470325636759        0.072470325636759                        0
       424                        0       0.0934862865258196                        0       0.0726182854369349       0.0726182854369349                        0
       432                        0       0.0934909485614761                        0       0.0727622533236165       0.0727622533236165                        0
       440                        0       0.0934954395077007                        0       0.0729024127787939       0.0729024127787939                        0
       448                        0       0.0934997683877762                        0       0.0730389355241515       0.0730389355241515                        0
       456                        0       0.0935039436089051                        0       0.0731719824794401       0.0731719824794401                        0
       464                        0       0.0935079730135391                        0       0.0733017046261442       0.0733017046261442                        0
       472                        0       0.0935118639256715                        0       0.0734282437890132       0.0734282437890132                        0
       480                        0       0.0935156231926801                        0       0.0735517333420111       0.0735517333420111                        0
       488                        0        0.093519257223207                        0        0.073672298850137        0.073672298850137                        0
       496                        0       0.0935227720214903                        0       0.0737900586512533       0.0737900586512533                        0
       504                        0       0.0935261732185378                        0       0.0739051243860057       0.0739051243860057                        0
       512                        0       0.0935294661004821                        0       0.0740176014812944       0.0740176014812944                        0
       520                        0       0.0935326556344009                        0       0.0741275895905291       0.0741275895905291                        0
       528                        0       0.0935357464918507                        0       0.0742351829973646       0.0742351829973646                        0
       536                        0       0.0935387430703695                        0       0.0743404709841614       0.0743404709841614                        0
       544                        0       0.0935416495131451                        0       0.0744435381712806       0.0744435381712806                        0
       552                        0        0.093544469726995                        0       0.0745444648271497       0.0745444648271497                        0
       560                        0       0.0935472073988834                        0       0.0746433271539632       0.0746433271539632                        0
       568                        0        0.093549866011046                        0       0.0747401975512806       0.0747401975512806                        0
       576                        0       0.0935524488549171                        0       0.0748351448578632       0.0748351448578632                        0
       584                        0       0.0935549590439184                        0       0.0749282345755145       0.0749282345755145                        0
       592                        0       0.0935573995252566                        0       0.0750195290759389       0.0750195290759389                        0
       600                        0       0.0935597730907818                        0       0.0751090877920102       0.0751090877920102                        0
       608                        0       0.0935620823870222                        0       0.0751969673945748       0.0751969673945748                        0
       616                        0        0.093564329924452                        0       0.0752832219564172       0.0752832219564172                        0
       624                        0       0.0935665180860612                        0       0.0753679031052816       0.0753679031052816                        0
       632                        0       0.0935686491352789                        0       0.0754510601647308       0.0754510601647308                        0
       640                        0       0.0935707252233438                        0       0.0755327402857261       0.0755327402857261                        0
       648                        0       0.0935727483960992                        0       0.0756129885695691       0.0756129885695691                        0
       656                        0       0.0935747206003407                        0       0.0756918481815457       0.0756918481815457                        0
       664                        0       0.0935766436896847                        0       0.0757693604575251       0.0757693604575251                        0
       672                        0       0.0935785194300433                        0        0.075845565002998        0.075845565002998                        0
       680                        0       0.0935803495047104                        0       0.0759204997863761       0.0759204997863761                        0
       688                        0       0.0935821355191018                        0        0.075994201224906        0.075994201224906                        0
       696                        0       0.0935838790051809                        0       0.0760667042666461       0.0760667042666461                        0
       704                        0       0.0935855814255722                        0       0.0761380424659482       0.0761380424659482                        0
