#square and square, nu_xymn_1
#MM NN: 5 5
#quadrature order: 16
#numpanels            c*(gradu.n)^2                      BEM        0.5*(gradu)^2 ex.       Boundary Formula 1       Boundary Formula 2
        16                        0       0.0918833900586174                        0      -0.0523522587031541      -0.0523522587031541                        0
        24                        0       0.0900676356884687                        0     -0.00319233865396069     -0.00319233865396069                        0
        32                        0       0.0914072398545045                        0       0.0191505722241473       0.0191505722241473                        0
        40                        0       0.0917281965063011                        0       0.0306103222966263       0.0306103222966263                        0
        48                        0       0.0919655001754706                        0       0.0377995189077239       0.0377995189077239                        0
        56                        0       0.0921479676758773                        0       0.0427647456603185       0.0427647456603185                        0
        64                        0       0.0922960225211529                        0       0.0464485967692207       0.0464485967692207                        0
        72                        0       0.0924203894815818                        0         0.04931856894018         0.04931856894018                        0
        80                        0       0.0925263186967343                        0        0.051636305641283        0.051636305641283                        0
        88                        0       0.0926175200249611                        0       0.0535597055759324       0.0535597055759324                        0
        96                        0       0.0926967545746606                        0       0.0551902316311037       0.0551902316311037                        0
       104                        0       0.0927661451631294                        0       0.0565962757656389       0.0565962757656389                        0
       112                        0       0.0928273533109251                        0       0.0578257871835307       0.0578257871835307                        0
       120                        0       0.0928816965841299                        0       0.0589134869319018       0.0589134869319018                        0
       128                        0       0.0929302314122132                        0       0.0598852086265588       0.0598852086265588                        0
       136                        0       0.0929738133148245                        0       0.0607606211939143       0.0607606211939143                        0
       144                        0       0.0930131414733407                        0       0.0615549992270759       0.0615549992270759                        0
       152                        0       0.0930487921644701                        0       0.0622804101403176       0.0622804101403176                        0
       160                        0       0.0930812441258758                        0       0.0629465319056518       0.0629465319056518                        0
       168                        0       0.0931108979995478                        0        0.063561229743974        0.063561229743974                        0
       176                        0       0.0931380913785964                        0       0.0641309713748334       0.0641309713748334                        0
       184                        0       0.0931631105567128                        0       0.0646611316055255       0.0646611316055255                        0
       192                        0       0.0931861997810555                        0       0.0651562194830068       0.0651562194830068                        0
       200                        0       0.0932075685978249                        0       0.0656200502413829       0.0656200502413829                        0
       208                        0       0.0932273977281716                        0       0.0660558772285381       0.0660558772285381                        0
       216                        0       0.0932458438024611                        0       0.0664664943765974       0.0664664943765974                        0
       224                        0       0.0932630432007715                        0       0.0668543166872956       0.0668543166872956                        0
       232                        0       0.0932791151885241                        0       0.0672214441011992       0.0672214441011992                        0
       240                        0       0.0932941644923138                        0       0.0675697126606995       0.0675697126606995                        0
       248                        0       0.0933082834281501                        0       0.0679007358524744       0.0679007358524744                        0
       256                        0       0.0933215536695772                        0       0.0682159382834269       0.0682159382834269                        0
       264                        0        0.093334047724252                        0        0.068516583318145        0.068516583318145                        0
       272                        0       0.0933458301731907                        0       0.0688037959178709       0.0688037959178709                        0
       280                        0       0.0933569587157014                        0       0.0690785816368344       0.0690785816368344                        0
       288                        0       0.0933674850544177                        0       0.0693418425182677       0.0693418425182677                        0
       296                        0       0.0933774556481049                        0       0.0695943904718636       0.0695943904718636                        0
       304                        0       0.0933869123545801                        0       0.0698369585915705       0.0698369585915705                        0
       312                        0       0.0933958929819062                        0       0.0700702107789747       0.0700702107789747                        0
       320                        0       0.0934044317626978                        0       0.0702947499639926       0.0702947499639926                        0
       328                        0       0.0934125597636941                        0       0.0705111251599563       0.0705111251599563                        0
       336                        0       0.0934203052406278                        0       0.0707198375424402       0.0707198375424402                        0
       344                        0       0.0934276939466897                        0       0.0709213457085557       0.0709213457085557                        0
       352                        0       0.0934347494014713                        0       0.0711160702443948       0.0711160702443948                        0
       360                        0       0.0934414931261546                        0       0.0713043977056304       0.0713043977056304                        0
       368                        0       0.0934479448497555                        0       0.0714866840983712       0.0714866840983712                        0
       376                        0       0.0934541226904968                        0       0.0716632579337953       0.0716632579337953                        0
       384                        0       0.0934600433156827                        0       0.0718344229155445       0.0718344229155445                        0
       392                        0       0.0934657220830366                        0       0.0720004603123951       0.0720004603123951                        0
       400                        0       0.0934711731658891                        0       0.0721616310583389       0.0721616310583389                        0
       408                        0       0.0934764096643781                        0       0.0723181776163836       0.0723181776163836                        0
       416                        0       0.0934814437043883                        0       0.0724703256368558       0.0724703256368558                        0
       424                        0       0.0934862865258208                        0       0.0726182854369095       0.0726182854369095                        0
       432                        0       0.0934909485614751                        0       0.0727622533235595       0.0727622533235595                        0
       440                        0       0.0934954395076998                        0       0.0729024127787826       0.0729024127787826                        0
       448                        0       0.0934997683877756                        0        0.073038935524235        0.073038935524235                        0
       456                        0       0.0935039436089065                        0        0.073171982479411        0.073171982479411                        0
       464                        0       0.0935079730135406                        0       0.0733017046262332       0.0733017046262332                        0
       472                        0       0.0935118639256709                        0       0.0734282437889859       0.0734282437889859                        0
       480                        0       0.0935156231926813                        0       0.0735517333420814       0.0735517333420814                        0
       488                        0        0.093519257223207                        0       0.0736722988502105       0.0736722988502105                        0
       496                        0       0.0935227720214899                        0       0.0737900586512472       0.0737900586512472                        0
       504                        0       0.0935261732185373                        0       0.0739051243861364       0.0739051243861364                        0
       512                        0       0.0935294661004832                        0        0.074017601481364        0.074017601481364                        0
       520                        0       0.0935326556344006                        0       0.0741275895905929       0.0741275895905929                        0
       528                        0       0.0935357464918491                        0       0.0742351829972492       0.0742351829972492                        0
       536                        0       0.0935387430703693                        0       0.0743404709841988       0.0743404709841988                        0
       544                        0        0.093541649513144                        0        0.074443538171291        0.074443538171291                        0
       552                        0       0.0935444697269945                        0       0.0745444648270736       0.0745444648270736                        0
       560                        0       0.0935472073988834                        0       0.0746433271539695       0.0746433271539695                        0
       568                        0       0.0935498660110463                        0       0.0747401975513045       0.0747401975513045                        0
       576                        0       0.0935524488549173                        0       0.0748351448577911       0.0748351448577911                        0
       584                        0       0.0935549590439187                        0       0.0749282345754859       0.0749282345754859                        0
       592                        0       0.0935573995252554                        0       0.0750195290759707       0.0750195290759707                        0
       600                        0       0.0935597730907825                        0       0.0751090877920698       0.0751090877920698                        0
       608                        0       0.0935620823870219                        0       0.0751969673944696       0.0751969673944696                        0
       616                        0       0.0935643299244527                        0       0.0752832219563722       0.0752832219563722                        0
       624                        0       0.0935665180860609                        0       0.0753679031052575       0.0753679031052575                        0
       632                        0       0.0935686491352795                        0       0.0754510601645856       0.0754510601645856                        0
       640                        0       0.0935707252233434                        0       0.0755327402856822       0.0755327402856822                        0
       648                        0       0.0935727483960992                        0       0.0756129885695881       0.0756129885695881                        0
       656                        0       0.0935747206003414                        0       0.0756918481816142       0.0756918481816142                        0
       664                        0       0.0935766436896857                        0       0.0757693604574969       0.0757693604574969                        0
       672                        0       0.0935785194300443                        0       0.0758455650030941       0.0758455650030941                        0
       680                        0       0.0935803495047103                        0       0.0759204997863189       0.0759204997863189                        0
       688                        0       0.0935821355191028                        0        0.075994201224877        0.075994201224877                        0
       696                        0       0.0935838790051802                        0       0.0760667042665628       0.0760667042665628                        0
       704                        0       0.0935855814255732                        0       0.0761380424658285       0.0761380424658285                        0
       712                        0       0.0935872441774243                        0        0.076208248054698        0.076208248054698                        0
       720                        0       0.0935888685959923                        0       0.0762773520096082       0.0762773520096082                        0
       728                        0       0.0935904559580177                        0        0.076345384114083        0.076345384114083                        0
       736                        0       0.0935920074848619                        0       0.0764123730180029       0.0764123730180029                        0
       744                        0       0.0935935243454686                        0       0.0764783462924576       0.0764783462924576                        0
       752                        0       0.0935950076591124                        0        0.076543330482204        0.076543330482204                        0
       760                        0       0.0935964584979951                        0       0.0766073511542342       0.0766073511542342                        0
