#square and square, nu_xymn_2
#MM NN: 1 2
#quadrature order: 16
#numpanels            c*(gradu.n)^2                      BEM        0.5*(gradu)^2 ex.       Boundary Formula 1       Boundary Formula 2
        16                        0        0.254114371629018                        0        0.200271399278403        0.200271399278403                        0
        24                        0        0.261144889909453                        0        0.218961665483318        0.218961665483318                        0
        32                        0        0.263865391015466                        0        0.224286283816418        0.224286283816418                        0
        40                        0        0.264463638476042                        0        0.227824240449428        0.227824240449428                        0
        48                        0        0.264701896634567                        0        0.230150311776068        0.230150311776068                        0
        56                        0        0.264805316023232                        0        0.231956826653351        0.231956826653351                        0
        64                        0         0.26485637162109                        0         0.23341051825868         0.23341051825868                        0
        72                        0        0.264884014650074                        0        0.234626485451775        0.234626485451775                        0
        80                        0         0.26489992075542                        0        0.235667330603782        0.235667330603782                        0
        88                        0        0.264909478412568                        0        0.236574412218244        0.236574412218244                        0
        96                        0          0.2649153958215                        0        0.237375927395627        0.237375927395627                        0
       104                        0        0.264919127117267                        0         0.23809211128964         0.23809211128964                        0
       112                        0        0.264921496266394                        0        0.238737968045784        0.238737968045784                        0
       120                        0        0.264922991091316                        0        0.239324935331262        0.239324935331262                        0
       128                        0        0.264923911170611                        0        0.239861928878007        0.239861928878007                        0
       136                        0        0.264924446250164                        0         0.24035603004362         0.24035603004362                        0
       144                        0        0.264924719704906                        0        0.240812953531843        0.240812953531843                        0
       152                        0        0.264924813569589                        0        0.241237374970134        0.241237374970134                        0
       160                        0        0.264924783442592                        0        0.241633166005961        0.241633166005961                        0
       168                        0        0.264924667622656                        0        0.242003566634774        0.242003566634774                        0
       176                        0        0.264924492856278                        0        0.242351313865992        0.242351313865992                        0
       184                        0        0.264924278036711                        0        0.242678739360873        0.242678739360873                        0
       192                        0        0.264924036633716                        0         0.24298784460032         0.24298784460032                        0
       200                        0        0.264923778319032                        0         0.24328035950549         0.24328035950549                        0
       208                        0        0.264923510071834                        0        0.243557788688869        0.243557788688869                        0
       216                        0        0.264923236941735                        0        0.243821448331538        0.243821448331538                        0
       224                        0        0.264922962582528                        0        0.244072495871321        0.244072495871321                        0
       232                        0        0.264922689630084                        0        0.244311954113442        0.244311954113442                        0
       240                        0        0.264922419972846                        0        0.244540730970639        0.244540730970639                        0
       248                        0        0.264922154947369                        0        0.244759635745826        0.244759635745826                        0
       256                        0        0.264921895480926                        0        0.244969392656211        0.244969392656211                        0
       264                        0        0.264921642196347                        0        0.245170652137811        0.245170652137811                        0
       272                        0        0.264921395489636                        0        0.245364000351703        0.245364000351703                        0
       280                        0        0.264921155587806                        0        0.245549967222732        0.245549967222732                        0
       288                        0        0.264920922592197                        0        0.245729033272564        0.245729033272564                        0
       296                        0        0.264920696511074                        0        0.245901635456547        0.245901635456547                        0
       304                        0        0.264920477284267                        0        0.246068172172668        0.246068172172668                        0
       312                        0        0.264920264801834                        0        0.246229007578627        0.246229007578627                        0
       320                        0        0.264920058918237                        0        0.246384475328098        0.246384475328098                        0
       328                        0        0.264919859463117                        0        0.246534881816469        0.246534881816469                        0
       336                        0        0.264919666249497                        0         0.24668050901107         0.24668050901107                        0
       344                        0        0.264919479079999                        0        0.246821616927698        0.246821616927698                        0
       352                        0        0.264919297751567                        0        0.246958445804741        0.246958445804741                        0
       360                        0        0.264919122059019                        0         0.24709121801778         0.24709121801778                        0
       368                        0        0.264918951797715                        0        0.247220139770864        0.247220139770864                        0
       376                        0        0.264918786765536                        0        0.247345402594472        0.247345402594472                        0
       384                        0        0.264918626764324                        0        0.247467184676268        0.247467184676268                        0
       392                        0        0.264918471600927                        0        0.247585652046191        0.247585652046191                        0
       400                        0        0.264918321087913                        0          0.2477009596342          0.2477009596342                        0
       408                        0         0.26491817504405                        0        0.247813252217099        0.247813252217099                        0
       416                        0        0.264918033294596                        0        0.247922665267855        0.247922665267855                        0
       424                        0        0.264917895671445                        0        0.248029325718882        0.248029325718882                        0
       432                        0        0.264917762013164                        0        0.248133352649388        0.248133352649388                        0
       440                        0        0.264917632164952                        0        0.248234857906414        0.248234857906414                        0
       448                        0        0.264917505978534                        0        0.248333946665963        0.248333946665963                        0
       456                        0        0.264917383312011                        0        0.248430717941746        0.248430717941746                        0
       464                        0        0.264917264029676                        0        0.248525265046457        0.248525265046457                        0
       472                        0        0.264917148001817                        0         0.24861767601218         0.24861767601218                        0
       480                        0        0.264917035104495                        0        0.248708033972018        0.248708033972018                        0
       488                        0        0.264916925219317                        0        0.248796417509557        0.248796417509557                        0
       496                        0         0.26491681823321                        0        0.248882900977191        0.248882900977191                        0
       504                        0        0.264916714038186                        0        0.248967554787758        0.248967554787758                        0
       512                        0         0.26491661253112                        0        0.249050445682223        0.249050445682223                        0
       520                        0        0.264916513613524                        0        0.249131636974406        0.249131636974406                        0
       528                        0        0.264916417191329                        0        0.249211188776907        0.249211188776907                        0
       536                        0        0.264916323174672                        0        0.249289158208007        0.249289158208007                        0
       544                        0        0.264916231477699                        0        0.249365599583481        0.249365599583481                        0
       552                        0        0.264916142018367                        0        0.249440564592369        0.249440564592369                        0
       560                        0        0.264916054718256                        0        0.249514102459824        0.249514102459824                        0
       568                        0        0.264915969502387                        0        0.249586260098188        0.249586260098188                        0
       576                        0        0.264915886299062                        0        0.249657082245943        0.249657082245943                        0
       584                        0         0.26491580503969                        0        0.249726611597006        0.249726611597006                        0
       592                        0        0.264915725658639                        0        0.249794888920749        0.249794888920749                        0
       600                        0        0.264915648093089                        0        0.249861953173404        0.249861953173404                        0
       608                        0        0.264915572282891                        0        0.249927841601355        0.249927841601355                        0
       616                        0        0.264915498170434                        0        0.249992589837346        0.249992589837346                        0
       624                        0        0.264915425700525                        0          0.2500562319908          0.2500562319908                        0
       632                        0        0.264915354820264                        0        0.250118800730957        0.250118800730957                        0
       640                        0        0.264915285478936                        0        0.250180327364972        0.250180327364972                        0
       648                        0        0.264915217627902                        0        0.250240841911243        0.250240841911243                        0
       656                        0        0.264915151220502                        0        0.250300373167223        0.250300373167223                        0
       664                        0        0.264915086211954                        0        0.250358948773395        0.250358948773395                        0
       672                        0        0.264915022559269                        0          0.2504165952728          0.2504165952728                        0
       680                        0        0.264914960221163                        0         0.25047333816746         0.25047333816746                        0
       688                        0        0.264914899157977                        0        0.250529201970236        0.250529201970236                        0
       696                        0        0.264914839331598                        0        0.250584210254785        0.250584210254785                        0
       704                        0        0.264914780705391                        0        0.250638385701443        0.250638385701443                        0
       712                        0        0.264914723244129                        0        0.250691750140764        0.250691750140764                        0
       720                        0        0.264914666913921                        0         0.25074432459468         0.25074432459468                        0
       728                        0        0.264914611682163                        0        0.250796129315072        0.250796129315072                        0
       736                        0        0.264914557517468                        0        0.250847183819533        0.250847183819533                        0
       744                        0        0.264914504389617                        0        0.250897506926245        0.250897506926245                        0
       752                        0        0.264914452269505                        0        0.250947116785751        0.250947116785751                        0
       760                        0        0.264914401129091                        0        0.250996030911843        0.250996030911843                        0
       768                        0        0.264914350941352                        0        0.251044266209916        0.251044266209916                        0
