#square and square, nu_xymn_1
#MM NN: 4 2
#quadrature order: 16
#numpanels            c*(gradu.n)^2                      BEM        0.5*(gradu)^2 ex.       Boundary Formula 1       Boundary Formula 2
        16                        0       -0.305361662751463                        0       -0.255381874008789       -0.255381874008789                        0
        24                        0        -0.30491230622306                        0       -0.268803064350281       -0.268803064350281                        0
        32                        0       -0.304389767581315                        0       -0.270423349338728       -0.270423349338728                        0
        40                        0       -0.303147242578598                        0       -0.271716112756589       -0.271716112756589                        0
        48                        0       -0.302256460798448                        0       -0.272493169551156       -0.272493169551156                        0
        56                        0       -0.301598374136195                        0       -0.273196998293682       -0.273196998293682                        0
        64                        0       -0.301105514766779                        0       -0.273823551936595       -0.273823551936595                        0
        72                        0       -0.300726862715563                        0       -0.274397569860716       -0.274397569860716                        0
        80                        0       -0.300428792635207                        0       -0.274925612591285       -0.274925612591285                        0
        88                        0       -0.300189094172137                        0       -0.275413535001716       -0.275413535001716                        0
        96                        0       -0.299992768552096                        0       -0.275865852538273       -0.275865852538273                        0
       104                        0       -0.299829413369411                        0       -0.276286458124726       -0.276286458124726                        0
       112                        0       -0.299691630132714                        0       -0.276678722902948       -0.276678722902948                        0
       120                        0       -0.299574034043826                        0       -0.277045586082424       -0.277045586082424                        0
       128                        0       -0.299472623997837                        0       -0.277389613595796       -0.277389613595796                        0
       136                        0       -0.299384371571906                        0       -0.277713048728449       -0.277713048728449                        0
       144                        0       -0.299306946394234                        0       -0.278017856103643       -0.278017856103643                        0
       152                        0       -0.299238528516227                        0       -0.278305760130712       -0.278305760130712                        0
       160                        0       -0.299177677584693                        0       -0.278578278321611       -0.278578278321611                        0
       168                        0       -0.299123239904219                        0       -0.278836749946841       -0.278836749946841                        0
       176                        0       -0.299074281284447                        0       -0.279082360547416       -0.279082360547416                        0
       184                        0        -0.29903003775944                        0       -0.279316162833191       -0.279316162833191                        0
       192                        0       -0.298989878905465                        0       -0.279539094474474       -0.279539094474474                        0
       200                        0       -0.298953280178563                        0       -0.279751993247167       -0.279751993247167                        0
       208                        0       -0.298919801802851                        0       -0.279955609936359       -0.279955609936359                        0
       216                        0       -0.298889072479497                        0       -0.280150619348818       -0.280150619348818                        0
       224                        0       -0.298860776686797                        0        -0.28033762973047        -0.28033762973047                        0
       232                        0       -0.298834644685795                        0       -0.280517190840341       -0.280517190840341                        0
       240                        0       -0.298810444585772                        0       -0.280689800890964       -0.280689800890964                        0
       248                        0       -0.298787975993408                        0       -0.280855912531389       -0.280855912531389                        0
       256                        0       -0.298767064890665                        0       -0.281015938019242       -0.281015938019242                        0
       264                        0       -0.298747559474123                        0       -0.281170253705605       -0.281170253705605                        0
       272                        0        -0.29872932675269                        0         -0.2813192039348         -0.2813192039348                        0
       280                        0       -0.298712249747968                        0       -0.281463104445349       -0.281463104445349                        0
       288                        0       -0.298696225176902                        0       -0.281602245344349       -0.281602245344349                        0
       296                        0        -0.29868116152299                        0       -0.281736893716109       -0.281736893716109                        0
       304                        0       -0.298666977422454                        0       -0.281867295916156       -0.281867295916156                        0
       312                        0       -0.298653600307247                        0       -0.281993679593969       -0.281993679593969                        0
       320                        0       -0.298640965258667                        0       -0.282116255480675       -0.282116255480675                        0
       328                        0       -0.298629014034589                        0       -0.282235218973984       -0.282235218973984                        0
       336                        0       -0.298617694240533                        0       -0.282350751545673       -0.282350751545673                        0
       344                        0       -0.298606958620472                        0        -0.28246302199497        -0.28246302199497                        0
       352                        0       -0.298596764447745                        0         -0.2825721875673         -0.2825721875673                        0
       360                        0       -0.298587073000089                        0       -0.282678394954817       -0.282678394954817                        0
       368                        0       -0.298577849105552                        0       -0.282781781193039       -0.282781781193039                        0
       376                        0       -0.298569060748464                        0       -0.282882474466733       -0.282882474466733                        0
       384                        0       -0.298560678726397                        0         -0.2829805948345         -0.2829805948345                        0
       392                        0       -0.298552676350662                        0       -0.283076254882606       -0.283076254882606                        0
       400                        0       -0.298545029184009                        0       -0.283169560315597       -0.283169560315597                        0
       408                        0       -0.298537714810314                        0       -0.283260610490712       -0.283260610490712                        0
       416                        0       -0.298530712631783                        0       -0.283349498902319       -0.283349498902319                        0
       424                        0       -0.298524003689955                        0        -0.28343631362202        -0.28343631362202                        0
       432                        0       -0.298517570507298                        0       -0.283521137699123       -0.283521137699123                        0
       440                        0        -0.29851139694672                        0       -0.283604049525079       -0.283604049525079                        0
       448                        0       -0.298505468086668                        0       -0.283685123166306       -0.283685123166306                        0
       456                        0       -0.298499770109854                        0       -0.283764428668273       -0.283764428668273                        0
       464                        0       -0.298494290203917                        0        -0.28384203233416        -0.28384203233416                        0
       472                        0       -0.298489016472532                        0       -0.283917996979286       -0.283917996979286                        0
       480                        0       -0.298483937855757                        0       -0.283992382165891       -0.283992382165891                        0
       488                        0       -0.298479044058474                        0       -0.284065244417607       -0.284065244417607                        0
       496                        0       -0.298474325486031                        0       -0.284136637417798       -0.284136637417798                        0
       504                        0       -0.298469773186209                        0       -0.284206612191871       -0.284206612191871                        0
       512                        0       -0.298465378796849                        0       -0.284275217275066       -0.284275217275066                        0
       520                        0       -0.298461134498481                        0       -0.284342498868293       -0.284342498868293                        0
       528                        0       -0.298457032971416                        0       -0.284408500981308       -0.284408500981308                        0
       536                        0       -0.298453067356815                        0       -0.284473265566039       -0.284473265566039                        0
       544                        0       -0.298449231221333                        0       -0.284536832639064       -0.284536832639064                        0
       552                        0       -0.298445518524931                        0       -0.284599240396522       -0.284599240396522                        0
       560                        0        -0.29844192359156                        0       -0.284660525319803       -0.284660525319803                        0
       568                        0       -0.298438441082407                        0       -0.284720722274103       -0.284720722274103                        0
       576                        0       -0.298435065971454                        0       -0.284779864600177       -0.284779864600177                        0
       584                        0       -0.298431793523119                        0       -0.284837984199907       -0.284837984199907                        0
       592                        0       -0.298428619271775                        0       -0.284895111615492       -0.284895111615492                        0
       600                        0       -0.298425539002961                        0       -0.284951276104091       -0.284951276104091                        0
       608                        0       -0.298422548736142                        0       -0.285006505706834       -0.285006505706834                        0
       616                        0       -0.298419644708859                        0       -0.285060827313987       -0.285060827313987                        0
       624                        0       -0.298416823362132                        0        -0.28511426672516        -0.28511426672516                        0
       632                        0       -0.298414081327019                        0       -0.285166848706173       -0.285166848706173                        0
       640                        0       -0.298411415412232                        0       -0.285218597042442       -0.285218597042442                        0
       648                        0       -0.298408822592671                        0       -0.285269534588355       -0.285269534588355                        0
       656                        0        -0.29840629999887                        0       -0.285319683314365       -0.285319683314365                        0
       664                        0       -0.298403844907196                        0       -0.285369064350713       -0.285369064350713                        0
       672                        0         -0.2984014547308                        0       -0.285417698028975       -0.285417698028975                        0
       680                        0       -0.298399127011211                        0       -0.285465603920234       -0.285465603920234                        0
       688                        0       -0.298396859410551                        0       -0.285512800872339       -0.285512800872339                        0
       696                        0       -0.298394649704304                        0       -0.285559307043631       -0.285559307043631                        0
       704                        0       -0.298392495774585                        0       -0.285605139935752       -0.285605139935752                        0
       712                        0       -0.298390395603901                        0       -0.285650316423954       -0.285650316423954                        0
       720                        0       -0.298388347269315                        0       -0.285694852785927       -0.285694852785927                        0
       728                        0       -0.298386348937041                        0       -0.285738764728971       -0.285738764728971                        0
       736                        0       -0.298384398857366                        0       -0.285782067415962       -0.285782067415962                        0
       744                        0       -0.298382495359956                        0       -0.285824775489236       -0.285824775489236                        0
       752                        0       -0.298380636849433                        0       -0.285866903093852       -0.285866903093852                        0
       760                        0       -0.298378821801258                        0       -0.285908463898959       -0.285908463898959                        0
