#square and square, nu_xymn_2
#MM NN: 1 4
#quadrature order: 16
#numpanels            c*(gradu.n)^2                      BEM        0.5*(gradu)^2 ex.       Boundary Formula 1       Boundary Formula 2
        16                        0       -0.220433667341059                        0       -0.166684618521154       -0.166684618521154                        0
        24                        0        -0.22176996337713                        0       -0.182240408831953       -0.182240408831953                        0
        32                        0       -0.222278373434773                        0       -0.186672054982234       -0.186672054982234                        0
        40                        0       -0.221935597648558                        0        -0.18961667390357        -0.18961667390357                        0
        48                        0       -0.221663215807687                        0       -0.191552648351898       -0.191552648351898                        0
        56                        0       -0.221453957394554                        0       -0.193056199254612       -0.193056199254612                        0
        64                        0       -0.221296879255019                        0       -0.194266097580357       -0.194266097580357                        0
        72                        0       -0.221177415141653                        0        -0.19527813938186        -0.19527813938186                        0
        80                        0       -0.221084644272002                        0       -0.196144428216547       -0.196144428216547                        0
        88                        0       -0.221011114630048                        0       -0.196899386505244       -0.196899386505244                        0
        96                        0        -0.22095174814863                        0       -0.197566482516269       -0.197566482516269                        0
       104                        0       -0.220903026900344                        0       -0.198162557840028       -0.198162557840028                        0
       112                        0       -0.220862463928717                        0       -0.198700100331891       -0.198700100331891                        0
       120                        0       -0.220828264381725                        0       -0.199188629489908       -0.199188629489908                        0
       128                        0       -0.220799107361945                        0       -0.199635565821357       -0.199635565821357                        0
       136                        0        -0.22077400313273                        0       -0.200046803095365       -0.200046803095365                        0
       144                        0       -0.220752197834628                        0       -0.200427097623701       -0.200427097623701                        0
       152                        0       -0.220733108654898                        0       -0.200780340901516       -0.200780340901516                        0
       160                        0       -0.220716278882889                        0       -0.201109755276503       -0.201109755276503                        0
       168                        0       -0.220701346197319                        0       -0.201418037376374       -0.201418037376374                        0
       176                        0       -0.220688019919515                        0       -0.201707465196752       -0.201707465196752                        0
       184                        0       -0.220676064447662                        0       -0.201979979364551       -0.201979979364551                        0
       192                        0       -0.220665287021576                        0       -0.202237245699663       -0.202237245699663                        0
       200                        0       -0.220655528567674                        0       -0.202480704004523       -0.202480704004523                        0
       208                        0       -0.220646656765751                        0       -0.202711606558581       -0.202711606558581                        0
       216                        0       -0.220638560739533                        0       -0.202931048811024       -0.202931048811024                        0
       224                        0       -0.220631146948386                        0       -0.203139994090031       -0.203139994090031                        0
       232                        0        -0.22062433597778                        0       -0.203339293669919       -0.203339293669919                        0
       240                        0       -0.220618060009274                        0       -0.203529703200714       -0.203529703200714                        0
       248                        0       -0.220612260809461                        0       -0.203711896260113       -0.203711896260113                        0
       256                        0       -0.220606888118851                        0       -0.203886475609514       -0.203886475609514                        0
       264                        0       -0.220601898351691                        0       -0.204053982602699       -0.204053982602699                        0
       272                        0       -0.220597253539476                        0       -0.204214905097826       -0.204214905097826                        0
       280                        0       -0.220592920466938                        0       -0.204369684147989       -0.204369684147989                        0
       288                        0        -0.22058886996109                        0        -0.20451871968833        -0.20451871968833                        0
       296                        0       -0.220585076302919                        0       -0.204662375394021       -0.204662375394021                        0
       304                        0       -0.220581516737874                        0       -0.204800982849186       -0.204800982849186                        0
       312                        0       -0.220578171066494                        0       -0.204934845139976       -0.204934845139976                        0
       320                        0       -0.220575021300388                        0       -0.205064239964231       -0.205064239964231                        0
       328                        0         -0.2205720513718                        0       -0.205189422332895       -0.205189422332895                        0
       336                        0       -0.220569246887344                        0       -0.205310626925591       -0.205310626925591                        0
       344                        0       -0.220566594918328                        0       -0.205428070151824       -0.205428070151824                        0
       352                        0       -0.220564083821509                        0       -0.205541951960484       -0.205541951960484                        0
       360                        0       -0.220561703085302                        0       -0.205652457433359       -0.205652457433359                        0
       368                        0       -0.220559443197342                        0       -0.205759758192775       -0.205759758192775                        0
       376                        0       -0.220557295530054                        0       -0.205864013648337       -0.205864013648337                        0
       384                        0       -0.220555252241443                        0       -0.205965372104513       -0.205965372104513                        0
       392                        0       -0.220553306188822                        0       -0.206063971746968       -0.206063971746968                        0
       400                        0       -0.220551450853566                        0       -0.206159941522927       -0.206159941522927                        0
       408                        0       -0.220549680275283                        0        -0.20625340192921        -0.20625340192921                        0
       416                        0       -0.220547988994069                        0       -0.206344465719108       -0.206344465719108                        0
       424                        0       -0.220546371999726                        0       -0.206433238537667       -0.206433238537667                        0
       432                        0       -0.220544824686987                        0       -0.206519819493758       -0.206519819493758                        0
       440                        0       -0.220543342815928                        0       -0.206604301676967       -0.206604301676967                        0
       448                        0       -0.220541922476908                        0       -0.206686772624615       -0.206686772624615                        0
       456                        0       -0.220540560059421                        0       -0.206767314745186       -0.206767314745186                        0
       464                        0       -0.220539252224388                        0       -0.206846005702247       -0.206846005702247                        0
       472                        0        -0.22053799587944                        0       -0.206922918764343       -0.206922918764343                        0
       480                        0       -0.220536788156828                        0       -0.206998123122629       -0.206998123122629                        0
       488                        0       -0.220535626393651                        0       -0.207071684181728       -0.207071684181728                        0
       496                        0       -0.220534508114113                        0       -0.207143663824667       -0.207143663824667                        0
       504                        0       -0.220533431013577                        0       -0.207214120655606       -0.207214120655606                        0
       512                        0       -0.220532392944209                        0       -0.207283110222626       -0.207283110222626                        0
       520                        0       -0.220531391902032                        0        -0.20735068522142        -0.20735068522142                        0
       528                        0       -0.220530426015232                        0       -0.207416895683325       -0.207416895683325                        0
       536                        0       -0.220529493533566                        0       -0.207481789147524       -0.207481789147524                        0
       544                        0       -0.220528592818784                        0       -0.207545410820694       -0.207545410820694                        0
       552                        0       -0.220527722335912                        0       -0.207607803723295       -0.207607803723295                        0
       560                        0        -0.22052688064535                        0        -0.20766900882511        -0.20766900882511                        0
       568                        0       -0.220526066395659                        0       -0.207729065170987       -0.207729065170987                        0
       576                        0       -0.220525278317008                        0       -0.207788009996478       -0.207788009996478                        0
       584                        0       -0.220524515215173                        0       -0.207845878835462       -0.207845878835462                        0
       592                        0       -0.220523775966065                        0       -0.207902705620029       -0.207902705620029                        0
       600                        0        -0.22052305951072                        0       -0.207958522773205       -0.207958522773205                        0
       608                        0       -0.220522364850704                        0       -0.208013361294918       -0.208013361294918                        0
       616                        0       -0.220521691043907                        0       -0.208067250842077       -0.208067250842077                        0
       624                        0       -0.220521037200674                        0       -0.208120219803739       -0.208120219803739                        0
       632                        0       -0.220520402480244                        0       -0.208172295370306       -0.208172295370306                        0
       640                        0       -0.220519786087485                        0       -0.208223503598523       -0.208223503598523                        0
       648                        0       -0.220519187269873                        0       -0.208273869472514       -0.208273869472514                        0
       656                        0       -0.220518605314716                        0       -0.208323416960218       -0.208323416960218                        0
       664                        0       -0.220518039546575                        0       -0.208372169066633       -0.208372169066633                        0
       672                        0       -0.220517489324902                        0       -0.208420147883364       -0.208420147883364                        0
       680                        0       -0.220516954041837                        0       -0.208467374635582       -0.208467374635582                        0
       688                        0       -0.220516433120178                        0       -0.208513869725188       -0.208513869725188                        0
       696                        0       -0.220515926011494                        0       -0.208559652772385       -0.208559652772385                        0
       704                        0       -0.220515432194373                        0       -0.208604742653876       -0.208604742653876                        0
       712                        0       -0.220514951172807                        0       -0.208649157539091       -0.208649157539091                        0
       720                        0       -0.220514482474672                        0       -0.208692914924452       -0.208692914924452                        0
       728                        0       -0.220514025650339                        0       -0.208736031665471       -0.208736031665471                        0
       736                        0       -0.220513580271345                        0       -0.208778524006516       -0.208778524006516                        0
       744                        0       -0.220513145929203                        0       -0.208820407609843       -0.208820407609843                        0
       752                        0       -0.220512722234244                        0       -0.208861697582033       -0.208861697582033                        0
       760                        0       -0.220512308814568                        0       -0.208902408499704       -0.208902408499704                        0
