#square and square, nu_xymn_1
#MM NN: 4 1
#quadrature order: 16
#numpanels            c*(gradu.n)^2                      BEM        0.5*(gradu)^2 ex.       Boundary Formula 1       Boundary Formula 2
        16                        0        -0.22043366734106                        0       -0.166684618521151       -0.166684618521151                        0
        24                        0        -0.22176996337713                        0       -0.182240408831948       -0.182240408831948                        0
        32                        0       -0.222278373434773                        0       -0.186672054982234       -0.186672054982234                        0
        40                        0       -0.221935597648558                        0       -0.189616673903571       -0.189616673903571                        0
        48                        0       -0.221663215807687                        0       -0.191552648351904       -0.191552648351904                        0
        56                        0       -0.221453957394554                        0       -0.193056199254608       -0.193056199254608                        0
        64                        0       -0.221296879255019                        0       -0.194266097580361       -0.194266097580361                        0
        72                        0       -0.221177415141652                        0       -0.195278139381838       -0.195278139381838                        0
        80                        0       -0.221084644272001                        0       -0.196144428216547       -0.196144428216547                        0
        88                        0       -0.221011114630049                        0       -0.196899386505248       -0.196899386505248                        0
        96                        0       -0.220951748148629                        0       -0.197566482516219       -0.197566482516219                        0
       104                        0       -0.220903026900344                        0        -0.19816255784003        -0.19816255784003                        0
       112                        0       -0.220862463928717                        0       -0.198700100331904       -0.198700100331904                        0
       120                        0       -0.220828264381725                        0       -0.199188629489905       -0.199188629489905                        0
       128                        0       -0.220799107361945                        0       -0.199635565821344       -0.199635565821344                        0
       136                        0       -0.220774003132729                        0       -0.200046803095387       -0.200046803095387                        0
       144                        0       -0.220752197834629                        0       -0.200427097623726       -0.200427097623726                        0
       152                        0       -0.220733108654898                        0       -0.200780340901522       -0.200780340901522                        0
       160                        0       -0.220716278882889                        0       -0.201109755276497       -0.201109755276497                        0
       168                        0       -0.220701346197318                        0       -0.201418037376358       -0.201418037376358                        0
       176                        0       -0.220688019919515                        0       -0.201707465196772       -0.201707465196772                        0
       184                        0       -0.220676064447662                        0       -0.201979979364581       -0.201979979364581                        0
       192                        0       -0.220665287021577                        0       -0.202237245699641       -0.202237245699641                        0
       200                        0       -0.220655528567674                        0       -0.202480704004543       -0.202480704004543                        0
       208                        0       -0.220646656765752                        0       -0.202711606558557       -0.202711606558557                        0
       216                        0       -0.220638560739532                        0       -0.202931048811001       -0.202931048811001                        0
       224                        0       -0.220631146948386                        0       -0.203139994090046       -0.203139994090046                        0
       232                        0        -0.22062433597778                        0       -0.203339293669957       -0.203339293669957                        0
       240                        0       -0.220618060009274                        0       -0.203529703200706       -0.203529703200706                        0
       248                        0       -0.220612260809461                        0       -0.203711896260131       -0.203711896260131                        0
       256                        0        -0.22060688811885                        0       -0.203886475609534       -0.203886475609534                        0
       264                        0        -0.22060189835169                        0       -0.204053982602689       -0.204053982602689                        0
       272                        0       -0.220597253539476                        0       -0.204214905097811       -0.204214905097811                        0
       280                        0       -0.220592920466937                        0       -0.204369684148001       -0.204369684148001                        0
       288                        0        -0.22058886996109                        0       -0.204518719688357       -0.204518719688357                        0
       296                        0       -0.220585076302919                        0       -0.204662375394023       -0.204662375394023                        0
       304                        0       -0.220581516737874                        0       -0.204800982849131       -0.204800982849131                        0
       312                        0       -0.220578171066495                        0       -0.204934845139973       -0.204934845139973                        0
       320                        0       -0.220575021300389                        0       -0.205064239964251       -0.205064239964251                        0
       328                        0         -0.2205720513718                        0       -0.205189422332911       -0.205189422332911                        0
       336                        0       -0.220569246887344                        0       -0.205310626925605       -0.205310626925605                        0
       344                        0       -0.220566594918329                        0       -0.205428070151819       -0.205428070151819                        0
       352                        0       -0.220564083821509                        0       -0.205541951960453       -0.205541951960453                        0
       360                        0       -0.220561703085302                        0       -0.205652457433358       -0.205652457433358                        0
       368                        0       -0.220559443197342                        0       -0.205759758192731       -0.205759758192731                        0
       376                        0       -0.220557295530054                        0       -0.205864013648307       -0.205864013648307                        0
       384                        0       -0.220555252241442                        0        -0.20596537210453        -0.20596537210453                        0
       392                        0       -0.220553306188822                        0       -0.206063971746969       -0.206063971746969                        0
       400                        0       -0.220551450853566                        0       -0.206159941522895       -0.206159941522895                        0
       408                        0       -0.220549680275284                        0       -0.206253401929223       -0.206253401929223                        0
       416                        0       -0.220547988994069                        0       -0.206344465719172       -0.206344465719172                        0
       424                        0       -0.220546371999727                        0       -0.206433238537648       -0.206433238537648                        0
       432                        0       -0.220544824686987                        0       -0.206519819493719       -0.206519819493719                        0
       440                        0       -0.220543342815928                        0        -0.20660430167696        -0.20660430167696                        0
       448                        0       -0.220541922476908                        0       -0.206686772624673       -0.206686772624673                        0
       456                        0       -0.220540560059421                        0       -0.206767314745164       -0.206767314745164                        0
       464                        0       -0.220539252224389                        0       -0.206846005702306       -0.206846005702306                        0
       472                        0        -0.22053799587944                        0       -0.206922918764324       -0.206922918764324                        0
       480                        0       -0.220536788156828                        0       -0.206998123122676       -0.206998123122676                        0
       488                        0       -0.220535626393651                        0       -0.207071684181779       -0.207071684181779                        0
       496                        0       -0.220534508114114                        0       -0.207143663824664       -0.207143663824664                        0
       504                        0       -0.220533431013577                        0       -0.207214120655696       -0.207214120655696                        0
       512                        0       -0.220532392944209                        0       -0.207283110222674       -0.207283110222674                        0
       520                        0       -0.220531391902032                        0       -0.207350685221464       -0.207350685221464                        0
       528                        0       -0.220530426015232                        0       -0.207416895683248       -0.207416895683248                        0
       536                        0       -0.220529493533566                        0       -0.207481789147549       -0.207481789147549                        0
       544                        0       -0.220528592818783                        0       -0.207545410820702       -0.207545410820702                        0
       552                        0       -0.220527722335912                        0       -0.207607803723244       -0.207607803723244                        0
       560                        0       -0.220526880645349                        0       -0.207669008825114       -0.207669008825114                        0
       568                        0       -0.220526066395659                        0       -0.207729065171003       -0.207729065171003                        0
       576                        0       -0.220525278317008                        0       -0.207788009996427       -0.207788009996427                        0
       584                        0       -0.220524515215172                        0       -0.207845878835442       -0.207845878835442                        0
       592                        0       -0.220523775966065                        0       -0.207902705620052       -0.207902705620052                        0
       600                        0        -0.22052305951072                        0       -0.207958522773245       -0.207958522773245                        0
       608                        0       -0.220522364850704                        0       -0.208013361294846       -0.208013361294846                        0
       616                        0       -0.220521691043907                        0       -0.208067250842045       -0.208067250842045                        0
       624                        0       -0.220521037200675                        0       -0.208120219803723       -0.208120219803723                        0
       632                        0       -0.220520402480244                        0       -0.208172295370207       -0.208172295370207                        0
       640                        0       -0.220519786087486                        0       -0.208223503598494       -0.208223503598494                        0
       648                        0       -0.220519187269874                        0       -0.208273869472527       -0.208273869472527                        0
       656                        0       -0.220518605314716                        0       -0.208323416960264       -0.208323416960264                        0
       664                        0       -0.220518039546574                        0       -0.208372169066613       -0.208372169066613                        0
       672                        0       -0.220517489324901                        0       -0.208420147883429       -0.208420147883429                        0
       680                        0       -0.220516954041837                        0       -0.208467374635543       -0.208467374635543                        0
       688                        0       -0.220516433120178                        0       -0.208513869725168       -0.208513869725168                        0
       696                        0       -0.220515926011494                        0       -0.208559652772328       -0.208559652772328                        0
       704                        0       -0.220515432194373                        0       -0.208604742653793       -0.208604742653793                        0
       712                        0       -0.220514951172807                        0       -0.208649157539081       -0.208649157539081                        0
       720                        0       -0.220514482474672                        0       -0.208692914924562       -0.208692914924562                        0
       728                        0       -0.220514025650338                        0       -0.208736031665508       -0.208736031665508                        0
       736                        0       -0.220513580271345                        0       -0.208778524006557       -0.208778524006557                        0
       744                        0       -0.220513145929203                        0       -0.208820407609838       -0.208820407609838                        0
       752                        0       -0.220512722234245                        0       -0.208861697582093       -0.208861697582093                        0
       760                        0       -0.220512308814568                        0       -0.208902408499708       -0.208902408499708                        0
