#square and square, nu_xymn_2
#MM NN: 4 1
#quadrature order: 16
#numpanels            c*(gradu.n)^2                      BEM        0.5*(gradu)^2 ex.       Boundary Formula 1       Boundary Formula 2
        16                        0       0.0781751419216714                        0        0.157718898894119        0.157718898894119                        0
        24                        0       0.0591593440843178                        0        0.120213257178662        0.120213257178662                        0
        32                        0       0.0508996731625975                        0        0.100177610107676        0.100177610107676                        0
        40                        0        0.046395673059072                        0       0.0890610024198125       0.0890610024198125                        0
        48                        0       0.0436292652251345                        0        0.081778136044413        0.081778136044413                        0
        56                        0       0.0417575172296815                        0       0.0766867891157235       0.0766867891157235                        0
        64                        0       0.0404141842157618                        0       0.0728985187081788       0.0728985187081788                        0
        72                        0       0.0394050122596507                        0       0.0699595244545562       0.0699595244545562                        0
        80                        0       0.0386207848555462                        0       0.0676034165376891       0.0676034165376891                        0
        88                        0       0.0379949203718661                        0       0.0656658695067708       0.0656658695067708                        0
        96                        0       0.0374846091677788                        0       0.0640395102841853       0.0640395102841853                        0
       104                        0       0.0370610971992077                        0        0.062651238220751        0.062651238220751                        0
       112                        0       0.0367043733370672                        0       0.0614494971906145       0.0614494971906145                        0
       120                        0       0.0364000925577955                        0       0.0603968479187674       0.0603968479187674                        0
       128                        0       0.0361377106317337                        0       0.0594654172331334       0.0594654172331334                        0
       136                        0       0.0359093085954909                        0       0.0586340054835325       0.0586340054835325                        0
       144                        0       0.0357088271025313                        0       0.0578861866453238       0.0578861866453238                        0
       152                        0       0.0355315533084946                        0       0.0572090247807494       0.0572090247807494                        0
       160                        0       0.0353737683262391                        0       0.0565921851665218       0.0565921851665218                        0
       168                        0       0.0352324996291218                        0       0.0560273051393332       0.0560273051393332                        0
       176                        0        0.035105343739092                        0       0.0555075400335416       0.0555075400335416                        0
       184                        0       0.0349903370163585                        0       0.0550272297332853       0.0550272297332853                        0
       192                        0       0.0348858600143061                        0       0.0545816499354475       0.0545816499354475                        0
       200                        0       0.0347905656696098                        0       0.0541668239553554       0.0541668239553554                        0
       208                        0       0.0347033246886149                        0       0.0537793784930309       0.0537793784930309                        0
       216                        0       0.0346231835205366                        0        0.053416431784418        0.053416431784418                        0
       224                        0       0.0345493316659856                        0        0.053075505925427        0.053075505925427                        0
       232                        0       0.0344810759936178                        0       0.0527544574605181       0.0527544574605181                        0
       240                        0       0.0344178203769037                        0       0.0524514219257503       0.0524514219257503                        0
       248                        0       0.0343590494114444                        0       0.0521647691641685       0.0521647691641685                        0
       256                        0       0.0343043152921487                        0       0.0518930670365953       0.0518930670365953                        0
       264                        0       0.0342532271591674                        0       0.0516350517345651       0.0516350517345651                        0
       272                        0        0.034205442388676                        0       0.0513896033275563       0.0513896033275563                        0
       280                        0       0.0341606594276953                        0       0.0511557254926328       0.0511557254926328                        0
       288                        0       0.0341186118636609                        0       0.0509325286104989       0.0509325286104989                        0
       296                        0       0.0340790634881444                        0       0.0507192155893784       0.0507192155893784                        0
       304                        0       0.0340418041661489                        0       0.0505150699134598       0.0505150699134598                        0
       312                        0       0.0340066463621343                        0       0.0503194455166062       0.0503194455166062                        0
       320                        0       0.0339734222044745                        0       0.0501317581619018       0.0501317581619018                        0
       328                        0       0.0339419809937226                        0       0.0499514780707263       0.0499514780707263                        0
       336                        0       0.0339121870786048                        0       0.0497781235934401       0.0497781235934401                        0
       344                        0       0.0338839180381211                        0       0.0496112557527027       0.0496112557527027                        0
       352                        0       0.0338570631196839                        0        0.049450473521301        0.049450473521301                        0
       360                        0       0.0338315218923029                        0        0.049295409720884        0.049295409720884                        0
       368                        0       0.0338072030811882                        0       0.0491457274475861       0.0491457274475861                        0
       376                        0        0.033784023555955                        0       0.0490011169468674       0.0490011169468674                        0
       384                        0       0.0337619074494271                        0       0.0488612928722627       0.0488612928722627                        0
       392                        0       0.0337407853878293                        0       0.0487259918738613       0.0487259918738613                        0
       400                        0       0.0337205938163515                        0       0.0485949704709707       0.0485949704709707                        0
       408                        0       0.0337012744066263                        0       0.0484680031700003       0.0484680031700003                        0
       416                        0       0.0336827735347818                        0        0.048344880795019        0.048344880795019                        0
       424                        0       0.0336650418204811                        0       0.0482254090034465       0.0482254090034465                        0
       432                        0       0.0336480337188441                        0       0.0481094069632371       0.0481094069632371                        0
       440                        0       0.0336317071583017                        0       0.0479967061705613       0.0479967061705613                        0
       448                        0       0.0336160232185187                        0        0.047887149391622        0.047887149391622                        0
       456                        0       0.0336009458432964                        0       0.0477805897128781       0.0477805897128781                        0
       464                        0         0.03358644158413                        0       0.0476768896874876       0.0476768896874876                        0
       472                        0       0.0335724793706895                        0        0.047575920565525        0.047575920565525                        0
       480                        0       0.0335590303049864                        0       0.0474775616001847       0.0474775616001847                        0
       488                        0       0.0335460674764292                        0       0.0473816994192776       0.0473816994192776                        0
       496                        0       0.0335335657953622                        0        0.047288227456708        0.047288227456708                        0
       504                        0       0.0335215018429546                        0       0.0471970454362164       0.0471970454362164                        0
       512                        0       0.0335098537356266                        0       0.0471080589018226       0.0471080589018226                        0
       520                        0       0.0334986010023797                        0        0.047021178791029        0.047021178791029                        0
       528                        0       0.0334877244736428                        0       0.0469363210448381       0.0469363210448381                        0
       536                        0       0.0334772061803944                        0       0.0468534062524133       0.0468534062524133                        0
       544                        0       0.0334670292624587                        0       0.0467723593251179       0.0467723593251179                        0
       552                        0       0.0334571778850463                        0       0.0466931091989725       0.0466931091989725                        0
       560                        0       0.0334476371626722                        0       0.0466155885613546       0.0466155885613546                        0
       568                        0       0.0334383930897051                        0       0.0465397335996271       0.0465397335996271                        0
       576                        0       0.0334294324768998                        0       0.0464654837707464       0.0464654837707464                        0
       584                        0       0.0334207428933021                        0       0.0463927815887251       0.0463927815887251                        0
       592                        0       0.0334123126130276                        0       0.0463215724286818       0.0463215724286818                        0
       600                        0       0.0334041305664256                        0       0.0462518043460526       0.0462518043460526                        0
       608                        0       0.0333961862952238                        0       0.0461834279097805       0.0461834279097805                        0
       616                        0        0.033388469911287                        0       0.0461163960479817       0.0461163960479817                        0
       624                        0       0.0333809720586397                        0       0.0460506639044378       0.0460506639044378                        0
       632                        0       0.0333736838784804                        0       0.0459861887064858       0.0459861887064858                        0
       640                        0       0.0333665969768861                        0       0.0459229296419954       0.0459229296419954                        0
       648                        0       0.0333597033950033                        0       0.0458608477448008       0.0458608477448008                        0
       656                        0       0.0333529955814757                        0       0.0457999057887989       0.0457999057887989                        0
       664                        0       0.0333464663669462                        0       0.0457400681889655       0.0457400681889655                        0
       672                        0       0.0333401089404179                        0       0.0456813009094674       0.0456813009094674                        0
       680                        0       0.0333339168273572                        0       0.0456235713774685       0.0456235713774685                        0
       688                        0       0.0333278838693648                        0       0.0455668484035947       0.0455668484035947                        0
       696                        0       0.0333220042052885                        0       0.0455111021065793       0.0455111021065793                        0
       704                        0       0.0333162722536791                        0       0.0454563038437024       0.0454563038437024                        0
       712                        0       0.0333106826964537                        0       0.0454024261453836       0.0454024261453836                        0
       720                        0       0.0333052304636977                        0       0.0453494426537774       0.0453494426537774                        0
       728                        0       0.0332999107194792                        0       0.0452973280653792       0.0452973280653792                        0
       736                        0       0.0332947188486505                        0       0.0452460580777012       0.0452460580777012                        0
