#square and square, nu_xymn_2
#MM NN: 4 2
#quadrature order: 16
#numpanels            c*(gradu.n)^2                      BEM        0.5*(gradu)^2 ex.       Boundary Formula 1       Boundary Formula 2
        16                        0       0.0819145247323796                        0        0.170431769502953        0.170431769502953                        0
        24                        0       0.0626917664881134                        0        0.129903000099101        0.129903000099101                        0
        32                        0       0.0541873975622009                        0        0.108252387475073        0.108252387475073                        0
        40                        0       0.0495563953748639                        0       0.0962397299407053       0.0962397299407053                        0
        48                        0       0.0467066239524907                        0       0.0883698309487896       0.0883698309487896                        0
        56                        0       0.0447748565050892                        0       0.0828680979776984       0.0828680979776984                        0
        64                        0       0.0433861414540754                        0       0.0787744755048015       0.0787744755048015                        0
        72                        0       0.0423413031310771                        0       0.0755985847604705       0.0755985847604705                        0
        80                        0       0.0415282859982161                        0       0.0730525636797555       0.0730525636797555                        0
        88                        0       0.0408786921249025                        0       0.0709588414226893       0.0709588414226893                        0
        96                        0       0.0403484901827557                        0       0.0692013901464236       0.0692013901464236                        0
       104                        0       0.0399080706989416                        0       0.0677012169523318       0.0677012169523318                        0
       112                        0       0.0395368044403168                        0       0.0664026100530536       0.0664026100530536                        0
       120                        0       0.0392198881098926                        0       0.0652651123953547       0.0652651123953547                        0
       128                        0       0.0389464302879623                        0        0.064258604100946        0.064258604100946                        0
       136                        0       0.0387082440773572                        0       0.0633601767300755       0.0633601767300755                        0
       144                        0       0.0384990600258927                        0       0.0625520802447639       0.0625520802447639                        0
       152                        0       0.0383139982020583                        0       0.0618203360110129       0.0618203360110129                        0
       160                        0       0.0381492051806418                        0        0.061153776279177        0.061153776279177                        0
       168                        0       0.0380015988969787                        0       0.0605433643167192       0.0605433643167192                        0
       176                        0       0.0378686857957531                        0       0.0599817037463813       0.0599817037463813                        0
       184                        0       0.0377484274921818                        0       0.0594626782208598       0.0594626782208598                        0
       192                        0       0.0376391420065132                        0       0.0589811826364198       0.0589811826364198                        0
       200                        0       0.0375394295655773                        0       0.0585329197692643       0.0585329197692643                        0
       208                        0       0.0374481161396043                        0       0.0581142444158801       0.0581142444158801                        0
       216                        0        0.037364209968082                        0       0.0577220425287385       0.0577220425287385                        0
       224                        0       0.0372868677246742                        0       0.0573536364732526       0.0573536364732526                        0
       232                        0       0.0372153679221766                        0       0.0570067100214813       0.0570067100214813                        0
       240                        0       0.0371490898164577                        0       0.0566792484250911       0.0566792484250911                        0
       248                        0        0.037087496530197                        0       0.0563694901289589       0.0563694901289589                        0
       256                        0       0.0370301214458432                        0       0.0560758875568848       0.0560758875568848                        0
       264                        0       0.0369765571539065                        0       0.0557970750316125       0.0557970750316125                        0
       272                        0       0.0369264464151616                        0       0.0555318423510554       0.0555318423510554                        0
       280                        0       0.0368794747223739                        0       0.0552791128840542       0.0552791128840542                        0
       288                        0       0.0368353641416324                        0       0.0550379253038951       0.0550379253038951                        0
       296                        0       0.0367938681843567                        0       0.0548074182695289       0.0548074182695289                        0
       304                        0       0.0367547675147555                        0       0.0545868175106653       0.0545868175106653                        0
       312                        0       0.0367178663386121                        0       0.0543754248852571       0.0543754248852571                        0
       320                        0        0.036682989350859                        0        0.054172609064199        0.054172609064199                        0
       328                        0       0.0366499791438753                        0       0.0539777975662705       0.0539777975662705                        0
       336                        0       0.0366186939976581                        0       0.0537904699186498       0.0537904699186498                        0
       344                        0       0.0365890059879578                        0       0.0536101517603986       0.0536101517603986                        0
       352                        0       0.0365607993604523                        0       0.0534364097396606       0.0534364097396606                        0
       360                        0       0.0365339691284245                        0       0.0532688470818166       0.0532688470818166                        0
       368                        0       0.0365084198590455                        0       0.0531070997269958       0.0531070997269958                        0
       376                        0       0.0364840646193821                        0       0.0529508329530136       0.0529508329530136                        0
       384                        0       0.0364608240582451                        0       0.0527997384131641       0.0527997384131641                        0
       392                        0       0.0364386256039241                        0        0.052653531530319        0.052653531530319                        0
       400                        0       0.0364174027611706                        0       0.0525119491981193       0.0525119491981193                        0
       408                        0       0.0363970944934378                        0       0.0523747477471509       0.0523747477471509                        0
       416                        0       0.0363776446785945                        0       0.0522417011409382       0.0522417011409382                        0
       424                        0       0.0363590016281471                        0       0.0521125993719925       0.0521125993719925                        0
       432                        0       0.0363411176615371                        0       0.0519872470323714       0.0519872470323714                        0
       440                        0       0.0363239487282889                        0       0.0518654620360597       0.0518654620360597                        0
       448                        0       0.0363074540719021                        0       0.0517470744754909       0.0517470744754909                        0
       456                        0       0.0362915959302005                        0       0.0516319255952151       0.0516319255952151                        0
       464                        0       0.0362763392676315                        0        0.051519866869541        0.051519866869541                        0
       472                        0        0.036261651535631                        0       0.0514107591707052       0.0514107591707052                        0
       480                        0       0.0362475024576876                        0       0.0513044720191529       0.0513044720191529                        0
       488                        0       0.0362338638361855                        0       0.0512008829043735       0.0512008829043735                        0
       496                        0       0.0362207093785335                        0       0.0510998766705529       0.0510998766705529                        0
       504                        0       0.0362080145403406                        0       0.0510013449587022       0.0510013449587022                        0
       512                        0       0.0361957563837673                        0       0.0509051856992538       0.0509051856992538                        0
       520                        0       0.0361839134493335                        0       0.0508113026508621       0.0508113026508621                        0
       528                        0       0.0361724656397562                        0       0.0507196049789867       0.0507196049789867                        0
       536                        0       0.0361613941144994                        0       0.0506300068719112       0.0506300068719112                        0
       544                        0        0.036150681193914                        0       0.0505424271885088       0.0505424271885088                        0
       552                        0       0.0361403102719759                        0       0.0504567891367154       0.0504567891367154                        0
       560                        0       0.0361302657367334                        0       0.0503730199782008       0.0503730199782008                        0
       568                        0       0.0361205328976785                        0       0.0502910507567349       0.0502910507567349                        0
       576                        0       0.0361110979193651                        0       0.0502108160492258       0.0502108160492258                        0
       584                        0       0.0361019477606446                        0       0.0501322537360503       0.0501322537360503                        0
       592                        0        0.036093070118987                        0       0.0500553047893097       0.0500553047893097                        0
       600                        0       0.0360844533793898                        0       0.0499799130774686       0.0499799130774686                        0
       608                        0       0.0360760865674405                        0       0.0499060251850988       0.0499060251850988                        0
       616                        0       0.0360679593061654                        0       0.0498335902461058       0.0498335902461058                        0
       624                        0       0.0360600617762783                        0       0.0497625597886529       0.0497625597886529                        0
       632                        0       0.0360523846795672                        0       0.0496928875924034       0.0496928875924034                        0
       640                        0       0.0360449192050845                        0       0.0496245295555809       0.0496245295555809                        0
       648                        0       0.0360376569979434                        0       0.0495574435711671       0.0495574435711671                        0
       656                        0       0.0360305901304542                        0       0.0494915894124632       0.0494915894124632                        0
       664                        0       0.0360237110754179                        0        0.049426928626128        0.049426928626128                        0
       672                        0        0.036017012681382                        0       0.0493634244328831       0.0493634244328831                        0
       680                        0       0.0360104881497042                        0       0.0493010416343719       0.0493010416343719                        0
       688                        0       0.0360041310132611                        0       0.0492397465272124       0.0492397465272124                        0
       696                        0       0.0359979351166686                        0       0.0491795068215703       0.0491795068215703                        0
       704                        0       0.0359918945979004                        0       0.0491202915659904       0.0491202915659904                        0
       712                        0       0.0359860038711791                        0       0.0490620710767174       0.0490620710767174                        0
       720                        0       0.0359802576110466                        0       0.0490048168713419       0.0490048168713419                        0
       728                        0       0.0359746507375078                        0         0.04894850160678         0.04894850160678                        0
       736                        0       0.0359691784021963                        0       0.0488930990216514       0.0488930990216514                        0
       744                        0       0.0359638359754289                        0       0.0488385838811394       0.0488385838811394                        0
       752                        0       0.0359586190341441                        0        0.048784931926246        0.048784931926246                        0
       760                        0        0.035953523350604                        0       0.0487321198252896       0.0487321198252896                        0
       768                        0       0.0359485448818283                        0       0.0486801251290183       0.0486801251290183                        0
       776                        0       0.0359436797597175                        0       0.0486289262276125       0.0486289262276125                        0
       784                        0       0.0359389242817723                        0       0.0485785023111345       0.0485785023111345                        0
       792                        0       0.0359342749024276                        0       0.0485288333314567       0.0485288333314567                        0
       800                        0       0.0359297282248886                        0       0.0484798999663215       0.0484798999663215                        0
       808                        0       0.0359252809934902                        0       0.0484316835863417       0.0484316835863417                        0
       816                        0       0.0359209300865128                        0       0.0483841662230688       0.0483841662230688                        0
       824                        0       0.0359166725094285                        0       0.0483373305389912       0.0483373305389912                        0
       832                        0       0.0359125053885503                        0       0.0482911597990001       0.0482911597990001                        0
       840                        0       0.0359084259650558                        0        0.048245637844162        0.048245637844162                        0
       848                        0       0.0359044315893624                        0       0.0482007490659084       0.0482007490659084                        0
       856                        0       0.0359005197158173                        0       0.0481564783820894       0.0481564783820894                        0
       864                        0        0.035896687897713                        0       0.0481128112146879       0.0481128112146879                        0
