#square and square, nu_xymn_1
#MM NN: 3 2
#quadrature order: 16
#numpanels            c*(gradu.n)^2                      BEM        0.5*(gradu)^2 ex.       Boundary Formula 1       Boundary Formula 2
        16                        0       0.0576264536140043                        0       0.0476207363769334       0.0476207363769334                        0
        24                        0        0.057023240546873                        0       0.0501233688350806       0.0501233688350806                        0
        32                        0       0.0569423553411732                        0       0.0504255013360257       0.0504255013360257                        0
        40                        0       0.0566769465766908                        0       0.0506665613022377       0.0506665613022377                        0
        48                        0       0.0564845936261184                        0        0.050811458103969        0.050811458103969                        0
        56                        0       0.0563419240621737                        0       0.0509427001630712       0.0509427001630712                        0
        64                        0       0.0562348118005877                        0       0.0510595328316816       0.0510595328316816                        0
        72                        0       0.0561523938305112                        0       0.0511665692309809       0.0511665692309809                        0
        80                        0       0.0560874521264361                        0       0.0512650326938472       0.0512650326938472                        0
        88                        0       0.0560351965094949                        0       0.0513560149711514       0.0513560149711514                        0
        96                        0       0.0559923817772116                        0       0.0514403580524708       0.0514403580524708                        0
       104                        0       0.0559567518555746                        0       0.0515187878463977       0.0515187878463977                        0
       112                        0       0.0559266992045097                        0       0.0515919329655105       0.0515919329655105                        0
       120                        0       0.0559010521246479                        0       0.0516603414805003       0.0516603414805003                        0
       128                        0       0.0558789389988127                        0       0.0517244918575945       0.0517244918575945                        0
       136                        0       0.0558596994978806                        0       0.0517848023993936       0.0517848023993936                        0
       144                        0       0.0558428251270738                        0        0.051841639446722        0.051841639446722                        0
       152                        0       0.0558279185374037                        0       0.0518953245480164       0.0518953245480164                        0
       160                        0       0.0558146651136511                        0       0.0519461406718195       0.0519461406718195                        0
       168                        0       0.0558028127662809                        0        0.051994337550215        0.051994337550215                        0
       176                        0       0.0557921573146881                        0       0.0520401362495422       0.0520401362495422                        0
       184                        0       0.0557825317509726                        0       0.0520837330672821       0.0520837330672821                        0
       192                        0       0.0557737982422544                        0       0.0521253028496357       0.0521253028496357                        0
       200                        0       0.0557658420955728                        0       0.0521650018156204       0.0521650018156204                        0
       208                        0       0.0557585671493422                        0       0.0522029699631861       0.0522029699631861                        0
       216                        0       0.0557518922154238                        0       0.0522393331227006       0.0522393331227006                        0
       224                        0       0.0557457483043242                        0        0.052274204713016        0.052274204713016                        0
       232                        0       0.0557400764407748                        0       0.0523076872470051       0.0523076872470051                        0
       240                        0       0.0557348259289985                        0       0.0523398736257317       0.0523398736257317                        0
       248                        0       0.0557299529638782                        0       0.0523708482540936       0.0523708482540936                        0
       256                        0       0.0557254195105953                        0       0.0524006880052515       0.0524006880052515                        0
       264                        0       0.0557211923944162                        0       0.0524294630569173       0.0524294630569173                        0
       272                        0       0.0557172425562795                        0       0.0524572376185431       0.0524572376185431                        0
       280                        0       0.0557135444401814                        0       0.0524840705654935       0.0524840705654935                        0
       288                        0       0.0557100754860562                        0       0.0525100159936733       0.0525100159936733                        0
       296                        0       0.0557068157076661                        0       0.0525351237059575       0.0525351237059575                        0
       304                        0       0.0557037473393983                        0       0.0525594396399505       0.0525594396399505                        0
       312                        0       0.0557008545392786                        0       0.0525830062451641       0.0525830062451641                        0
       320                        0       0.0556981231380809                        0       0.0526058628163662       0.0526058628163662                        0
       328                        0       0.0556955404264262                        0       0.0526280457891214       0.0526280457891214                        0
       336                        0        0.055693094973378                        0       0.0526495890022437       0.0526495890022437                        0
       344                        0        0.055690776471244                        0       0.0526705239315126       0.0526705239315126                        0
       352                        0       0.0556885756022955                        0        0.052690879898284        0.052690879898284                        0
       360                        0       0.0556864839238952                        0       0.0527106842560594       0.0527106842560594                        0
       368                        0       0.0556844937691551                        0       0.0527299625576792       0.0527299625576792                        0
       376                        0       0.0556825981607224                        0       0.0527487387055955       0.0527487387055955                        0
       384                        0       0.0556807907357501                        0       0.0527670350869842       0.0527670350869842                        0
       392                        0       0.0556790656803762                        0       0.0527848726956648       0.0527848726956648                        0
       400                        0       0.0556774176723654                        0       0.0528022712422305       0.0528022712422305                        0
       408                        0       0.0556758418307359                        0       0.0528192492537007       0.0528192492537007                        0
       416                        0       0.0556743336714246                        0       0.0528358241638527       0.0528358241638527                        0
       424                        0       0.0556728890681439                        0       0.0528520123952867       0.0528520123952867                        0
       432                        0       0.0556715042177618                        0       0.0528678294341029       0.0528678294341029                        0
       440                        0       0.0556701756095867                        0       0.0528832898978562       0.0528832898978562                        0
       448                        0       0.0556688999980791                        0       0.0528984075976185       0.0528984075976185                        0
       456                        0       0.0556676743785311                        0       0.0529131955946801       0.0529131955946801                        0
       464                        0       0.0556664959653613                        0       0.0529276662525113       0.0529276662525113                        0
       472                        0       0.0556653621727004                        0       0.0529418312842057       0.0529418312842057                        0
       480                        0       0.0556642705969875                        0       0.0529557017962592       0.0529557017962592                        0
       488                        0       0.0556632190013489                        0       0.0529692883285621       0.0529692883285621                        0
       496                        0       0.0556622053015358                        0       0.0529826008913838       0.0529826008913838                        0
       504                        0       0.0556612275532629                        0       0.0529956489993674       0.0529956489993674                        0
       512                        0       0.0556602839407701                        0       0.0530084417028185       0.0530084417028185                        0
       520                        0       0.0556593727664838                        0        0.053020987616762        0.053020987616762                        0
       528                        0       0.0556584924416518                        0       0.0530332949476422       0.0530332949476422                        0
       536                        0       0.0556576414778553                        0        0.053045371518182        0.053045371518182                        0
       544                        0       0.0556568184792837                        0       0.0530572247902222       0.0530572247902222                        0
       552                        0       0.0556560221357244                        0       0.0530688618861489       0.0530688618861489                        0
       560                        0       0.0556552512161616                        0       0.0530802896086009       0.0530802896086009                        0
       568                        0       0.0556545045629453                        0       0.0530915144588474       0.0530915144588474                        0
       576                        0       0.0556537810864633                        0        0.053102542653897        0.053102542653897                        0
       584                        0       0.0556530797602633                        0       0.0531133801424533       0.0531133801424533                        0
       592                        0       0.0556523996165908                        0       0.0531240326196818       0.0531240326196818                        0
       600                        0       0.0556517397422948                        0       0.0531345055411281       0.0531345055411281                        0
       608                        0       0.0556510992750717                        0       0.0531448041355865       0.0531448041355865                        0
       616                        0       0.0556504774000098                        0       0.0531549334172508       0.0531549334172508                        0
       624                        0       0.0556498733464078                        0       0.0531648981969421       0.0531648981969421                        0
       632                        0       0.0556492863848564                        0       0.0531747030927113       0.0531747030927113                        0
       640                        0       0.0556487158245275                        0       0.0531843525397951       0.0531843525397951                        0
       648                        0       0.0556481610106919                        0       0.0531938507998224       0.0531938507998224                        0
       656                        0       0.0556476213224113                        0       0.0532032019695961       0.0532032019695961                        0
       664                        0       0.0556470961704095                        0       0.0532124099892453       0.0532124099892453                        0
       672                        0       0.0556465849951006                        0       0.0532214786499736       0.0532214786499736                        0
       680                        0       0.0556460872647635                        0       0.0532304116011763       0.0532304116011763                        0
       688                        0        0.055645602473846                        0       0.0532392123573878       0.0532392123573878                        0
       696                        0        0.055645130141388                        0       0.0532478843045712       0.0532478843045712                        0
       704                        0       0.0556446698095643                        0       0.0532564307062355       0.0532564307062355                        0
       712                        0        0.055644221042323                        0       0.0532648547090879       0.0532648547090879                        0
       720                        0       0.0556437834241184                        0       0.0532731593484087       0.0532731593484087                        0
       728                        0       0.0556433565587327                        0       0.0532813475531183       0.0532813475531183                        0
       736                        0       0.0556429400681802                        0        0.053289422150619        0.053289422150619                        0
       744                        0       0.0556425335916748                        0       0.0532973858712489       0.0532973858712489                        0
       752                        0        0.055642136784679                        0       0.0533052413526194       0.0533052413526194                        0
       760                        0       0.0556417493180094                        0       0.0533129911435992       0.0533129911435992                        0
