#square and square, nu_xymn_2
#MM NN: 1 3
#quadrature order: 16
#numpanels            c*(gradu.n)^2                      BEM        0.5*(gradu)^2 ex.       Boundary Formula 1       Boundary Formula 2
        16                        0       0.0417388634193879                        0       0.0310814708659097       0.0310814708659097                        0
        24                        0       0.0415073635450035                        0       0.0339821394916709       0.0339821394916709                        0
        32                        0       0.0416174834018302                        0       0.0348085029673776       0.0348085029673776                        0
        40                        0       0.0415223647407271                        0        0.035357582348707        0.035357582348707                        0
        48                        0        0.041447282091178                        0       0.0357185810656056       0.0357185810656056                        0
        56                        0       0.0413897935988625                        0       0.0359989463086178       0.0359989463086178                        0
        64                        0         0.04134642854167                        0       0.0362245545254768       0.0362245545254768                        0
        72                        0       0.0413132220425254                        0        0.036413268685473        0.036413268685473                        0
        80                        0       0.0412872604771078                        0       0.0365748044733318       0.0365748044733318                        0
        88                        0       0.0412665540187787                        0       0.0367155805945079       0.0367155805945079                        0
        96                        0       0.0412497408139255                        0       0.0368399731474344       0.0368399731474344                        0
       104                        0       0.0412358721257938                        0       0.0369511225622615       0.0369511225622615                        0
       112                        0       0.0412242732655148                        0       0.0370513574336508       0.0370513574336508                        0
       120                        0       0.0412144544483121                        0       0.0371424528504132       0.0371424528504132                        0
       128                        0       0.0412060531959355                        0        0.037225792505194        0.037225792505194                        0
       136                        0       0.0411987964632269                        0       0.0373024754016992       0.0373024754016992                        0
       144                        0       0.0411924752420165                        0       0.0373733884433933       0.0373733884433933                        0
       152                        0       0.0411869271957364                        0       0.0374392572724754       0.0374392572724754                        0
       160                        0       0.0411820245615579                        0        0.037500682756061        0.037500682756061                        0
       168                        0       0.0411776655735126                        0       0.0375581677309234       0.0375581677309234                        0
       176                        0       0.0411737682823293                        0       0.0376121369720368       0.0376121369720368                        0
       184                        0       0.0411702660348953                        0       0.0376629523456576       0.0376629523456576                        0
       192                        0       0.0411671041215232                        0       0.0377109244751229       0.0377109244751229                        0
       200                        0       0.0411642372573076                        0        0.037756321838579        0.037756321838579                        0
       208                        0       0.0411616276675524                        0       0.0377993779469979       0.0377993779469979                        0
       216                        0       0.0411592436163433                        0       0.0378402970674098       0.0378402970674098                        0
       224                        0       0.0411570582641717                        0       0.0378792588304066       0.0378792588304066                        0
       232                        0       0.0411550487725874                        0       0.0379164219720379       0.0379164219720379                        0
       240                        0       0.0411531955962796                        0       0.0379519273974126       0.0379519273974126                        0
       248                        0       0.0411514819187372                        0       0.0379859007077151       0.0379859007077151                        0
       256                        0       0.0411498931989065                        0       0.0380184542991042       0.0380184542991042                        0
       264                        0       0.0411484168043905                        0        0.038049689117138        0.038049689117138                        0
       272                        0       0.0411470417126622                        0       0.0380796961321123       0.0380796961321123                        0
       280                        0       0.0411457582661327                        0       0.0381085575866423       0.0381085575866423                        0
       288                        0       0.0411445579701803                        0         0.03813634805613         0.03813634805613                        0
       296                        0       0.0411434333256425                        0       0.0381631353546268       0.0381631353546268                        0
       304                        0       0.0411423776891742                        0       0.0381889813122068       0.0381889813122068                        0
       312                        0       0.0411413851562378                        0       0.0382139424449623       0.0382139424449623                        0
       320                        0       0.0411404504625921                        0       0.0382380705348603       0.0382380705348603                        0
       328                        0        0.041139568900985                        0       0.0382614131334699       0.0382614131334699                        0
       336                        0       0.0411387362503943                        0       0.0382840140012053       0.0382840140012053                        0
       344                        0       0.0411379487156863                        0       0.0383059134916738       0.0383059134916738                        0
       352                        0       0.0411372028759576                        0       0.0383271488890933       0.0383271488890933                        0
       360                        0       0.0411364956401441                        0       0.0383477547054318       0.0383477547054318                        0
       368                        0       0.0411358242087461                        0       0.0383677629428881       0.0383677629428881                        0
       376                        0       0.0411351860407072                        0       0.0383872033263705       0.0383872033263705                        0
       384                        0        0.041134578824671                        0       0.0384061035100262       0.0384061035100262                        0
       392                        0        0.041134000453949                        0       0.0384244892611624       0.0384244892611624                        0
       400                        0       0.0411334490046649                        0       0.0384423846244056       0.0384423846244056                        0
       408                        0       0.0411329227166109                        0       0.0384598120686458       0.0384598120686458                        0
       416                        0       0.0411324199764447                        0       0.0384767926188476       0.0384767926188476                        0
       424                        0       0.0411319393028899                        0       0.0384933459745094       0.0384933459745094                        0
       432                        0       0.0411314793336739                        0       0.0385094906163375       0.0385094906163375                        0
       440                        0        0.041131038813976                        0       0.0385252439026299       0.0385252439026299                        0
       448                        0        0.041130616586177                        0       0.0385406221563604       0.0385406221563604                        0
       456                        0       0.0411302115807579                        0       0.0385556407441355       0.0385556407441355                        0
       464                        0       0.0411298228081826                        0       0.0385703141477824       0.0385703141477824                        0
       472                        0       0.0411294493516604                        0       0.0385846560295946       0.0385846560295946                        0
       480                        0        0.041129090360675                        0       0.0385986792915596       0.0385986792915596                        0
       488                        0       0.0411287450451768                        0       0.0386123961295951       0.0386123961295951                        0
       496                        0       0.0411284126703788                        0       0.0386258180829511       0.0386258180829511                        0
       504                        0       0.0411280925520714                        0       0.0386389560794714       0.0386389560794714                        0
       512                        0       0.0411277840524037                        0        0.038651820477137        0.038651820477137                        0
       520                        0       0.0411274865760733                        0       0.0386644211020472       0.0386644211020472                        0
       528                        0        0.041127199566886                        0       0.0386767672834824       0.0386767672834824                        0
       536                        0       0.0411269225046379                        0       0.0386888678860141       0.0386888678860141                        0
       544                        0       0.0411266549022904                        0       0.0387007313392746       0.0387007313392746                        0
       552                        0       0.0411263963034038                        0       0.0387123656652349       0.0387123656652349                        0
       560                        0       0.0411261462798033                        0       0.0387237785034787       0.0387237785034787                        0
       568                        0       0.0411259044294537                        0       0.0387349771346496       0.0387349771346496                        0
       576                        0       0.0411256703745215                        0       0.0387459685020142       0.0387459685020142                        0
       584                        0       0.0411254437596057                        0       0.0387567592315301       0.0387567592315301                        0
       592                        0        0.041125224250119                        0       0.0387673556504715       0.0387673556504715                        0
       600                        0       0.0411250115308047                        0       0.0387777638047189       0.0387777638047189                        0
       608                        0       0.0411248053043851                        0       0.0387879894747903       0.0387879894747903                        0
       616                        0       0.0411246052903063                        0       0.0387980381907718       0.0387980381907718                        0
       624                        0       0.0411244112236015                        0       0.0388079152463352       0.0388079152463352                        0
       632                        0       0.0411242228538347                        0       0.0388176257116403       0.0388176257116403                        0
       640                        0       0.0411240399441321                        0       0.0388271744454561       0.0388271744454561                        0
       648                        0       0.0411238622702875                        0       0.0388365661065403       0.0388365661065403                        0
       656                        0       0.0411236896199379                        0       0.0388458051641641       0.0388458051641641                        0
       664                        0       0.0411235217918054                        0       0.0388548959080411       0.0388548959080411                        0
       672                        0       0.0411233585949884                        0       0.0388638424575645       0.0388638424575645                        0
       680                        0        0.041123199848314                        0       0.0388726487705656       0.0388726487705656                        0
       688                        0       0.0411230453797316                        0       0.0388813186513608       0.0388813186513608                        0
       696                        0       0.0411228950257552                        0       0.0388898557585052       0.0388898557585052                        0
       704                        0       0.0411227486309436                        0       0.0388982636119132       0.0388982636119132                        0
       712                        0       0.0411226060474185                        0       0.0389065455996159       0.0389065455996159                        0
       720                        0       0.0411224671344161                        0       0.0389147049841489       0.0389147049841489                        0
       728                        0        0.041122331757869                        0       0.0389227449085385       0.0389227449085385                        0
       736                        0       0.0411221997900211                        0       0.0389306684018516       0.0389306684018516                        0
       744                        0       0.0411220711090602                        0       0.0389384783846089       0.0389384783846089                        0
       752                        0       0.0411219455987858                        0       0.0389461776737158       0.0389461776737158                        0
       760                        0       0.0411218231482941                        0        0.038953768987256        0.038953768987256                        0
       768                        0       0.0411217036516772                        0       0.0389612549488919       0.0389612549488919                        0
