#square and square, nu_xymn_1
#MM NN: 2 3
#quadrature order: 16
#numpanels            c*(gradu.n)^2                      BEM        0.5*(gradu)^2 ex.       Boundary Formula 1       Boundary Formula 2
        16                        0        0.265163100445751                        0        0.283707146805178        0.283707146805178                        0
        24                        0        0.258941005162152                        0        0.273451142940021        0.273451142940021                        0
        32                        0        0.255547647005522                        0        0.263242328938533        0.263242328938533                        0
        40                        0        0.252732767267968                        0        0.257529690191729        0.257529690191729                        0
        48                        0        0.250823689376931                        0        0.253630755574229        0.253630755574229                        0
        56                        0        0.249448963328305                        0        0.250976559585664        0.250976559585664                        0
        64                        0         0.24842548453481                        0        0.249056552941886        0.249056552941886                        0
        72                        0        0.247637965852955                        0         0.24762170130795         0.24762170130795                        0
        80                        0        0.247015558066435                        0        0.246516535174621        0.246516535174621                        0
        88                        0        0.246512583394285                        0        0.245644930828138        0.245644930828138                        0
        96                        0         0.24609851230614                        0        0.244943825323998        0.244943825323998                        0
       104                        0        0.245752247521231                        0        0.244370487754464        0.244370487754464                        0
       112                        0        0.245458785558724                        0        0.243895023150567        0.243895023150567                        0
       120                        0        0.245207187129922                        0        0.243495959846078        0.243495959846078                        0
       128                        0        0.244989301099879                        0        0.243157518134746        0.243157518134746                        0
       136                        0        0.244798937136309                        0        0.242867867942668        0.242867867942668                        0
       144                        0        0.244631314436852                        0         0.24261798357451         0.24261798357451                        0
       152                        0        0.244482685357749                        0        0.242400871466711        0.242400871466711                        0
       160                        0        0.244350072804209                        0        0.242211037427667        0.242211037427667                        0
       168                        0        0.244231083388251                        0        0.242044111550642        0.242044111550642                        0
       176                        0        0.244123772138364                        0        0.241896579275843        0.241896579275843                        0
       184                        0        0.244026542968857                        0         0.24176558536631         0.24176558536631                        0
       192                        0         0.24393807439319                        0        0.241648788886705        0.241648788886705                        0
       200                        0         0.24385726334472                        0        0.241544254451862        0.241544254451862                        0
       208                        0        0.243783182176918                        0        0.241450369658883        0.241450369658883                        0
       216                        0        0.243715045385478                        0        0.241365781683719        0.241365781683719                        0
       224                        0        0.243652183590798                        0         0.24128934808305         0.24128934808305                        0
       232                        0        0.243594023004548                        0        0.241220098249363        0.241220098249363                        0
       240                        0        0.243540069082452                        0        0.241157202941736        0.241157202941736                        0
       248                        0        0.243489893403965                        0        0.241099950000101        0.241099950000101                        0
       256                        0         0.24344312306209                        0        0.241047724838107        0.241047724838107                        0
       264                        0        0.243399432022388                        0         0.24099999466134         0.24099999466134                        0
       272                        0        0.243358534039158                        0        0.240956295613112        0.240956295613112                        0
       280                        0        0.243320176812121                        0        0.240916222238511        0.240916222238511                        0
       288                        0        0.243284137138273                        0        0.240879418797302        0.240879418797302                        0
       296                        0        0.243250216867352                        0        0.240845572061209        0.240845572061209                        0
       304                        0        0.243218239510238                        0        0.240814405310453        0.240814405310453                        0
       312                        0        0.243188047380989                        0        0.240785673304984        0.240785673304984                        0
       320                        0        0.243159499177432                        0        0.240759158052279        0.240759158052279                        0
       328                        0        0.243132467923989                        0        0.240734665229825        0.240734665229825                        0
       336                        0        0.243106839215302                        0        0.240712021148063        0.240712021148063                        0
       344                        0        0.243082509710697                        0        0.240691070161869        0.240691070161869                        0
       352                        0        0.243059385838848                        0        0.240671672455948        0.240671672455948                        0
       360                        0        0.243037382679296                        0        0.240653702143195        0.240653702143195                        0
       368                        0        0.243016422993383                        0        0.240637045626111        0.240637045626111                        0
       376                        0        0.242996436381911                        0        0.240621600180378        0.240621600180378                        0
       384                        0        0.242977358550674                        0        0.240607272726365        0.240607272726365                        0
       392                        0        0.242959130668139                        0        0.240593978760633        0.240593978760633                        0
       400                        0        0.242941698802125                        0        0.240581641423823        0.240581641423823                        0
       408                        0        0.242925013424403                        0        0.240570190685258        0.240570190685258                        0
       416                        0        0.242909028973896                        0        0.240559562627757        0.240559562627757                        0
       424                        0        0.242893703470568                        0        0.240549698818788        0.240549698818788                        0
       432                        0        0.242878998173318                        0        0.240540545756197        0.240540545756197                        0
       440                        0        0.242864877276119                        0        0.240532054378381        0.240532054378381                        0
       448                        0        0.242851307637578                        0        0.240524179630618        0.240524179630618                        0
       456                        0        0.242838258539668                        0        0.240516880080149        0.240516880080149                        0
       464                        0        0.242825701472082                        0        0.240510117573961        0.240510117573961                        0
       472                        0        0.242813609939072                        0        0.240503856933624        0.240503856933624                        0
       480                        0        0.242801959286117                        0        0.240498065683084        0.240498065683084                        0
       488                        0        0.242790726544081                        0        0.240492713804911        0.240492713804911                        0
       496                        0        0.242779890288848                        0        0.240487773522053        0.240487773522053                        0
       504                        0        0.242769430514673                        0        0.240483219101824        0.240483219101824                        0
       512                        0        0.242759328519733                        0        0.240479026679568        0.240479026679568                        0
       520                        0         0.24274956680251                        0        0.240475174099997        0.240475174099997                        0
       528                        0        0.242740128967845                        0        0.240471640773877        0.240471640773877                        0
       536                        0        0.242730999641637                        0        0.240468407548685        0.240468407548685                        0
       544                        0        0.242722164393264                        0        0.240465456591376        0.240465456591376                        0
       552                        0        0.242713609664933                        0         0.24046277128237         0.24046277128237                        0
       560                        0         0.24270532270725                        0        0.240460336119188        0.240460336119188                        0
       568                        0        0.242697291520376                        0        0.240458136628902        0.240458136628902                        0
       576                        0         0.24268950480023                        0        0.240456159288533        0.240456159288533                        0
       584                        0        0.242681951889222                        0        0.240454391452507        0.240454391452507                        0
       592                        0        0.242674622731101                        0        0.240452821286396        0.240452821286396                        0
       600                        0        0.242667507829499                        0        0.240451437706529        0.240451437706529                        0
       608                        0        0.242660598209854                        0        0.240450230324668        0.240450230324668                        0
       616                        0        0.242653885384371                        0        0.240449189397459        0.240449189397459                        0
       624                        0        0.242647361319752                        0        0.240448305779981        0.240448305779981                        0
       632                        0        0.242641018407454                        0        0.240447570883225        0.240447570883225                        0
       640                        0        0.242634849436226                        0        0.240446976635052        0.240446976635052                        0
       648                        0        0.242628847566745                        0        0.240446515444181        0.240446515444181                        0
       656                        0        0.242623006308162                        0        0.240446180167193        0.240446180167193                        0
       664                        0        0.242617319496381                        0        0.240445964078021        0.240445964078021                        0
       672                        0         0.24261178127394                        0        0.240445860839933        0.240445860839933                        0
       680                        0        0.242606386071351                        0         0.24044586447949         0.24044586447949                        0
       688                        0        0.242601128589778                        0         0.24044596936274         0.24044596936274                        0
       696                        0        0.242596003784941                        0        0.240446170172959        0.240446170172959                        0
       704                        0        0.242591006852144                        0        0.240446461890234        0.240446461890234                        0
       712                        0         0.24258613321236                        0        0.240446839772469        0.240446839772469                        0
       720                        0        0.242581378499245                        0        0.240447299337769        0.240447299337769                        0
       728                        0        0.242576738547047                        0        0.240447836348143        0.240447836348143                        0
       736                        0        0.242572209379322                        0          0.2404484467944          0.2404484467944                        0
       744                        0        0.242567787198401                        0        0.240449126881997        0.240449126881997                        0
       752                        0        0.242563468375549                        0        0.240449873018023        0.240449873018023                        0
       760                        0        0.242559249441754                        0        0.240450681798937        0.240450681798937                        0
