#square and square, nu_xymn_2
#MM NN: 2 4
#quadrature order: 16
#numpanels            c*(gradu.n)^2                      BEM        0.5*(gradu)^2 ex.       Boundary Formula 1       Boundary Formula 2
        16                        0       -0.305361662751462                        0       -0.255381874008793       -0.255381874008793                        0
        24                        0        -0.30491230622306                        0       -0.268803064350287       -0.268803064350287                        0
        32                        0       -0.304389767581314                        0       -0.270423349338728       -0.270423349338728                        0
        40                        0       -0.303147242578598                        0       -0.271716112756588       -0.271716112756588                        0
        48                        0       -0.302256460798448                        0       -0.272493169551149       -0.272493169551149                        0
        56                        0       -0.301598374136195                        0       -0.273196998293686       -0.273196998293686                        0
        64                        0       -0.301105514766779                        0        -0.27382355193659        -0.27382355193659                        0
        72                        0       -0.300726862715564                        0        -0.27439756986074        -0.27439756986074                        0
        80                        0       -0.300428792635208                        0       -0.274925612591285       -0.274925612591285                        0
        88                        0       -0.300189094172136                        0       -0.275413535001712       -0.275413535001712                        0
        96                        0       -0.299992768552096                        0       -0.275865852538328       -0.275865852538328                        0
       104                        0       -0.299829413369411                        0       -0.276286458124724       -0.276286458124724                        0
       112                        0       -0.299691630132715                        0       -0.276678722902933       -0.276678722902933                        0
       120                        0       -0.299574034043826                        0       -0.277045586082428       -0.277045586082428                        0
       128                        0       -0.299472623997837                        0        -0.27738961359581        -0.27738961359581                        0
       136                        0       -0.299384371571907                        0       -0.277713048728424       -0.277713048728424                        0
       144                        0       -0.299306946394233                        0       -0.278017856103616       -0.278017856103616                        0
       152                        0       -0.299238528516227                        0       -0.278305760130706       -0.278305760130706                        0
       160                        0       -0.299177677584693                        0       -0.278578278321617       -0.278578278321617                        0
       168                        0        -0.29912323990422                        0       -0.278836749946857       -0.278836749946857                        0
       176                        0       -0.299074281284447                        0       -0.279082360547394       -0.279082360547394                        0
       184                        0       -0.299030037759439                        0       -0.279316162833159       -0.279316162833159                        0
       192                        0       -0.298989878905464                        0       -0.279539094474498       -0.279539094474498                        0
       200                        0       -0.298953280178564                        0       -0.279751993247144       -0.279751993247144                        0
       208                        0       -0.298919801802851                        0       -0.279955609936385       -0.279955609936385                        0
       216                        0       -0.298889072479498                        0       -0.280150619348843       -0.280150619348843                        0
       224                        0       -0.298860776686797                        0       -0.280337629730454       -0.280337629730454                        0
       232                        0       -0.298834644685795                        0       -0.280517190840299       -0.280517190840299                        0
       240                        0       -0.298810444585772                        0       -0.280689800890973       -0.280689800890973                        0
       248                        0       -0.298787975993408                        0       -0.280855912531369       -0.280855912531369                        0
       256                        0       -0.298767064890666                        0       -0.281015938019219       -0.281015938019219                        0
       264                        0       -0.298747559474124                        0       -0.281170253705616       -0.281170253705616                        0
       272                        0        -0.29872932675269                        0       -0.281319203934816       -0.281319203934816                        0
       280                        0       -0.298712249747969                        0       -0.281463104445335       -0.281463104445335                        0
       288                        0       -0.298696225176901                        0        -0.28160224534432        -0.28160224534432                        0
       296                        0        -0.29868116152299                        0       -0.281736893716107       -0.281736893716107                        0
       304                        0       -0.298666977422455                        0       -0.281867295916217       -0.281867295916217                        0
       312                        0       -0.298653600307247                        0       -0.281993679593972       -0.281993679593972                        0
       320                        0       -0.298640965258666                        0       -0.282116255480654       -0.282116255480654                        0
       328                        0       -0.298629014034588                        0       -0.282235218973966       -0.282235218973966                        0
       336                        0       -0.298617694240533                        0       -0.282350751545657       -0.282350751545657                        0
       344                        0       -0.298606958620471                        0       -0.282463021994976       -0.282463021994976                        0
       352                        0       -0.298596764447744                        0       -0.282572187567334       -0.282572187567334                        0
       360                        0       -0.298587073000089                        0       -0.282678394954818       -0.282678394954818                        0
       368                        0       -0.298577849105552                        0       -0.282781781193087       -0.282781781193087                        0
       376                        0       -0.298569060748464                        0       -0.282882474466767       -0.282882474466767                        0
       384                        0       -0.298560678726398                        0       -0.282980594834481       -0.282980594834481                        0
       392                        0       -0.298552676350663                        0       -0.283076254882606       -0.283076254882606                        0
       400                        0       -0.298545029184009                        0       -0.283169560315632       -0.283169560315632                        0
       408                        0       -0.298537714810313                        0       -0.283260610490698       -0.283260610490698                        0
       416                        0       -0.298530712631783                        0        -0.28334949890225        -0.28334949890225                        0
       424                        0       -0.298524003689954                        0       -0.283436313622042       -0.283436313622042                        0
       432                        0       -0.298517570507298                        0       -0.283521137699166       -0.283521137699166                        0
       440                        0       -0.298511396946719                        0       -0.283604049525086       -0.283604049525086                        0
       448                        0       -0.298505468086667                        0       -0.283685123166243       -0.283685123166243                        0
       456                        0       -0.298499770109854                        0       -0.283764428668297       -0.283764428668297                        0
       464                        0       -0.298494290203916                        0       -0.283842032334096       -0.283842032334096                        0
       472                        0       -0.298489016472532                        0       -0.283917996979306       -0.283917996979306                        0
       480                        0       -0.298483937855757                        0        -0.28399238216584        -0.28399238216584                        0
       488                        0       -0.298479044058474                        0       -0.284065244417551       -0.284065244417551                        0
       496                        0       -0.298474325486031                        0       -0.284136637417802       -0.284136637417802                        0
       504                        0       -0.298469773186208                        0       -0.284206612191773       -0.284206612191773                        0
       512                        0       -0.298465378796848                        0       -0.284275217275015       -0.284275217275015                        0
       520                        0       -0.298461134498481                        0       -0.284342498868246       -0.284342498868246                        0
       528                        0       -0.298457032971416                        0       -0.284408500981392       -0.284408500981392                        0
       536                        0       -0.298453067356816                        0       -0.284473265566012       -0.284473265566012                        0
       544                        0       -0.298449231221333                        0       -0.284536832639054       -0.284536832639054                        0
       552                        0       -0.298445518524931                        0       -0.284599240396578       -0.284599240396578                        0
       560                        0        -0.29844192359156                        0       -0.284660525319799       -0.284660525319799                        0
       568                        0       -0.298438441082407                        0       -0.284720722274086       -0.284720722274086                        0
       576                        0       -0.298435065971455                        0       -0.284779864600234       -0.284779864600234                        0
       584                        0        -0.29843179352312                        0       -0.284837984199929       -0.284837984199929                        0
       592                        0       -0.298428619271774                        0       -0.284895111615467       -0.284895111615467                        0
       600                        0       -0.298425539002961                        0       -0.284951276104047       -0.284951276104047                        0
       608                        0       -0.298422548736141                        0       -0.285006505706912       -0.285006505706912                        0
       616                        0       -0.298419644708859                        0       -0.285060827314022       -0.285060827314022                        0
       624                        0       -0.298416823362131                        0       -0.285114266725179       -0.285114266725179                        0
       632                        0        -0.29841408132702                        0        -0.28516684870628        -0.28516684870628                        0
       640                        0       -0.298411415412231                        0       -0.285218597042475       -0.285218597042475                        0
       648                        0        -0.29840882259267                        0       -0.285269534588342       -0.285269534588342                        0
       656                        0        -0.29840629999887                        0       -0.285319683314315       -0.285319683314315                        0
       664                        0       -0.298403844907197                        0       -0.285369064350734       -0.285369064350734                        0
       672                        0         -0.2984014547308                        0       -0.285417698028903       -0.285417698028903                        0
       680                        0       -0.298399127011211                        0       -0.285465603920276       -0.285465603920276                        0
       688                        0        -0.29839685941055                        0       -0.285512800872361       -0.285512800872361                        0
       696                        0       -0.298394649704303                        0       -0.285559307043693       -0.285559307043693                        0
       704                        0       -0.298392495774585                        0       -0.285605139935842       -0.285605139935842                        0
       712                        0       -0.298390395603901                        0       -0.285650316423965       -0.285650316423965                        0
       720                        0       -0.298388347269315                        0       -0.285694852785807       -0.285694852785807                        0
       728                        0       -0.298386348937041                        0       -0.285738764728931       -0.285738764728931                        0
       736                        0       -0.298384398857367                        0       -0.285782067415917       -0.285782067415917                        0
       744                        0       -0.298382495359956                        0       -0.285824775489242       -0.285824775489242                        0
       752                        0       -0.298380636849433                        0       -0.285866903093786       -0.285866903093786                        0
       760                        0       -0.298378821801258                        0       -0.285908463898955       -0.285908463898955                        0
