#square and square, nu_xymn_1
#MM NN: 5 2
#quadrature order: 16
#numpanels            c*(gradu.n)^2                      BEM        0.5*(gradu)^2 ex.       Boundary Formula 1       Boundary Formula 2
        16                        0       -0.416574883559989                        0       -0.323587567184684       -0.323587567184684                        0
        24                        0       -0.399078940759398                        0       -0.340593199820838       -0.340593199820838                        0
        32                        0       -0.393259412853096                        0       -0.342646219752626       -0.342646219752626                        0
        40                        0        -0.38926681253176                        0       -0.344284245830062       -0.344284245830062                        0
        48                        0       -0.386814033498239                        0       -0.345268833787585       -0.345268833787585                        0
        56                        0       -0.385156594301528                        0       -0.346160636431732       -0.346160636431732                        0
        64                        0       -0.383976902019093                        0       -0.346954525856374       -0.346954525856374                        0
        72                        0          -0.383100423943                        0       -0.347681848671698       -0.347681848671698                        0
        80                        0       -0.382426799832048                        0       -0.348350917544411       -0.348350917544411                        0
        88                        0       -0.381894808308517                        0       -0.348969151028597       -0.348969151028597                        0
        96                        0       -0.381465239840354                        0       -0.349542270525889       -0.349542270525889                        0
       104                        0       -0.381111920432015                        0        -0.35007520865626        -0.35007520865626                        0
       112                        0       -0.380816764422729                        0        -0.35057223690374        -0.35057223690374                        0
       120                        0       -0.380566903682205                        0       -0.351037079462348       -0.351037079462348                        0
       128                        0       -0.380352950088874                        0       -0.351472987556956       -0.351472987556956                        0
       136                        0       -0.380167904379678                        0       -0.351882803594698       -0.351882803594698                        0
       144                        0       -0.380006448675923                        0       -0.352269016897352       -0.352269016897352                        0
       152                        0       -0.379864474780977                        0       -0.352633812418035       -0.352633812418035                        0
       160                        0       -0.379738761845019                        0       -0.352979112955705       -0.352979112955705                        0
       168                        0       -0.379626751241305                        0       -0.353306615464327       -0.353306615464327                        0
       176                        0       -0.379526386245218                        0       -0.353617822111327       -0.353617822111327                        0
       184                        0       -0.379435995849242                        0        -0.35391406675731        -0.35391406675731                        0
       192                        0        -0.37935420922451                        0       -0.354196537499335       -0.354196537499335                        0
       200                        0       -0.379279891837639                        0       -0.354466295860926       -0.354466295860926                        0
       208                        0       -0.379212097114537                        0       -0.354724293141859       -0.354724293141859                        0
       216                        0       -0.379150029428933                        0       -0.354971384371808       -0.354971384371808                        0
       224                        0       -0.379093015450376                        0       -0.355208340242979       -0.355208340242979                        0
       232                        0       -0.379040481738789                        0       -0.355435857340383       -0.355435857340383                        0
       240                        0       -0.378991937059635                        0       -0.355654566935845       -0.355654566935845                        0
       248                        0       -0.378946958303944                        0       -0.355865042568913       -0.355865042568913                        0
       256                        0       -0.378905179187979                        0       -0.356067806600241       -0.356067806600241                        0
       264                        0       -0.378866281115636                        0       -0.356263335894253       -0.356263335894253                        0
       272                        0       -0.378829985737788                        0       -0.356452066760467       -0.356452066760467                        0
       280                        0        -0.37879604885366                        0       -0.356634399262748       -0.356634399262748                        0
       288                        0        -0.37876425538133                        0       -0.356810700988068       -0.356810700988068                        0
       296                        0       -0.378734415185955                        0       -0.356981310351839       -0.356981310351839                        0
       304                        0       -0.378706359600537                        0       -0.357146539504584       -0.357146539504584                        0
       312                        0       -0.378679938509355                        0        -0.35730667689489        -0.35730667689489                        0
       320                        0        -0.37865501789117                        0       -0.357461989534554       -0.357461989534554                        0
       328                        0       -0.378631477740212                        0       -0.357612725006807       -0.357612725006807                        0
       336                        0       -0.378609210299182                        0       -0.357759113249702       -0.357759113249702                        0
       344                        0       -0.378588118551237                        0       -0.357901368144244       -0.357901368144244                        0
       352                        0       -0.378568114927911                        0       -0.358039688931918       -0.358039688931918                        0
       360                        0       -0.378549120197952                        0       -0.358174261482444       -0.358174261482444                        0
       368                        0       -0.378531062508293                        0       -0.358305259429876       -0.358305259429876                        0
       376                        0       -0.378513876553547                        0       -0.358432845193718       -0.358432845193718                        0
       384                        0       -0.378497502854446                        0        -0.35855717089702        -0.35855717089702                        0
       392                        0       -0.378481887128997                        0       -0.358678379194843       -0.358678379194843                        0
       400                        0       -0.378466979742811                        0       -0.358796604022599       -0.358796604022599                        0
       408                        0       -0.378452735227271                        0       -0.358911971273198       -0.358911971273198                        0
       416                        0       -0.378439111856014                        0       -0.359024599410863       -0.359024599410863                        0
       424                        0         -0.3784260712717                        0       -0.359134600028772       -0.359134600028772                        0
       432                        0       -0.378413578156271                        0       -0.359242078356492       -0.359242078356492                        0
       440                        0       -0.378401599938915                        0       -0.359347133721741       -0.359347133721741                        0
       448                        0       -0.378390106536853                        0       -0.359449859972104       -0.359449859972104                        0
       456                        0       -0.378379070124705                        0       -0.359550345860327       -0.359550345860327                        0
       464                        0       -0.378368464928894                        0       -0.359648675397403       -0.359648675397403                        0
       472                        0       -0.378358267043931                        0       -0.359744928174949       -0.359744928174949                        0
       480                        0       -0.378348454267983                        0       -0.359839179662693       -0.359839179662693                        0
       488                        0       -0.378339005955359                        0       -0.359931501480222       -0.359931501480222                        0
       496                        0       -0.378329902883981                        0       -0.360021961648296       -0.360021961648296                        0
       504                        0       -0.378321127136053                        0       -0.360110624819847       -0.360110624819847                        0
       512                        0       -0.378312661990473                        0       -0.360197552492588       -0.360197552492588                        0
       520                        0       -0.378304491825629                        0       -0.360282803206457       -0.360282803206457                        0
       528                        0       -0.378296602031462                        0       -0.360366432725046       -0.360366432725046                        0
       536                        0       -0.378288978929767                        0       -0.360448494204524       -0.360448494204524                        0
       544                        0       -0.378281609701872                        0       -0.360529038348829       -0.360529038348829                        0
       552                        0       -0.378274482322884                        0       -0.360608113555273       -0.360608113555273                        0
       560                        0       -0.378267585501853                        0       -0.360685766048452       -0.360685766048452                        0
       568                        0       -0.378260908627221                        0       -0.360762040005127       -0.360762040005127                        0
       576                        0       -0.378254441717032                        0       -0.360836977670482       -0.360836977670482                        0
       584                        0       -0.378248175373427                        0       -0.360910619466539       -0.360910619466539                        0
       592                        0          -0.378242100741                        0       -0.360983004092504       -0.360983004092504                        0
       600                        0       -0.378236209468643                        0       -0.361054168619346       -0.361054168619346                        0
       608                        0       -0.378230493674536                        0       -0.361124148577233       -0.361124148577233                        0
       616                        0       -0.378224945914012                        0       -0.361192978038104       -0.361192978038104                        0
       624                        0       -0.378219559149979                        0       -0.361260689691958       -0.361260689691958                        0
       632                        0       -0.378214326725725                        0       -0.361327314918904       -0.361327314918904                        0
       640                        0       -0.378209242339824                        0        -0.36139288385681        -0.36139288385681                        0
       648                        0       -0.378204300023018                        0       -0.361457425463861       -0.361457425463861                        0
       656                        0       -0.378199494116855                        0       -0.361520967578234       -0.361520967578234                        0
       664                        0       -0.378194819253931                        0       -0.361583536973493       -0.361583536973493                        0
       672                        0       -0.378190270339631                        0       -0.361645159411237       -0.361645159411237                        0
       680                        0       -0.378185842535202                        0       -0.361705859689464       -0.361705859689464                        0
       688                        0       -0.378181531242074                        0        -0.36176566168978        -0.36176566168978                        0
       696                        0       -0.378177332087293                        0       -0.361824588420135       -0.361824588420135                        0
       704                        0       -0.378173240910015                        0       -0.361882662056394       -0.361882662056394                        0
       712                        0       -0.378169253748938                        0        -0.36193990398074        -0.36193990398074                        0
       720                        0       -0.378165366830613                        0       -0.361996334818199       -0.361996334818199                        0
       728                        0       -0.378161576558569                        0       -0.362051974471073       -0.362051974471073                        0
       736                        0       -0.378157879503162                        0       -0.362106842151835       -0.362106842151835                        0
       744                        0        -0.37815427239213                        0       -0.362160956413404       -0.362160956413404                        0
       752                        0       -0.378150752101765                        0       -0.362214335178604       -0.362214335178604                        0
       760                        0       -0.378147315648667                        0        -0.36226699576725        -0.36226699576725                        0
       768                        0       -0.378143960182053                        0       -0.362318954922974       -0.362318954922974                        0
       776                        0       -0.378140682976538                        0       -0.362370228836928       -0.362370228836928                        0
