#square and square, nu_xymn_1
#MM NN: 1 5
#quadrature order: 16
#numpanels            c*(gradu.n)^2                      BEM        0.5*(gradu)^2 ex.       Boundary Formula 1       Boundary Formula 2
        16                        0      -0.0388558017058919                        0       0.0459399223190343       0.0459399223190343                        0
        24                        0      -0.0602020535941521                        0      0.00280132688468256      0.00280132688468256                        0
        32                        0      -0.0688688208501602                        0      -0.0168049253678023      -0.0168049253678023                        0
        40                        0        -0.07273030677681                        0      -0.0268610345246268      -0.0268610345246268                        0
        48                        0      -0.0749239747532074                        0      -0.0331696665116969      -0.0331696665116969                        0
        56                        0       -0.076326993176365                        0      -0.0375267303129736      -0.0375267303129736                        0
        64                        0      -0.0772973249529642                        0      -0.0407593670314283      -0.0407593670314283                        0
        72                        0      -0.0780076476338732                        0      -0.0432778123069083      -0.0432778123069083                        0
        80                        0      -0.0785491585532825                        0      -0.0453116623573595      -0.0453116623573595                        0
        88                        0      -0.0789750129219042                        0      -0.0469994757540507      -0.0469994757540507                        0
        96                        0      -0.0793182353931677                        0      -0.0484302877604336      -0.0484302877604336                        0
       104                        0       -0.079600418532367                        0      -0.0496641133854928      -0.0496641133854928                        0
       112                        0      -0.0798362684447222                        0       -0.050743028802468       -0.050743028802468                        0
       120                        0      -0.0800361426909749                        0      -0.0516975022709374      -0.0516975022709374                        0
       128                        0      -0.0802075436877114                        0      -0.0525502031910902      -0.0525502031910902                        0
       136                        0       -0.080356036786313                        0      -0.0533183913521676      -0.0533183913521676                        0
       144                        0      -0.0804858358696927                        0      -0.0540154704474997      -0.0540154704474997                        0
       152                        0      -0.0806001888760722                        0      -0.0546520298210439      -0.0546520298210439                        0
       160                        0       -0.080701638655522                        0      -0.0552365620439607      -0.0552365620439607                        0
       168                        0      -0.0807922037555398                        0      -0.0557759689700749      -0.0557759689700749                        0
       176                        0      -0.0808735063926679                        0      -0.0562759261240156      -0.0562759261240156                        0
       184                        0      -0.0809468647590527                        0      -0.0567411499828894      -0.0567411499828894                        0
       192                        0      -0.0810133607340335                        0      -0.0571755973056219      -0.0571755973056219                        0
       200                        0      -0.0810738903127205                        0      -0.0575826160195574      -0.0575826160195574                        0
       208                        0      -0.0811292016818427                        0      -0.0579650609881304      -0.0579650609881304                        0
       216                        0      -0.0811799243297926                        0      -0.0583253839302916      -0.0583253839302916                        0
       224                        0      -0.0812265915572889                        0      -0.0586657040476735      -0.0586657040476735                        0
       232                        0      -0.0812696580677878                        0      -0.0589878640708265      -0.0589878640708265                        0
       240                        0      -0.0813095138460801                        0      -0.0592934751555425      -0.0592934751555425                        0
       248                        0      -0.0813464952061546                        0      -0.0595839531615091      -0.0595839531615091                        0
       256                        0       -0.081380893658468                        0      -0.0598605482034696      -0.0598605482034696                        0
       264                        0      -0.0814129630817412                        0      -0.0601243689035251      -0.0601243689035251                        0
       272                        0      -0.0814429255650191                        0      -0.0603764024326852      -0.0603764024326852                        0
       280                        0      -0.0814709761983569                        0      -0.0606175311804464      -0.0606175311804464                        0
       288                        0      -0.0814972870259325                        0      -0.0608485467037929      -0.0608485467037929                        0
       296                        0      -0.0815220103272022                        0      -0.0610701614661247      -0.0610701614661247                        0
       304                        0       -0.081545281355321                        0       -0.061283018768798       -0.061283018768798                        0
       312                        0      -0.0815672206345049                        0      -0.0614877011957942      -0.0614877011957942                        0
       320                        0      -0.0815879358968108                        0      -0.0616847378275046      -0.0616847378275046                        0
       328                        0      -0.0816075237225077                        0      -0.0618746104316782      -0.0618746104316782                        0
       336                        0      -0.0816260709354871                        0      -0.0620577587976865      -0.0620577587976865                        0
       344                        0      -0.0816436557952431                        0       -0.062234585351637       -0.062234585351637                        0
       352                        0      -0.0816603490190825                        0      -0.0624054591643751      -0.0624054591643751                        0
       360                        0      -0.0816762146620525                        0      -0.0625707194445238      -0.0625707194445238                        0
       368                        0       -0.081691310877081                        0      -0.0627306785929879      -0.0627306785929879                        0
       376                        0      -0.0817056905738869                        0      -0.0628856248834423      -0.0628856248834423                        0
       384                        0      -0.0817194019919772                        0      -0.0630358248205621      -0.0630358248205621                        0
       392                        0      -0.0817324892005077                        0      -0.0631815252220791      -0.0631815252220791                        0
       400                        0      -0.0817449925355973                        0      -0.0633229550616347      -0.0633229550616347                        0
       408                        0      -0.0817569489840529                        0      -0.0634603271042941      -0.0634603271042941                        0
       416                        0      -0.0817683925209448                        0       -0.063593839361733       -0.063593839361733                        0
       424                        0      -0.0817793544073895                        0      -0.0637236763905296      -0.0637236763905296                        0
       432                        0      -0.0817898634538724                        0      -0.0638500104531464      -0.0638500104531464                        0
       440                        0      -0.0817999462536624                        0      -0.0639730025578756      -0.0639730025578756                        0
       448                        0      -0.0818096273901928                        0      -0.0640928033931448      -0.0640928033931448                        0
       456                        0      -0.0818189296217199                        0      -0.0642095541683163      -0.0642095541683163                        0
       464                        0      -0.0818278740461077                        0      -0.0643233873723784      -0.0643233873723784                        0
       472                        0      -0.0818364802481746                        0      -0.0644344274583494      -0.0644344274583494                        0
       480                        0      -0.0818447664317114                        0      -0.0645427914643531      -0.0645427914643531                        0
       488                        0       -0.081852749537991                        0      -0.0646485895753613      -0.0646485895753613                        0
       496                        0      -0.0818604453523566                        0      -0.0647519256347013      -0.0647519256347013                        0
       504                        0      -0.0818678686002446                        0      -0.0648528976090408      -0.0648528976090408                        0
       512                        0      -0.0818750330338531                        0      -0.0649515980117632      -0.0649515980117632                        0
       520                        0      -0.0818819515104935                        0      -0.0650481142905096      -0.0650481142905096                        0
       528                        0      -0.0818886360635347                        0      -0.0651425291804545      -0.0651425291804545                        0
       536                        0      -0.0818950979667441                        0      -0.0652349210287035      -0.0652349210287035                        0
       544                        0       -0.081901347792729                        0       -0.065325364090492       -0.065325364090492                        0
       552                        0      -0.0819073954660976                        0      -0.0654139288027208      -0.0654139288027208                        0
       560                        0      -0.0819132503118808                        0      -0.0655006820342027      -0.0655006820342027                        0
       568                        0      -0.0819189210997068                        0      -0.0655856873164737      -0.0655856873164737                        0
       576                        0      -0.0819244160841476                        0      -0.0656690050565759      -0.0656690050565759                        0
       584                        0      -0.0819297430416212                        0      -0.0657506927335843      -0.0657506927335843                        0
       592                        0      -0.0819349093041852                        0      -0.0658308050795331      -0.0658308050795331                        0
       600                        0      -0.0819399217905261                        0      -0.0659093942476512      -0.0659093942476512                        0
       608                        0      -0.0819447870343945                        0      -0.0659865099673486      -0.0659865099673486                        0
       616                        0      -0.0819495112107596                        0       -0.066062199688702       -0.066062199688702                        0
       624                        0      -0.0819541001598516                        0      -0.0661365087156292      -0.0661365087156292                        0
       632                        0      -0.0819585594093254                        0      -0.0662094803302348      -0.0662094803302348                        0
       640                        0       -0.081962894194688                        0      -0.0662811559085411      -0.0662811559085411                        0
       648                        0      -0.0819671094781566                        0      -0.0663515750274137      -0.0663515750274137                        0
       656                        0      -0.0819712099660863                        0      -0.0664207755650855      -0.0664207755650855                        0
       664                        0      -0.0819752001250875                        0      -0.0664887937943087      -0.0664887937943087                        0
       672                        0      -0.0819790841969485                        0      -0.0665556644698404      -0.0665556644698404                        0
       680                        0      -0.0819828662124621                        0      -0.0666214209091157      -0.0666214209091157                        0
       688                        0      -0.0819865500042549                        0      -0.0666860950692386      -0.0666860950692386                        0
       696                        0      -0.0819901392186943                        0      -0.0667497176174428      -0.0667497176174428                        0
       704                        0      -0.0819936373269555                        0      -0.0668123179982827      -0.0668123179982827                        0
       712                        0      -0.0819970476353117                        0      -0.0668739244958613      -0.0668739244958613                        0
       720                        0      -0.0820003732947099                        0      -0.0669345642924841      -0.0669345642924841                        0
       728                        0      -0.0820036173097012                        0      -0.0669942635236577      -0.0669942635236577                        0
       736                        0      -0.0820067825467507                        0      -0.0670530473300979      -0.0670530473300979                        0
       744                        0       -0.082009871742008                        0      -0.0671109399058655      -0.0671109399058655                        0
       752                        0      -0.0820128875085479                        0      -0.0671679645443982      -0.0671679645443982                        0
       760                        0       -0.082015832343144                        0      -0.0672241436811296      -0.0672241436811296                        0
