#square and square, nu_xymn_1
#MM NN: 5 1
#quadrature order: 16
#numpanels            c*(gradu.n)^2                      BEM        0.5*(gradu)^2 ex.       Boundary Formula 1       Boundary Formula 2
        16                        0       -0.306752536169075                        0       -0.211201638345367       -0.211201638345367                        0
        24                        0       -0.292781735629703                        0       -0.230911965720178       -0.230911965720178                        0
        32                        0       -0.288653199327003                        0       -0.236527186463468       -0.236527186463468                        0
        40                        0       -0.285981028215126                        0          -0.240258234631          -0.240258234631                        0
        48                        0       -0.284410574210839                        0       -0.242711256264972       -0.242711256264972                        0
        56                        0       -0.283383267052006                        0       -0.244616365547425       -0.244616365547425                        0
        64                        0       -0.282670448021716                        0       -0.246149395474826       -0.246149395474826                        0
        72                        0       -0.282151970639447                        0       -0.247431726672763       -0.247431726672763                        0
        80                        0       -0.281760551041944                        0       -0.248529378170508       -0.248529378170508                        0
        88                        0       -0.281456135198366                        0       -0.249485965700124       -0.249485965700124                        0
        96                        0        -0.28121359097333                        0       -0.250331225278967       -0.250331225278967                        0
       104                        0       -0.281016436714632                        0       -0.251086496437656       -0.251086496437656                        0
       112                        0        -0.28085345982574                        0        -0.25176760220477        -0.25176760220477                        0
       120                        0       -0.280716791825591                        0       -0.252386604482632       -0.252386604482632                        0
       128                        0         -0.2806007627329                        0       -0.252952905598317       -0.252952905598317                        0
       136                        0       -0.280501192312087                        0       -0.253473973389678       -0.253473973389678                        0
       144                        0       -0.280414936661108                        0       -0.253955834452514       -0.253955834452514                        0
       152                        0       -0.280339589554279                        0       -0.254403419596644       -0.254403419596644                        0
       160                        0       -0.280273280605991                        0       -0.254820811772998       -0.254820811772998                        0
       168                        0       -0.280214535731979                        0       -0.255211427806684       -0.255211427806684                        0
       176                        0        -0.28016217870583                        0       -0.255578154085307       -0.255578154085307                        0
       184                        0       -0.280115260434889                        0       -0.255923449525428       -0.255923449525428                        0
       192                        0       -0.280073007311489                        0       -0.256249424842994       -0.256249424842994                        0
       200                        0       -0.280034782930692                        0       -0.256557904373501       -0.256557904373501                        0
       208                        0       -0.280000059329444                        0       -0.256850474846641       -0.256850474846641                        0
       216                        0       -0.279968395110587                        0       -0.257128524277053       -0.257128524277053                        0
       224                        0       -0.279939418614009                        0       -0.257393273272193       -0.257393273272193                        0
       232                        0       -0.279912814834724                        0       -0.257645800458998       -0.257645800458998                        0
       240                        0       -0.279888315155196                        0        -0.25788706330141        -0.25788706330141                        0
       248                        0       -0.279865689214176                        0       -0.258117915271958       -0.258117915271958                        0
       256                        0       -0.279844738413885                        0       -0.258339120113427       -0.258339120113427                        0
       264                        0       -0.279825290695197                        0       -0.258551363760756       -0.258551363760756                        0
       272                        0       -0.279807196302755                        0       -0.258755264366091       -0.258755264366091                        0
       280                        0       -0.279790324329204                        0       -0.258951380776062       -0.258951380776062                        0
       288                        0       -0.279774559877274                        0       -0.259140219737772       -0.259140219737772                        0
       296                        0       -0.279759801715364                        0        -0.25932224205431        -0.25932224205431                        0
       304                        0       -0.279745960329907                        0        -0.25949786786709        -0.25949786786709                        0
       312                        0       -0.279732956298801                        0       -0.259667481208677       -0.259667481208677                        0
       320                        0       -0.279720718926174                        0       -0.259831433942429       -0.259831433942429                        0
       328                        0       -0.279709185091083                        0        -0.25999004918592        -0.25999004918592                        0
       336                        0       -0.279698298272255                        0       -0.260143624295484       -0.260143624295484                        0
       344                        0       -0.279688007718451                        0       -0.260292433477812       -0.260292433477812                        0
       352                        0       -0.279678267739836                        0        -0.26043673008283        -0.26043673008283                        0
       360                        0       -0.279669037100402                        0       -0.260576748622817       -0.260576748622817                        0
       368                        0       -0.279660278495102                        0       -0.260712706555687       -0.260712706555687                        0
       376                        0       -0.279651958098334                        0       -0.260844805865265       -0.260844805865265                        0
       384                        0       -0.279644045172715                        0       -0.260973234464163       -0.260973234464163                        0
       392                        0       -0.279636511729039                        0       -0.261098167443631       -0.261098167443631                        0
       400                        0       -0.279629332229808                        0       -0.261219768189321       -0.261219768189321                        0
       408                        0       -0.279622483329993                        0       -0.261338189379663       -0.261338189379663                        0
       416                        0       -0.279615943649732                        0       -0.261453573881255       -0.261453573881255                        0
       424                        0       -0.279609693574484                        0       -0.261566055553944       -0.261566055553944                        0
       432                        0        -0.27960371507887                        0       -0.261675759976187       -0.261675759976187                        0
       440                        0        -0.27959799157102                        0       -0.261782805099306       -0.261782805099306                        0
       448                        0       -0.279592507754699                        0        -0.26188730183948        -0.26188730183948                        0
       456                        0         -0.2795872495069                        0       -0.261989354614083       -0.261989354614083                        0
       464                        0       -0.279582203768954                        0       -0.262089061828934       -0.262089061828934                        0
       472                        0       -0.279577358449423                        0       -0.262186516320251       -0.262186516320251                        0
       480                        0       -0.279572702337353                        0       -0.262281805758687       -0.262281805758687                        0
       488                        0       -0.279568225024602                        0       -0.262375013016434       -0.262375013016434                        0
       496                        0       -0.279563916836203                        0       -0.262466216503832       -0.262466216503832                        0
       504                        0       -0.279559768767747                        0       -0.262555490476911       -0.262555490476911                        0
       512                        0       -0.279555772429063                        0       -0.262642905318807       -0.262642905318807                        0
       520                        0       -0.279551919993399                        0       -0.262728527799047       -0.262728527799047                        0
       528                        0       -0.279548204151536                        0       -0.262812421310808       -0.262812421310808                        0
       536                        0       -0.279544618070269                        0       -0.262894646090155       -0.262894646090155                        0
       544                        0       -0.279541155354793                        0       -0.262975259416828       -0.262975259416828                        0
       552                        0       -0.279537810014564                        0       -0.263054315801003       -0.263054315801003                        0
       560                        0        -0.27953457643227                        0         -0.2631318671546         -0.2631318671546                        0
       568                        0         -0.2795314493356                        0       -0.263207962950104       -0.263207962950104                        0
       576                        0       -0.279528423771506                        0       -0.263282650367648       -0.263282650367648                        0
       584                        0       -0.279525495082721                        0       -0.263355974431485       -0.263355974431485                        0
       592                        0       -0.279522658886296                        0       -0.263427978135954       -0.263427978135954                        0
       600                        0       -0.279519911053968                        0       -0.263498702563359       -0.263498702563359                        0
       608                        0       -0.279517247694166                        0       -0.263568186992752       -0.263568186992752                        0
       616                        0        -0.27951466513552                        0       -0.263636469001969       -0.263636469001969                        0
       624                        0       -0.279512159911711                        0       -0.263703584561803       -0.263703584561803                        0
       632                        0       -0.279509728747538                        0       -0.263769568124394       -0.263769568124394                        0
       640                        0       -0.279507368546109                        0       -0.263834452705869       -0.263834452705869                        0
       648                        0       -0.279505076377022                        0       -0.263898269962715       -0.263898269962715                        0
       656                        0       -0.279502849465491                        0       -0.263961050264094       -0.263961050264094                        0
       664                        0       -0.279500685182268                        0       -0.264022822758912       -0.264022822758912                        0
       672                        0       -0.279498581034375                        0       -0.264083615439168       -0.264083615439168                        0
       680                        0       -0.279496534656494                        0       -0.264143455198281       -0.264143455198281                        0
       688                        0       -0.279494543803005                        0       -0.264202367887351       -0.264202367887351                        0
       696                        0       -0.279492606340628                        0        -0.26426037836639        -0.26426037836639                        0
       704                        0       -0.279490720241558                        0       -0.264317510553646       -0.264317510553646                        0
       712                        0       -0.279488883577132                        0       -0.264373787471234       -0.264373787471234                        0
       720                        0       -0.279487094511911                        0       -0.264429231288338       -0.264429231288338                        0
       728                        0       -0.279485351298203                        0       -0.264483863361823       -0.264483863361823                        0
       736                        0       -0.279483652270937                        0       -0.264537704274839       -0.264537704274839                        0
       744                        0       -0.279481995842919                        0       -0.264590773872449       -0.264590773872449                        0
       752                        0       -0.279480380500386                        0       -0.264643091296005       -0.264643091296005                        0
       760                        0       -0.279478804798858                        0       -0.264694675014857       -0.264694675014857                        0
