#square and square, nu_xymn_2
#MM NN: 2 2
#quadrature order: 16
#numpanels            c*(gradu.n)^2                      BEM        0.5*(gradu)^2 ex.       Boundary Formula 1       Boundary Formula 2
        16                        0        0.355289863772184                        0        0.306841061351986        0.306841061351986                        0
        24                        0        0.360612199107088                        0        0.322966607869234        0.322966607869234                        0
        32                        0        0.362264063673957                        0        0.324913378631551        0.324913378631551                        0
        40                        0        0.361862681458955                        0        0.326466632560605        0.326466632560605                        0
        48                        0        0.361403516616539                        0        0.327400265507342        0.327400265507342                        0
        56                        0        0.360996271316344                        0          0.3282459150242          0.3282459150242                        0
        64                        0         0.36066321387122                        0        0.328998718587604        0.328998718587604                        0
        72                        0        0.360393240677039                        0        0.329688400538467        0.329688400538467                        0
        80                        0        0.360172746616331                        0        0.330322843341067        0.330322843341067                        0
        88                        0        0.359990544073589                        0        0.330909081619935        0.330909081619935                        0
        96                        0         0.35983813161506                        0        0.331452540679204        0.331452540679204                        0
       104                        0        0.359709149590616                        0        0.331957897862604        0.331957897862604                        0
       112                        0        0.359598828030796                        0         0.33242920359385         0.33242920359385                        0
       120                        0        0.359503554587004                        0        0.332869989330129        0.332869989330129                        0
       128                        0        0.359420560642779                        0        0.333283338036845        0.333283338036845                        0
       136                        0        0.359347697611408                        0        0.333671945019056        0.333671945019056                        0
       144                        0        0.359283277642967                        0        0.334038170769707        0.334038170769707                        0
       152                        0         0.35922595941042                        0        0.334384087164842        0.334384087164842                        0
       160                        0        0.359174665378882                        0        0.334711517493488        0.334711517493488                        0
       168                        0        0.359128521188435                        0        0.335022070887796        0.335022070887796                        0
       176                        0        0.359086810714002                        0        0.335317171774029        0.335317171774029                        0
       184                        0        0.359048942359947                        0        0.335598084982099        0.335598084982099                        0
       192                        0        0.359014423497564                        0        0.335865937121969        0.335865937121969                        0
       200                        0          0.3589828408716                        0         0.33612173478033         0.33612173478033                        0
       208                        0        0.358953845430823                        0         0.33636638002494         0.33636638002494                        0
       216                        0        0.358927140472398                        0        0.336600683635266        0.336600683635266                        0
       224                        0        0.358902472293666                        0        0.336825376418182        0.336825376418182                        0
       232                        0         0.35887962275937                        0        0.337041118908663        0.337041118908663                        0
       240                        0        0.358858403345463                        0        0.337248509708635        0.337248509708635                        0
       248                        0        0.358838650330935                        0        0.337448092675279        0.337448092675279                        0
       256                        0        0.358820220889481                        0        0.337640363135843        0.337640363135843                        0
       264                        0        0.358802989891839                        0         0.33782577327578         0.33782577327578                        0
       272                        0        0.358786847273501                        0        0.338004736824363        0.338004736824363                        0
       280                        0        0.358771695855246                        0        0.338177633141097        0.338177633141097                        0
       288                        0        0.358757449528701                        0        0.338344810789423        0.338344810789423                        0
       296                        0        0.358744031737981                        0          0.3385065906709          0.3385065906709                        0
       304                        0        0.358731374202832                        0        0.338663268781435        0.338663268781435                        0
       312                        0         0.35871941583989                        0        0.338815118641454        0.338815118641454                        0
       320                        0        0.358708101847278                        0        0.338962393444381        0.338962393444381                        0
       328                        0        0.358697382924548                        0        0.339105327960356        0.339105327960356                        0
       336                        0        0.358687214605322                        0        0.339244140227499        0.339244140227499                        0
       344                        0        0.358677556684149                        0        0.339379033057935        0.339379033057935                        0
       352                        0         0.35866837272252                        0        0.339510195381869        0.339510195381869                        0
       360                        0         0.35865962962162                        0         0.33963780344969         0.33963780344969                        0
       368                        0        0.358651297251586                        0        0.339762021909606        0.339762021909606                        0
       376                        0        0.358643348128781                        0        0.339883004775312        0.339883004775312                        0
       384                        0        0.358635757134011                        0        0.340000896297123        0.340000896297123                        0
       392                        0        0.358628501265789                        0        0.340115831747453        0.340115831747453                        0
       400                        0        0.358621559423674                        0        0.340227938130144        0.340227938130144                        0
       408                        0        0.358614912217523                        0        0.340337334822692        0.340337334822692                        0
       416                        0        0.358608541799124                        0        0.340444134158582        0.340444134158582                        0
       424                        0        0.358602431713211                        0        0.340548441955936        0.340548441955936                        0
       432                        0        0.358596566765336                        0        0.340650357998153        0.340650357998153                        0
       440                        0        0.358590932904399                        0        0.340749976472498        0.340749976472498                        0
       448                        0        0.358585517118011                        0        0.340847386369722        0.340847386369722                        0
       456                        0        0.358580307339062                        0        0.340942671849617        0.340942671849617                        0
       464                        0        0.358575292362141                        0        0.341035912574986        0.341035912574986                        0
       472                        0        0.358570461768626                        0        0.341127184018787        0.341127184018787                        0
       480                        0        0.358565805859404                        0        0.341216557744598        0.341216557744598                        0
       488                        0        0.358561315594333                        0        0.341304101665773        0.341304101665773                        0
       496                        0        0.358556982537697                        0        0.341389880282814        0.341389880282814                        0
       504                        0        0.358552798808938                        0        0.341473954902426        0.341473954902426                        0
       512                        0        0.358548757038124                        0        0.341556383840024        0.341556383840024                        0
       520                        0        0.358544850325596                        0        0.341637222605721        0.341637222605721                        0
       528                        0        0.358541072205364                        0        0.341716524077402        0.341716524077402                        0
       536                        0        0.358537416611855                        0        0.341794338659818        0.341794338659818                        0
       544                        0        0.358533877849652                        0        0.341870714433295        0.341870714433295                        0
       552                        0        0.358530450565921                        0        0.341945697290358        0.341945697290358                        0
       560                        0        0.358527129725255                        0        0.342019331063149        0.342019331063149                        0
       568                        0        0.358523910586687                        0        0.342091657642376        0.342091657642376                        0
       576                        0        0.358520788682664                        0        0.342162717086969        0.342162717086969                        0
       584                        0        0.358517759799785                        0        0.342232547726771        0.342232547726771                        0
       592                        0        0.358514819961134                        0        0.342301186258318        0.342301186258318                        0
       600                        0         0.35851196541006                        0        0.342368667834108        0.342368667834108                        0
       608                        0        0.358509192595269                        0        0.342435026145664        0.342435026145664                        0
       616                        0          0.3585064981571                        0        0.342500293501245        0.342500293501245                        0
       624                        0        0.358503878914879                        0        0.342564500899288        0.342564500899288                        0
       632                        0        0.358501331855262                        0        0.342627678095993        0.342627678095993                        0
       640                        0        0.358498854121468                        0        0.342689853669192        0.342689853669192                        0
       648                        0        0.358496443003323                        0        0.342751055078639        0.342751055078639                        0
       656                        0        0.358494095928067                        0        0.342811308721787        0.342811308721787                        0
       664                        0        0.358491810451816                        0        0.342870639986719        0.342870639986719                        0
       672                        0        0.358489584251672                        0        0.342929073301475        0.342929073301475                        0
       680                        0        0.358487415118385                        0        0.342986632181137        0.342986632181137                        0
       688                        0        0.358485300949551                        0        0.343043339270966        0.343043339270966                        0
       696                        0        0.358483239743284                        0        0.343099216388425        0.343099216388425                        0
       704                        0         0.35848122959233                        0        0.343154284561632        0.343154284561632                        0
       712                        0        0.358479268678597                        0        0.343208564066071        0.343208564066071                        0
       720                        0        0.358477355268036                        0        0.343262074459435        0.343262074459435                        0
       728                        0        0.358475487705897                        0        0.343314834614347        0.343314834614347                        0
       736                        0        0.358473664412277                        0        0.343366862748629        0.343366862748629                        0
       744                        0        0.358471883877974                        0        0.343418176455203        0.343418176455203                        0
       752                        0        0.358470144660616                        0        0.343468792729129        0.343468792729129                        0
       760                        0        0.358468445381026                        0        0.343518727994182        0.343518727994182                        0
       768                        0        0.358466784719836                        0         0.34356799812712         0.34356799812712                        0
