#square and square, nu_xymn_2
#MM NN: 5 3
#quadrature order: 16
#numpanels            c*(gradu.n)^2                      BEM        0.5*(gradu)^2 ex.       Boundary Formula 1       Boundary Formula 2
        16                        0      -0.0096424822112861                        0      0.00770441563045817      0.00770441563045817                        0
        24                        0      -0.0114544456799855                        0     0.000469800242291182     0.000469800242291182                        0
        32                        0      -0.0124694605573859                        0     -0.00281829230735874     -0.00281829230735874                        0
        40                        0      -0.0128564387065268                        0     -0.00450476543701249     -0.00450476543701249                        0
        48                        0      -0.0130691737986775                        0     -0.00556276293536329     -0.00556276293536329                        0
        56                        0      -0.0132027997341626                        0     -0.00629347010157097     -0.00629347010157097                        0
        64                        0      -0.0132947144824519                        0     -0.00683560373184185     -0.00683560373184185                        0
        72                        0      -0.0133621273801329                        0     -0.00725796293851149     -0.00725796293851149                        0
        80                        0      -0.0134137746824391                        0     -0.00759905245994456     -0.00759905245994456                        0
        88                        0      -0.0134546520962841                        0     -0.00788210944520543     -0.00788210944520543                        0
        96                        0      -0.0134878288356722                        0     -0.00812206567130038     -0.00812206567130038                        0
       104                        0      -0.0135153002198826                        0     -0.00832898603490901     -0.00832898603490901                        0
       112                        0      -0.0135384223272654                        0     -0.00850992697652977     -0.00850992697652977                        0
       120                        0      -0.0135581505019935                        0     -0.00866999821605977     -0.00866999821605977                        0
       128                        0      -0.0135751780318567                        0     -0.00881300155532941     -0.00881300155532941                        0
       136                        0      -0.0135900207142348                        0     -0.00894183157018827     -0.00894183157018827                        0
       144                        0      -0.0136030705146369                        0     -0.00905873614482899     -0.00905873614482899                        0
       152                        0      -0.0136146307843917                        0     -0.00916549117922759     -0.00916549117922759                        0
       160                        0      -0.0136249400563053                        0     -0.00926352093129325     -0.00926352093129325                        0
       168                        0      -0.0136341885335239                        0     -0.00935398288558151     -0.00935398288558151                        0
       176                        0      -0.0136425297706943                        0      -0.0094378288634718      -0.0094378288634718                        0
       184                        0      -0.0136500891124303                        0     -0.00951584984803025     -0.00951584984803025                        0
       192                        0      -0.0136569698961293                        0      -0.0095887094127709      -0.0095887094127709                        0
       200                        0      -0.0136632580829597                        0     -0.00965696902625753     -0.00965696902625753                        0
       208                        0      -0.0136690257641562                        0     -0.00972110746719008     -0.00972110746719008                        0
       216                        0      -0.0136743338496665                        0     -0.00978153590431986     -0.00978153590431986                        0
       224                        0      -0.0136792341538146                        0     -0.00983860974117012     -0.00983860974117012                        0
       232                        0      -0.0136837710303517                        0     -0.00989263801532365     -0.00989263801532365                        0
       240                        0       -0.013687982666756                        0      -0.0099438909278133      -0.0099438909278133                        0
       248                        0      -0.0136919021179687                        0     -0.00999260592723525     -0.00999260592723525                        0
       256                        0      -0.0136955581388663                        0      -0.0100389926657618      -0.0100389926657618                        0
       264                        0      -0.0136989758597983                        0      -0.0100832370663365      -0.0100832370663365                        0
       272                        0      -0.0137021773386831                        0      -0.0101255046837703      -0.0101255046837703                        0
       280                        0      -0.0137051820152223                        0      -0.0101659435003625      -0.0101659435003625                        0
       288                        0      -0.0137080070869197                        0      -0.0102046862652383      -0.0102046862652383                        0
       296                        0      -0.0137106678221529                        0      -0.0102418524630221      -0.0102418524630221                        0
       304                        0      -0.0137131778222866                        0      -0.0102775499794209      -0.0102775499794209                        0
       312                        0      -0.0137155492422317                        0      -0.0103118765174234      -0.0103118765174234                        0
       320                        0      -0.0137177929769438                        0      -0.0103449208071888      -0.0103449208071888                        0
       328                        0      -0.0137199188198439                        0      -0.0103767636442152      -0.0103767636442152                        0
       336                        0      -0.0137219355979634                        0       -0.010407478783958       -0.010407478783958                        0
       344                        0      -0.0137238512877104                        0      -0.0104371337158247      -0.0104371337158247                        0
       352                        0       -0.013725673114421                        0      -0.0104657903353286      -0.0104657903353286                        0
       360                        0      -0.0137274076382806                        0      -0.0104935055298893      -0.0104935055298893                        0
       368                        0      -0.0137290608287441                        0      -0.0105203316911424      -0.0105203316911424                        0
       376                        0       -0.013730638129206                        0      -0.0105463171643793      -0.0105463171643793                        0
       384                        0      -0.0137321445133847                        0      -0.0105715066441251      -0.0105715066441251                        0
       392                        0       -0.013733584534623                        0      -0.0105959415232952      -0.0105959415232952                        0
       400                        0      -0.0137349623691258                        0      -0.0106196602022094      -0.0106196602022094                        0
       408                        0      -0.0137362818539831                        0      -0.0106426983628934      -0.0106426983628934                        0
       416                        0      -0.0137375465207031                        0      -0.0106650892131741      -0.0106650892131741                        0
       424                        0      -0.0137387596248548                        0      -0.0106868637043879      -0.0106868637043879                        0
       432                        0      -0.0137399241723292                        0      -0.0107080507259971      -0.0107080507259971                        0
       440                        0      -0.0137410429426804                        0      -0.0107286772801129      -0.0107286772801129                        0
       448                        0      -0.0137421185098947                        0      -0.0107487686381422      -0.0107487686381422                        0
       456                        0      -0.0137431532609296                        0      -0.0107683484818262      -0.0107683484818262                        0
       464                        0       -0.013744149412285                        0      -0.0107874390303419      -0.0107874390303419                        0
       472                        0      -0.0137451090248487                        0      -0.0108060611553166      -0.0108060611553166                        0
       480                        0      -0.0137460340172309                        0      -0.0108242344847179      -0.0108242344847179                        0
       488                        0      -0.0137469261777439                        0      -0.0108419774973081      -0.0108419774973081                        0
       496                        0      -0.0137477871752055                        0      -0.0108593076082687      -0.0108593076082687                        0
       504                        0       -0.013748618568686                        0      -0.0108762412471855      -0.0108762412471855                        0
       512                        0      -0.0137494218163211                        0      -0.0108927939291991      -0.0108927939291991                        0
       520                        0      -0.0137501982832909                        0      -0.0109089803197951      -0.0109089803197951                        0
       528                        0      -0.0137509492490585                        0      -0.0109248142942194      -0.0109248142942194                        0
       536                        0      -0.0137516759139445                        0      -0.0109403089917028      -0.0109403089917028                        0
       544                        0        -0.01375237940511                        0      -0.0109554768653934      -0.0109554768653934                        0
       552                        0      -0.0137530607820043                        0      -0.0109703297279875      -0.0109703297279875                        0
       560                        0      -0.0137537210413371                        0      -0.0109848787937744      -0.0109848787937744                        0
       568                        0      -0.0137543611216202                        0       -0.010999134717429       -0.010999134717429                        0
       576                        0      -0.0137549819073227                        0      -0.0110131076296018      -0.0110131076296018                        0
       584                        0       -0.013755584232676                        0      -0.0110268071698599      -0.0110268071698599                        0
       592                        0      -0.0137561688851644                        0      -0.0110402425171299      -0.0110402425171299                        0
       600                        0       -0.013756736608726                        0      -0.0110534224178455      -0.0110534224178455                        0
       608                        0      -0.0137572881067053                        0      -0.0110663552119669      -0.0110663552119669                        0
       616                        0      -0.0137578240445547                        0      -0.0110790488571107      -0.0110790488571107                        0
       624                        0      -0.0137583450523391                        0      -0.0110915109510696      -0.0110915109510696                        0
       632                        0      -0.0137588517270356                        0      -0.0111037487525412      -0.0111037487525412                        0
       640                        0      -0.0137593446346626                        0      -0.0111157692004929      -0.0111157692004929                        0
       648                        0       -0.013759824312242                        0      -0.0111275789322537      -0.0111275789322537                        0
       656                        0       -0.013760291269619                        0      -0.0111391843002393      -0.0111391843002393                        0
       664                        0       -0.013760745991149                        0      -0.0111505913876392      -0.0111505913876392                        0
       672                        0      -0.0137611889372533                        0       -0.011161806022992       -0.011161806022992                        0
       680                        0      -0.0137616205458712                        0      -0.0111728337939158      -0.0111728337939158                        0
       688                        0      -0.0137620412338024                        0      -0.0111836800597516      -0.0111836800597516                        0
       696                        0      -0.0137624513979574                        0      -0.0111943499636273      -0.0111943499636273                        0
       704                        0      -0.0137628514165212                        0      -0.0112048484435662      -0.0112048484435662                        0
       712                        0      -0.0137632416500342                        0       -0.011215180242973       -0.011215180242973                        0
       720                        0      -0.0137636224424032                        0       -0.011225349920503       -0.011225349920503                        0
       728                        0      -0.0137639941218372                        0      -0.0112353618592982      -0.0112353618592982                        0
