#square and square, nu_xymn_1
#MM NN: 4 3
#quadrature order: 16
#numpanels            c*(gradu.n)^2                      BEM        0.5*(gradu)^2 ex.       Boundary Formula 1       Boundary Formula 2
        16                        0       -0.222192175053917                        0       -0.236127663297581       -0.236127663297581                        0
        24                        0       -0.216256343642603                        0       -0.227591656169381       -0.227591656169381                        0
        32                        0       -0.213137606668476                        0       -0.219094924866145       -0.219094924866145                        0
        40                        0       -0.210653810476494                        0       -0.214340331780508       -0.214340331780508                        0
        48                        0       -0.208985960576561                        0       -0.211095273166554       -0.211095273166554                        0
        56                        0       -0.207792255451331                        0       -0.208886202638119       -0.208886202638119                        0
        64                        0       -0.206906951142084                        0       -0.207288193256204       -0.207288193256204                        0
        72                        0       -0.206227610998808                        0        -0.20609397531945        -0.20609397531945                        0
        80                        0       -0.205691806485475                        0       -0.205174152538961       -0.205174152538961                        0
        88                        0       -0.205259518395419                        0       -0.204448721755942       -0.204448721755942                        0
        96                        0       -0.204904107556653                        0       -0.203865196080675       -0.203865196080675                        0
       104                        0       -0.204607221887689                        0       -0.203388010849005       -0.203388010849005                        0
       112                        0       -0.204355841998018                        0       -0.202992284667401       -0.202992284667401                        0
       120                        0       -0.204140494088127                        0       -0.202660146803911       -0.202660146803911                        0
       128                        0       -0.203954130681667                        0       -0.202378463908858       -0.202378463908858                        0
       136                        0       -0.203791407134237                        0       -0.202137389886581       -0.202137389886581                        0
       144                        0       -0.203648200766497                        0       -0.201929412707958       -0.201929412707958                        0
       152                        0       -0.203521283246388                        0       -0.201748711674284       -0.201748711674284                        0
       160                        0       -0.203408092403011                        0        -0.20159071400465        -0.20159071400465                        0
       168                        0       -0.203306570125349                        0       -0.201451782653327       -0.201451782653327                        0
       176                        0       -0.203215045143965                        0       -0.201328992474434       -0.201328992474434                        0
       184                        0       -0.203132146897785                        0       -0.201219967072316       -0.201219967072316                        0
       192                        0       -0.203056741314698                        0       -0.201122758101301       -0.201122758101301                        0
       200                        0        -0.20298788229168                        0       -0.201035754752561       -0.201035754752561                        0
       208                        0       -0.202924774589299                        0       -0.200957615033364       -0.200957615033364                        0
       216                        0       -0.202866745137808                        0       -0.200887212996816       -0.200887212996816                        0
       224                        0       -0.202813220619444                        0       -0.200823597794567       -0.200823597794567                        0
       232                        0       -0.202763709787574                        0       -0.200765961596127       -0.200765961596127                        0
       240                        0       -0.202717789398952                        0       -0.200713614229522       -0.200713614229522                        0
       248                        0       -0.202675092929203                        0       -0.200665962968432       -0.200665962968432                        0
       256                        0       -0.202635301451927                        0       -0.200622496296529       -0.200622496296529                        0
       264                        0       -0.202598136214184                        0       -0.200582770772389       -0.200582770772389                        0
       272                        0       -0.202563352552651                        0       -0.200546400331029       -0.200546400331029                        0
       280                        0       -0.202530734877308                        0       -0.200513047514889       -0.200513047514889                        0
       288                        0       -0.202500092511067                        0       -0.200482416243623       -0.200482416243623                        0
       296                        0       -0.202471256220322                        0       -0.200454245819318       -0.200454245819318                        0
       304                        0       -0.202444075306613                        0       -0.200428305929853       -0.200428305929853                        0
       312                        0       -0.202418415156696                        0       -0.200404392463485       -0.200404392463485                        0
       320                        0       -0.202394155169214                        0       -0.200382323986419       -0.200382323986419                        0
       328                        0       -0.202371186992311                        0       -0.200361938765254       -0.200361938765254                        0
       336                        0       -0.202349413019369                        0        -0.20034309223927        -0.20034309223927                        0
       344                        0       -0.202328745099923                        0       -0.200325654866016       -0.200325654866016                        0
       352                        0        -0.20230910343085                        0       -0.200309510278105       -0.200309510278105                        0
       360                        0       -0.202290415599168                        0       -0.200294553700498       -0.200294553700498                        0
       368                        0       -0.202272615752913                        0       -0.200280690586713       -0.200280690586713                        0
       376                        0       -0.202255643880589                        0       -0.200267835439951       -0.200267835439951                        0
       384                        0       -0.202239445183041                        0       -0.200255910790625       -0.200255910790625                        0
       392                        0       -0.202223969524245                        0       -0.200244846307056       -0.200244846307056                        0
       400                        0       -0.202209170949735                        0       -0.200234578019686       -0.200234578019686                        0
       408                        0        -0.20219500726318                        0       -0.200225047642426       -0.200225047642426                        0
       416                        0       -0.202181439653113                        0       -0.200216201977411       -0.200216201977411                        0
       424                        0       -0.202168432363039                        0       -0.200207992391613       -0.200207992391613                        0
       432                        0       -0.202155952399186                        0       -0.200200374355529       -0.200200374355529                        0
       440                        0       -0.202143969270969                        0       -0.200193307035497       -0.200193307035497                        0
       448                        0       -0.202132454760041                        0       -0.200186752932756       -0.200186752932756                        0
       456                        0       -0.202121382714284                        0       -0.200180677563085       -0.200180677563085                        0
       464                        0       -0.202110728863707                        0        -0.20017504917197        -0.20017504917197                        0
       472                        0       -0.202100470655563                        0       -0.200169838480628       -0.200169838480628                        0
       480                        0        -0.20209058710641                        0       -0.200165018459444       -0.200165018459444                        0
       488                        0        -0.20208105866912                        0       -0.200160564125102       -0.200160564125102                        0
       496                        0       -0.202071867113115                        0       -0.200156452358936       -0.200156452358936                        0
       504                        0       -0.202062995416309                        0       -0.200152661743795       -0.200152661743795                        0
       512                        0       -0.202054427667483                        0       -0.200149172417276       -0.200149172417276                        0
       520                        0       -0.202046148977901                        0       -0.200145965939674       -0.200145965939674                        0
       528                        0       -0.202038145401193                        0       -0.200143025174699       -0.200143025174699                        0
       536                        0       -0.202030403860606                        0       -0.200140334181828       -0.200140334181828                        0
       544                        0       -0.202022912082865                        0       -0.200137878118731       -0.200137878118731                        0
       552                        0        -0.20201565853793                        0       -0.200135643153034       -0.200135643153034                        0
       560                        0       -0.202008632384079                        0       -0.200133616382125       -0.200133616382125                        0
       568                        0       -0.202001823417739                        0       -0.200131785760276       -0.200131785760276                        0
       576                        0       -0.201995222027649                        0       -0.200130140032397       -0.200130140032397                        0
       584                        0       -0.201988819152855                        0       -0.200128668673658       -0.200128668673658                        0
       592                        0       -0.201982606244248                        0       -0.200127361834338       -0.200127361834338                        0
       600                        0       -0.201976575229237                        0       -0.200126210289568       -0.200126210289568                        0
       608                        0         -0.2019707184793                        0       -0.200125205393285       -0.200125205393285                        0
       616                        0       -0.201965028780143                        0       -0.200124339036154       -0.200124339036154                        0
       624                        0       -0.201959499304207                        0       -0.200123603606918       -0.200123603606918                        0
       632                        0       -0.201954123585333                        0       -0.200122991956998       -0.200122991956998                        0
       640                        0        -0.20194889549537                        0       -0.200122497368003       -0.200122497368003                        0
       648                        0       -0.201943809222582                        0       -0.200122113521759       -0.200122113521759                        0
       656                        0       -0.201938859251664                        0       -0.200121834472843       -0.200121834472843                        0
       664                        0       -0.201934040345254                        0       -0.200121654623192       -0.200121654623192                        0
       672                        0       -0.201929347526801                        0       -0.200121568698785       -0.200121568698785                        0
       680                        0       -0.201924776064675                        0       -0.200121571727965       -0.200121571727965                        0
       688                        0       -0.201920321457422                        0       -0.200121659021631       -0.200121659021631                        0
       696                        0       -0.201915979420066                        0       -0.200121826154705       -0.200121826154705                        0
       704                        0       -0.201911745871359                        0       -0.200122068949148       -0.200122068949148                        0
       712                        0       -0.201907616921937                        0       -0.200122383458141       -0.200122383458141                        0
       720                        0       -0.201903588863273                        0       -0.200122765951433       -0.200122765951433                        0
       728                        0       -0.201899658157383                        0       -0.200123212901769       -0.200123212901769                        0
