#square and square, nu_xymn_1
#MM NN: 3 4
#quadrature order: 16
#numpanels            c*(gradu.n)^2                      BEM        0.5*(gradu)^2 ex.       Boundary Formula 1       Boundary Formula 2
        16                        0       0.0106432698107124                        0       0.0264504572171469       0.0264504572171469                        0
        24                        0      0.00884949276808617                        0        0.020160523806806        0.020160523806806                        0
        32                        0      0.00781033271966686                        0        0.016800419029351        0.016800419029351                        0
        40                        0       0.0072606680030828                        0       0.0149360935863676       0.0149360935863676                        0
        48                        0      0.00691917688555852                        0       0.0137147108172039       0.0137147108172039                        0
        56                        0      0.00668551224540119                        0       0.0128608597247917       0.0128608597247917                        0
        64                        0        0.006516116247522                        0       0.0122255428094157       0.0122255428094157                        0
        72                        0      0.00638768444563334                        0       0.0117326548783477       0.0117326548783477                        0
        80                        0      0.00628707633790801                        0       0.0113375206738129       0.0113375206738129                        0
        88                        0      0.00620621852698864                        0       0.0110125817780497       0.0110125817780497                        0
        96                        0      0.00613988033113476                        0       0.0107398310466096       0.0107398310466096                        0
       104                        0      0.00608452270103329                        0       0.0105070090380962       0.0105070090380962                        0
       112                        0       0.0060376658586197                        0        0.010305469464039        0.010305469464039                        0
       120                        0      0.00599752097379002                        0       0.0101289335211402       0.0101289335211402                        0
       128                        0      0.00596276555484926                        0      0.00997272670208666      0.00997272670208666                        0
       136                        0      0.00593240107830365                        0      0.00983329369140926      0.00983329369140926                        0
       144                        0      0.00590565974416607                        0      0.00970787974086183      0.00970787974086183                        0
       152                        0      0.00588194165571971                        0      0.00959431541183644      0.00959431541183644                        0
       160                        0       0.0058607714417399                        0      0.00949086750584609      0.00949086750584609                        0
       168                        0      0.00584176764788652                        0       0.0093961335513459       0.0093961335513459                        0
       176                        0      0.00582462071933935                        0      0.00930896565459413      0.00930896565459413                        0
       184                        0       0.0058090768890383                        0      0.00922841457836127      0.00922841457836127                        0
       192                        0      0.00579492620412839                        0      0.00915368802713103      0.00915368802713103                        0
       200                        0      0.00578199350270232                        0      0.00908411908569774      0.00908411908569774                        0
       208                        0      0.00577013152713638                        0      0.00901914203034208      0.00901914203034208                        0
       216                        0      0.00575921560690464                        0      0.00895827357097823      0.00895827357097823                        0
       224                        0      0.00574913950942708                        0      0.00890109814741349      0.00890109814741349                        0
       232                        0      0.00573981217060253                        0      0.00884725628860113      0.00884725628860113                        0
       240                        0      0.00573115509521756                        0      0.00879643531215105      0.00879643531215105                        0
       248                        0      0.00572310027265262                        0      0.00874836183040458      0.00874836183040458                        0
       256                        0      0.00571558849274764                        0      0.00870279566457626      0.00870279566457626                        0
       264                        0      0.00570856797513725                        0      0.00865952486599213      0.00865952486599213                        0
       272                        0      0.00570199324617401                        0      0.00861836161520879      0.00861836161520879                        0
       280                        0      0.00569582421288699                        0      0.00857913882256448      0.00857913882256448                        0
       288                        0      0.00569002539487957                        0      0.00854170729328259      0.00854170729328259                        0
       296                        0      0.00568456528367543                        0      0.00850593335003313      0.00850593335003313                        0
       304                        0       0.0056794158055683                        0      0.00847169682858089      0.00847169682858089                        0
       312                        0      0.00567455186901229                        0      0.00843888937952264      0.00843888937952264                        0
       320                        0       0.0056699509814688                        0      0.00840741302265488      0.00840741302265488                        0
       328                        0      0.00566559292361878                        0      0.00837717891075011      0.00837717891075011                        0
       336                        0      0.00566145947118411                        0      0.00834810626811232      0.00834810626811232                        0
       344                        0      0.00565753415645492                        0      0.00832012147546691      0.00832012147546691                        0
       352                        0      0.00565380206308711                        0      0.00829315727801075      0.00829315727801075                        0
       360                        0      0.00565024964888656                        0        0.008267152097602        0.008267152097602                        0
       368                        0      0.00564686459223818                        0      0.00824204943335112      0.00824204943335112                        0
       376                        0      0.00564363565859774                        0      0.00821779733744138      0.00821779733744138                        0
       384                        0      0.00564055258404814                        0      0.00819434795546887      0.00819434795546887                        0
       392                        0      0.00563760597344991                        0      0.00817165712200276      0.00817165712200276                        0
       400                        0      0.00563478721109142                        0      0.00814968400378361      0.00814968400378361                        0
       408                        0      0.00563208838209753                        0      0.00812839078409298      0.00812839078409298                        0
       416                        0      0.00562950220311283                        0      0.00810774238281633      0.00810774238281633                        0
       424                        0       0.0056270219610193                        0      0.00808770620749647      0.00808770620749647                        0
       432                        0      0.00562464145861586                        0      0.00806825193142331      0.00806825193142331                        0
       440                        0      0.00562235496636742                        0      0.00804935129543901      0.00804935129543901                        0
       448                        0      0.00562015717943915                        0      0.00803097793044471      0.00803097793044471                        0
       456                        0      0.00561804317936273                        0      0.00801310719813906      0.00801310719813906                        0
       464                        0      0.00561600839976192                        0       0.0079957160477674       0.0079957160477674                        0
       472                        0      0.00561404859564191                        0      0.00797878288720554      0.00797878288720554                        0
       480                        0      0.00561215981582703                        0      0.00796228746639894      0.00796228746639894                        0
       488                        0      0.00561033837816671                        0      0.00794621077214964      0.00794621077214964                        0
       496                        0      0.00560858084720724                        0      0.00793053493264706      0.00793053493264706                        0
       504                        0      0.00560688401402991                        0      0.00791524313089522      0.00791524313089522                        0
       512                        0      0.00560524487803266                        0       0.0079003195260748       0.0079003195260748                        0
       520                        0      0.00560366063043072                        0      0.00788574918181311      0.00788574918181311                        0
       528                        0      0.00560212863929142                        0       0.0078715180009104       0.0078715180009104                        0
       536                        0      0.00560064643594051                        0      0.00785761266560926      0.00785761266560926                        0
       544                        0      0.00559921170260578                        0       0.0078440205831287       0.0078440205831287                        0
       552                        0       0.0055978222611458                        0      0.00783072983557554      0.00783072983557554                        0
       560                        0      0.00559647606278385                        0      0.00781772913417248      0.00781772913417248                        0
       568                        0      0.00559517117871699                        0       0.0078050077771612       0.0078050077771612                        0
       576                        0      0.00559390579153681                        0      0.00779255561109708      0.00779255561109708                        0
       584                        0      0.00559267818736687                        0      0.00778036299518724      0.00778036299518724                        0
       592                        0       0.0055914867486551                        0      0.00776842076850777      0.00776842076850777                        0
       600                        0      0.00559032994755617                        0      0.00775672021963142      0.00775672021963142                        0
       608                        0      0.00558920633984967                        0      0.00774525305867629      0.00774525305867629                        0
       616                        0      0.00558811455934286                        0      0.00773401139134127      0.00773401139134127                        0
       624                        0      0.00558705331271982                        0      0.00772298769498549      0.00772298769498549                        0
       632                        0      0.00558602137477873                        0      0.00771217479637447      0.00771217479637447                        0
       640                        0      0.00558501758405288                        0      0.00770156585101343      0.00770156585101343                        0
       648                        0      0.00558404083874675                        0      0.00769115432406026      0.00769115432406026                        0
       656                        0      0.00558309009299032                        0      0.00768093397245946      0.00768093397245946                        0
       664                        0      0.00558216435336262                        0      0.00767089882839174      0.00767089882839174                        0
       672                        0      0.00558126267567434                        0      0.00766104318379046      0.00766104318379046                        0
       680                        0      0.00558038416197904                        0      0.00765136157604246      0.00765136157604246                        0
       688                        0      0.00557952795780215                        0      0.00764184877443976      0.00764184877443976                        0
       696                        0      0.00557869324956597                        0      0.00763249976773498      0.00763249976773498                        0
       704                        0      0.00557787926218936                        0      0.00762330975235103      0.00762330975235103                        0
       712                        0      0.00557708525685927                        0      0.00761427412145195      0.00761427412145195                        0
       720                        0      0.00557631052895243                        0      0.00760538845466773      0.00760538845466773                        0
       728                        0      0.00557555440609681                        0      0.00759664850848169      0.00759664850848169                        0
       736                        0      0.00557481624636129                        0      0.00758805020716709      0.00758805020716709                        0
       744                        0      0.00557409543657222                        0      0.00757958963438337      0.00757958963438337                        0
       752                        0      0.00557339139073066                        0      0.00757126302518686      0.00757126302518686                        0
       760                        0       0.0055727035485355                        0      0.00756306675861436      0.00756306675861436                        0
