#square and square, nu_xymn_2
#MM NN: 5 1
#quadrature order: 16
#numpanels            c*(gradu.n)^2                      BEM        0.5*(gradu)^2 ex.       Boundary Formula 1       Boundary Formula 2
        16                        0      -0.0388558017058923                        0       0.0459399223190286       0.0459399223190286                        0
        24                        0      -0.0602020535941527                        0      0.00280132688467558      0.00280132688467558                        0
        32                        0      -0.0688688208501602                        0       -0.016804925367802       -0.016804925367802                        0
        40                        0        -0.07273030677681                        0      -0.0268610345246251      -0.0268610345246251                        0
        48                        0       -0.074923974753207                        0      -0.0331696665116915      -0.0331696665116915                        0
        56                        0      -0.0763269931763653                        0      -0.0375267303129784      -0.0375267303129784                        0
        64                        0      -0.0772973249529643                        0      -0.0407593670314229      -0.0407593670314229                        0
        72                        0      -0.0780076476338734                        0      -0.0432778123069377      -0.0432778123069377                        0
        80                        0      -0.0785491585532817                        0      -0.0453116623573585      -0.0453116623573585                        0
        88                        0      -0.0789750129219047                        0      -0.0469994757540469      -0.0469994757540469                        0
        96                        0      -0.0793182353931674                        0      -0.0484302877605007      -0.0484302877605007                        0
       104                        0      -0.0796004185323664                        0      -0.0496641133854871      -0.0496641133854871                        0
       112                        0      -0.0798362684447216                        0      -0.0507430288024498      -0.0507430288024498                        0
       120                        0       -0.080036142690975                        0      -0.0516975022709433      -0.0516975022709433                        0
       128                        0      -0.0802075436877112                        0      -0.0525502031911062      -0.0525502031911062                        0
       136                        0      -0.0803560367863126                        0      -0.0533183913521365      -0.0533183913521365                        0
       144                        0      -0.0804858358696928                        0      -0.0540154704474675      -0.0540154704474675                        0
       152                        0      -0.0806001888760722                        0      -0.0546520298210363      -0.0546520298210363                        0
       160                        0      -0.0807016386555215                        0      -0.0552365620439664      -0.0552365620439664                        0
       168                        0      -0.0807922037555396                        0      -0.0557759689700934      -0.0557759689700934                        0
       176                        0      -0.0808735063926676                        0      -0.0562759261239903      -0.0562759261239903                        0
       184                        0      -0.0809468647590531                        0      -0.0567411499828511      -0.0567411499828511                        0
       192                        0      -0.0810133607340338                        0      -0.0571755973056502      -0.0571755973056502                        0
       200                        0      -0.0810738903127203                        0      -0.0575826160195297      -0.0575826160195297                        0
       208                        0      -0.0811292016818426                        0        -0.05796506098816        -0.05796506098816                        0
       216                        0      -0.0811799243297927                        0      -0.0583253839303216      -0.0583253839303216                        0
       224                        0      -0.0812265915572896                        0      -0.0586657040476559      -0.0586657040476559                        0
       232                        0      -0.0812696580677876                        0      -0.0589878640707772      -0.0589878640707772                        0
       240                        0      -0.0813095138460805                        0      -0.0592934751555544      -0.0592934751555544                        0
       248                        0      -0.0813464952061548                        0      -0.0595839531614875      -0.0595839531614875                        0
       256                        0      -0.0813808936584675                        0      -0.0598605482034424      -0.0598605482034424                        0
       264                        0       -0.081412963081741                        0      -0.0601243689035376      -0.0601243689035376                        0
       272                        0      -0.0814429255650195                        0      -0.0603764024327055      -0.0603764024327055                        0
       280                        0      -0.0814709761983564                        0      -0.0606175311804294      -0.0606175311804294                        0
       288                        0      -0.0814972870259328                        0       -0.060848546703759       -0.060848546703759                        0
       296                        0      -0.0815220103272018                        0       -0.061070161466121       -0.061070161466121                        0
       304                        0      -0.0815452813553207                        0      -0.0612830187688685      -0.0612830187688685                        0
       312                        0      -0.0815672206345049                        0      -0.0614877011957976      -0.0614877011957976                        0
       320                        0       -0.081587935896811                        0      -0.0616847378274804      -0.0616847378274804                        0
       328                        0      -0.0816075237225077                        0       -0.061874610431657       -0.061874610431657                        0
       336                        0      -0.0816260709354873                        0      -0.0620577587976694      -0.0620577587976694                        0
       344                        0      -0.0816436557952437                        0      -0.0622345853516453      -0.0622345853516453                        0
       352                        0      -0.0816603490190826                        0      -0.0624054591644149      -0.0624054591644149                        0
       360                        0      -0.0816762146620524                        0      -0.0625707194445252      -0.0625707194445252                        0
       368                        0      -0.0816913108770809                        0      -0.0627306785930443      -0.0627306785930443                        0
       376                        0      -0.0817056905738869                        0      -0.0628856248834815      -0.0628856248834815                        0
       384                        0      -0.0817194019919777                        0      -0.0630358248205411      -0.0630358248205411                        0
       392                        0      -0.0817324892005065                        0      -0.0631815252220761      -0.0631815252220761                        0
       400                        0      -0.0817449925355971                        0      -0.0633229550616765      -0.0633229550616765                        0
       408                        0      -0.0817569489840531                        0      -0.0634603271042765      -0.0634603271042765                        0
       416                        0      -0.0817683925209439                        0      -0.0635938393616481      -0.0635938393616481                        0
       424                        0      -0.0817793544073891                        0      -0.0637236763905519      -0.0637236763905519                        0
       432                        0      -0.0817898634538721                        0      -0.0638500104531964      -0.0638500104531964                        0
       440                        0      -0.0817999462536626                        0      -0.0639730025578855      -0.0639730025578855                        0
       448                        0      -0.0818096273901933                        0      -0.0640928033930715      -0.0640928033930715                        0
       456                        0      -0.0818189296217194                        0      -0.0642095541683418      -0.0642095541683418                        0
       464                        0      -0.0818278740461071                        0      -0.0643233873723002      -0.0643233873723002                        0
       472                        0      -0.0818364802481742                        0      -0.0644344274583734      -0.0644344274583734                        0
       480                        0       -0.081844766431711                        0      -0.0645427914642915      -0.0645427914642915                        0
       488                        0      -0.0818527495379914                        0      -0.0646485895752968      -0.0646485895752968                        0
       496                        0      -0.0818604453523573                        0      -0.0647519256347067      -0.0647519256347067                        0
       504                        0      -0.0818678686002448                        0      -0.0648528976089262      -0.0648528976089262                        0
       512                        0      -0.0818750330338527                        0      -0.0649515980117021      -0.0649515980117021                        0
       520                        0      -0.0818819515104935                        0      -0.0650481142904536      -0.0650481142904536                        0
       528                        0      -0.0818886360635355                        0      -0.0651425291805558      -0.0651425291805558                        0
       536                        0      -0.0818950979667439                        0      -0.0652349210286707      -0.0652349210286707                        0
       544                        0      -0.0819013477927295                        0      -0.0653253640904829      -0.0653253640904829                        0
       552                        0      -0.0819073954660975                        0      -0.0654139288027876      -0.0654139288027876                        0
       560                        0       -0.081913250311881                        0      -0.0655006820341972      -0.0655006820341972                        0
       568                        0      -0.0819189210997064                        0      -0.0655856873164527      -0.0655856873164527                        0
       576                        0      -0.0819244160841471                        0      -0.0656690050566392      -0.0656690050566392                        0
       584                        0      -0.0819297430416204                        0      -0.0657506927336094      -0.0657506927336094                        0
       592                        0      -0.0819349093041858                        0      -0.0658308050795052      -0.0658308050795052                        0
       600                        0      -0.0819399217905259                        0      -0.0659093942475988      -0.0659093942475988                        0
       608                        0      -0.0819447870343948                        0      -0.0659865099674408      -0.0659865099674408                        0
       616                        0       -0.081949511210759                        0      -0.0660621996887415      -0.0660621996887415                        0
       624                        0      -0.0819541001598521                        0      -0.0661365087156504      -0.0661365087156504                        0
       632                        0      -0.0819585594093254                        0      -0.0662094803303622      -0.0662094803303622                        0
       640                        0      -0.0819628941946882                        0      -0.0662811559085796      -0.0662811559085796                        0
       648                        0      -0.0819671094781561                        0      -0.0663515750273971      -0.0663515750273971                        0
       656                        0      -0.0819712099660865                        0      -0.0664207755650254      -0.0664207755650254                        0
       664                        0      -0.0819752001250872                        0      -0.0664887937943334      -0.0664887937943334                        0
       672                        0      -0.0819790841969484                        0      -0.0665556644697561      -0.0665556644697561                        0
       680                        0      -0.0819828662124621                        0      -0.0666214209091659      -0.0666214209091659                        0
       688                        0      -0.0819865500042546                        0      -0.0666860950692641      -0.0666860950692641                        0
       696                        0      -0.0819901392186944                        0      -0.0667497176175158      -0.0667497176175158                        0
       704                        0      -0.0819936373269553                        0      -0.0668123179983877      -0.0668123179983877                        0
       712                        0      -0.0819970476353111                        0      -0.0668739244958728      -0.0668739244958728                        0
       720                        0      -0.0820003732947089                        0      -0.0669345642923414      -0.0669345642923414                        0
       728                        0      -0.0820036173097013                        0      -0.0669942635236103      -0.0669942635236103                        0
       736                        0      -0.0820067825467502                        0      -0.0670530473300456      -0.0670530473300456                        0
       744                        0       -0.082009871742008                        0      -0.0671109399058715      -0.0671109399058715                        0
       752                        0      -0.0820128875085477                        0      -0.0671679645443208      -0.0671679645443208                        0
       760                        0      -0.0820158323431442                        0      -0.0672241436811256      -0.0672241436811256                        0
       768                        0      -0.0820187086326093                        0      -0.0672794989345962      -0.0672794989345962                        0
       776                        0      -0.0820215186597076                        0      -0.0673340511443417      -0.0673340511443417                        0
       784                        0      -0.0820242646087199                        0      -0.0673878204066352      -0.0673878204066352                        0
       792                        0      -0.0820269485706312                        0      -0.0674408261087964      -0.0674408261087964                        0
       800                        0      -0.0820295725480164                        0      -0.0674930869616724      -0.0674930869616724                        0
       808                        0      -0.0820321384596122                        0      -0.0675446210292746      -0.0675446210292746                        0
       816                        0       -0.082034648144613                        0      -0.0675954457577297      -0.0675954457577297                        0
       824                        0      -0.0820371033667119                        0      -0.0676455780024721      -0.0676455780024721                        0
       832                        0      -0.0820395058178897                        0      -0.0676950340541961      -0.0676950340541961                        0
