#square and square, nu_xymn_1
#MM NN: 3 1
#quadrature order: 16
#numpanels            c*(gradu.n)^2                      BEM        0.5*(gradu)^2 ex.       Boundary Formula 1       Boundary Formula 2
        16                        0       0.0417388634193874                        0       0.0310814708659091       0.0310814708659091                        0
        24                        0       0.0415073635450034                        0       0.0339821394916701       0.0339821394916701                        0
        32                        0       0.0416174834018303                        0       0.0348085029673776       0.0348085029673776                        0
        40                        0       0.0415223647407272                        0       0.0353575823487071       0.0353575823487071                        0
        48                        0       0.0414472820911782                        0       0.0357185810656066       0.0357185810656066                        0
        56                        0       0.0413897935988622                        0       0.0359989463086172       0.0359989463086172                        0
        64                        0       0.0413464285416698                        0       0.0362245545254775       0.0362245545254775                        0
        72                        0       0.0413132220425252                        0       0.0364132686854688       0.0364132686854688                        0
        80                        0       0.0412872604771084                        0       0.0365748044733319       0.0365748044733319                        0
        88                        0       0.0412665540187783                        0       0.0367155805945087       0.0367155805945087                        0
        96                        0       0.0412497408139255                        0       0.0368399731474252       0.0368399731474252                        0
       104                        0       0.0412358721257941                        0        0.036951122562262        0.036951122562262                        0
       112                        0       0.0412242732655151                        0       0.0370513574336532       0.0370513574336532                        0
       120                        0       0.0412144544483121                        0       0.0371424528504125       0.0371424528504125                        0
       128                        0       0.0412060531959356                        0       0.0372257925051916       0.0372257925051916                        0
       136                        0       0.0411987964632275                        0       0.0373024754017033       0.0373024754017033                        0
       144                        0       0.0411924752420162                        0        0.037373388443398        0.037373388443398                        0
       152                        0       0.0411869271957365                        0       0.0374392572724765       0.0374392572724765                        0
       160                        0       0.0411820245615579                        0         0.03750068275606         0.03750068275606                        0
       168                        0        0.041177665573513                        0       0.0375581677309205       0.0375581677309205                        0
       176                        0       0.0411737682823295                        0       0.0376121369720405       0.0376121369720405                        0
       184                        0       0.0411702660348948                        0       0.0376629523456632       0.0376629523456632                        0
       192                        0       0.0411671041215221                        0       0.0377109244751188       0.0377109244751188                        0
       200                        0        0.041164237257308                        0       0.0377563218385829       0.0377563218385829                        0
       208                        0       0.0411616276675519                        0       0.0377993779469936       0.0377993779469936                        0
       216                        0       0.0411592436163435                        0       0.0378402970674055       0.0378402970674055                        0
       224                        0       0.0411570582641715                        0       0.0378792588304093       0.0378792588304093                        0
       232                        0       0.0411550487725871                        0        0.037916421972045        0.037916421972045                        0
       240                        0       0.0411531955962795                        0        0.037951927397411        0.037951927397411                        0
       248                        0       0.0411514819187375                        0       0.0379859007077184       0.0379859007077184                        0
       256                        0       0.0411498931989068                        0       0.0380184542991081       0.0380184542991081                        0
       264                        0        0.041148416804391                        0       0.0380496891171361       0.0380496891171361                        0
       272                        0       0.0411470417126622                        0       0.0380796961321095       0.0380796961321095                        0
       280                        0       0.0411457582661336                        0       0.0381085575866445       0.0381085575866445                        0
       288                        0       0.0411445579701804                        0        0.038136348056135        0.038136348056135                        0
       296                        0       0.0411434333256427                        0       0.0381631353546273       0.0381631353546273                        0
       304                        0       0.0411423776891747                        0       0.0381889813121964       0.0381889813121964                        0
       312                        0       0.0411413851562373                        0       0.0382139424449619       0.0382139424449619                        0
       320                        0       0.0411404504625919                        0       0.0382380705348641       0.0382380705348641                        0
       328                        0       0.0411395689009849                        0        0.038261413133473        0.038261413133473                        0
       336                        0        0.041138736250394                        0       0.0382840140012079       0.0382840140012079                        0
       344                        0       0.0411379487156862                        0       0.0383059134916729       0.0383059134916729                        0
       352                        0       0.0411372028759576                        0       0.0383271488890876       0.0383271488890876                        0
       360                        0       0.0411364956401436                        0       0.0383477547054316       0.0383477547054316                        0
       368                        0       0.0411358242087459                        0       0.0383677629428799       0.0383677629428799                        0
       376                        0       0.0411351860407073                        0       0.0383872033263648       0.0383872033263648                        0
       384                        0       0.0411345788246716                        0       0.0384061035100294       0.0384061035100294                        0
       392                        0       0.0411340004539495                        0       0.0384244892611625       0.0384244892611625                        0
       400                        0       0.0411334490046647                        0       0.0384423846243995       0.0384423846243995                        0
       408                        0       0.0411329227166102                        0       0.0384598120686482       0.0384598120686482                        0
       416                        0       0.0411324199764447                        0       0.0384767926188595       0.0384767926188595                        0
       424                        0       0.0411319393028895                        0       0.0384933459745058       0.0384933459745058                        0
       432                        0       0.0411314793336742                        0       0.0385094906163303       0.0385094906163303                        0
       440                        0       0.0411310388139755                        0       0.0385252439026286       0.0385252439026286                        0
       448                        0       0.0411306165861769                        0       0.0385406221563712       0.0385406221563712                        0
       456                        0       0.0411302115807576                        0       0.0385556407441314       0.0385556407441314                        0
       464                        0       0.0411298228081819                        0       0.0385703141477934       0.0385703141477934                        0
       472                        0       0.0411294493516609                        0       0.0385846560295911       0.0385846560295911                        0
       480                        0       0.0411290903606749                        0       0.0385986792915685       0.0385986792915685                        0
       488                        0       0.0411287450451769                        0       0.0386123961296046       0.0386123961296046                        0
       496                        0       0.0411284126703784                        0       0.0386258180829505       0.0386258180829505                        0
       504                        0       0.0411280925520711                        0       0.0386389560794882       0.0386389560794882                        0
       512                        0       0.0411277840524035                        0       0.0386518204771458       0.0386518204771458                        0
       520                        0       0.0411274865760734                        0       0.0386644211020553       0.0386644211020553                        0
       528                        0       0.0411271995668854                        0       0.0386767672834679       0.0386767672834679                        0
       536                        0        0.041126922504638                        0       0.0386888678860188       0.0386888678860188                        0
       544                        0       0.0411266549022905                        0       0.0387007313392762       0.0387007313392762                        0
       552                        0       0.0411263963034042                        0       0.0387123656652253       0.0387123656652253                        0
       560                        0       0.0411261462798036                        0       0.0387237785034795       0.0387237785034795                        0
       568                        0       0.0411259044294538                        0       0.0387349771346526       0.0387349771346526                        0
       576                        0       0.0411256703745217                        0       0.0387459685020047       0.0387459685020047                        0
       584                        0        0.041125443759606                        0       0.0387567592315264       0.0387567592315264                        0
       592                        0       0.0411252242501188                        0       0.0387673556504757       0.0387673556504757                        0
       600                        0       0.0411250115308048                        0       0.0387777638047264       0.0387777638047264                        0
       608                        0       0.0411248053043842                        0       0.0387879894747768       0.0387879894747768                        0
       616                        0       0.0411246052903063                        0       0.0387980381907658       0.0387980381907658                        0
       624                        0       0.0411244112236011                        0        0.038807915246332        0.038807915246332                        0
       632                        0       0.0411242228538352                        0       0.0388176257116219       0.0388176257116219                        0
       640                        0       0.0411240399441319                        0       0.0388271744454506       0.0388271744454506                        0
       648                        0       0.0411238622702869                        0       0.0388365661065426       0.0388365661065426                        0
       656                        0       0.0411236896199379                        0       0.0388458051641728       0.0388458051641728                        0
       664                        0       0.0411235217918057                        0       0.0388548959080374       0.0388548959080374                        0
       672                        0       0.0411233585949885                        0       0.0388638424575767       0.0388638424575767                        0
       680                        0       0.0411231998483136                        0       0.0388726487705584       0.0388726487705584                        0
       688                        0       0.0411230453797316                        0       0.0388813186513571       0.0388813186513571                        0
       696                        0       0.0411228950257551                        0       0.0388898557584946       0.0388898557584946                        0
       704                        0       0.0411227486309435                        0       0.0388982636118977       0.0388982636118977                        0
       712                        0       0.0411226060474187                        0        0.038906545599614        0.038906545599614                        0
       720                        0       0.0411224671344164                        0       0.0389147049841695       0.0389147049841695                        0
       728                        0       0.0411223317578691                        0       0.0389227449085454       0.0389227449085454                        0
       736                        0       0.0411221997900212                        0       0.0389306684018592       0.0389306684018592                        0
       744                        0       0.0411220711090602                        0        0.038938478384608        0.038938478384608                        0
       752                        0       0.0411219455987854                        0       0.0389461776737271       0.0389461776737271                        0
       760                        0       0.0411218231482939                        0       0.0389537689872567       0.0389537689872567                        0
       768                        0        0.041121703651677                        0       0.0389612549489091       0.0389612549489091                        0
