#square and square, nu_xymn_2
#MM NN: 4 4
#quadrature order: 16
#numpanels            c*(gradu.n)^2                      BEM        0.5*(gradu)^2 ex.       Boundary Formula 1       Boundary Formula 2
        16                        0      -0.0601401822756803                        0       -0.141849283451571       -0.141849283451571                        0
        24                        0      -0.0482020483954033                        0       -0.108117445098448       -0.108117445098448                        0
        32                        0      -0.0427030892105877                        0      -0.0900977771928543      -0.0900977771928543                        0
        40                        0       -0.039604838507128                        0      -0.0800997183299516      -0.0800997183299516                        0
        48                        0      -0.0376563144777565                        0      -0.0735496511910891      -0.0735496511910891                        0
        56                        0      -0.0363141340035447                        0      -0.0689705936481957      -0.0689705936481957                        0
        64                        0      -0.0353378058462699                        0      -0.0655634975639669      -0.0655634975639669                        0
        72                        0      -0.0345963293511618                        0      -0.0629202237910216      -0.0629202237910216                        0
        80                        0      -0.0340150031284073                        0      -0.0608011865539778      -0.0608011865539778                        0
        88                        0       -0.033547635745886                        0      -0.0590585947662049      -0.0590585947662049                        0
        96                        0      -0.0331641745408575                        0      -0.0575958791881975      -0.0575958791881975                        0
       104                        0      -0.0328442281820671                        0      -0.0563472945302093      -0.0563472945302093                        0
       112                        0      -0.0325734805881406                        0      -0.0552664722241035      -0.0552664722241035                        0
       120                        0       -0.032341590482152                        0      -0.0543197401204411      -0.0543197401204411                        0
       128                        0       -0.032140905242742                        0      -0.0534820296350878      -0.0534820296350878                        0
       136                        0      -0.0319656431509366                        0      -0.0527342742185776      -0.0527342742185776                        0
       144                        0        -0.03181135653988                        0       -0.052061700626603       -0.052061700626603                        0
       152                        0       -0.031674569450796                        0      -0.0514526745305288      -0.0514526745305288                        0
       160                        0      -0.0315525270769488                        0      -0.0508979010829823      -0.0508979010829823                        0
       168                        0      -0.0314430187685403                        0      -0.0503898590686476      -0.0503898590686476                        0
       176                        0      -0.0313442506070059                        0      -0.0499223925295289      -0.0499223925295289                        0
       184                        0      -0.0312547520957563                        0      -0.0494904108684629      -0.0494904108684629                        0
       192                        0      -0.0311733067811824                        0      -0.0490896651399107      -0.0490896651399107                        0
       200                        0      -0.0310988999483608                        0       -0.048716578791694       -0.048716578791694                        0
       208                        0      -0.0310306786901872                        0      -0.0483681179439919      -0.0483681179439919                        0
       216                        0       -0.030967921070491                        0      -0.0480416907947483      -0.0480416907947483                        0
       224                        0      -0.0309100120577494                        0      -0.0477350687656378      -0.0477350687656378                        0
       232                        0      -0.0308564245596747                        0      -0.0474463240747994      -0.0474463240747994                        0
       240                        0      -0.0308067043430209                        0      -0.0471737798599425      -0.0471737798599425                        0
       248                        0      -0.0307604579426508                        0      -0.0469159699898833      -0.0469159699898833                        0
       256                        0       -0.030717342892237                        0      -0.0466716064267417      -0.0466716064267417                        0
       264                        0      -0.0306770597738285                        0      -0.0464395525259781      -0.0464395525259781                        0
       272                        0      -0.0306393457040351                        0      -0.0462188010440527      -0.0462188010440527                        0
       280                        0      -0.0306039689635668                        0      -0.0460084559076631      -0.0460084559076631                        0
       288                        0      -0.0305707245432566                        0      -0.0458077170106677      -0.0458077170106677                        0
       296                        0      -0.0305394304295815                        0       -0.045615867464361       -0.045615867464361                        0
       304                        0      -0.0305099244907066                        0       -0.045432262848479       -0.045432262848479                        0
       312                        0      -0.0304820618530469                        0       -0.045256322103813       -0.045256322103813                        0
       320                        0      -0.0304557126807664                        0      -0.0450875197791429      -0.0450875197791429                        0
       328                        0      -0.0304307602880027                        0       -0.044925379401971       -0.044925379401971                        0
       336                        0      -0.0304070995272583                        0      -0.0447694677860607      -0.0447694677860607                        0
       344                        0      -0.0303846354080578                        0      -0.0446193901238042      -0.0446193901238042                        0
       352                        0      -0.0303632819085164                        0      -0.0444747857391934      -0.0444747857391934                        0
       360                        0      -0.0303429609491793                        0       -0.044335324399223       -0.044335324399223                        0
       368                        0      -0.0303236015039581                        0      -0.0442007030991658      -0.0442007030991658                        0
       376                        0       -0.030305138827297                        0      -0.0440706432518656      -0.0440706432518656                        0
       384                        0      -0.0302875137803111                        0      -0.0439448882223097      -0.0439448882223097                        0
       392                        0      -0.0302706722414309                        0       -0.043823201158755       -0.043823201158755                        0
       400                        0      -0.0302545645895065                        0      -0.0437053630794432      -0.0437053630794432                        0
       408                        0      -0.0302391452492033                        0      -0.0435911711798629      -0.0435911711798629                        0
       416                        0      -0.0302243722901543                        0      -0.0434804373312854      -0.0434804373312854                        0
       424                        0      -0.0302102070725913                        0      -0.0433729867458066      -0.0433729867458066                        0
       432                        0      -0.0301966139333341                        0      -0.0432686567866324      -0.0432686567866324                        0
       440                        0      -0.0301835599068791                        0      -0.0431672959047243      -0.0431672959047243                        0
       448                        0      -0.0301710144771114                        0      -0.0430687626870898      -0.0430687626870898                        0
       456                        0      -0.0301589493558103                        0      -0.0429729250025724      -0.0429729250025724                        0
       464                        0      -0.0301473382846281                        0      -0.0428796592341788      -0.0428796592341788                        0
       472                        0      -0.0301361568577189                        0      -0.0427888495867519      -0.0427888495867519                        0
       480                        0      -0.0301253823625576                        0      -0.0427003874629838      -0.0427003874629838                        0
       488                        0      -0.0301149936367853                        0      -0.0426141708981514      -0.0426141708981514                        0
       496                        0      -0.0301049709392845                        0      -0.0425301040487994      -0.0425301040487994                        0
       504                        0      -0.0300952958338276                        0      -0.0424480967284269      -0.0424480967284269                        0
       512                        0      -0.0300859510839202                        0      -0.0423680639851786      -0.0423680639851786                        0
       520                        0      -0.0300769205575868                        0      -0.0422899257179914      -0.0422899257179914                        0
       528                        0      -0.0300681891410444                        0       -0.042213606325852       -0.042213606325852                        0
       536                        0      -0.0300597426603003                        0      -0.0421390343882119      -0.0421390343882119                        0
       544                        0      -0.0300515678098408                        0      -0.0420661423718244      -0.0420661423718244                        0
       552                        0      -0.0300436520876874                        0      -0.0419948663631407      -0.0419948663631407                        0
       560                        0      -0.0300359837361578                        0      -0.0419251458225085      -0.0419251458225085                        0
       568                        0      -0.0300285516877694                        0       -0.041856923358094       -0.041856923358094                        0
       576                        0      -0.0300213455157579                        0      -0.0417901445186716      -0.0417901445186716                        0
       584                        0      -0.0300143553887775                        0       -0.041724757602472       -0.041724757602472                        0
       592                        0      -0.0300075720293649                        0      -0.0416607134809485      -0.0416607134809485                        0
       600                        0      -0.0300009866758125                        0      -0.0415979654361794      -0.0415979654361794                        0
       608                        0      -0.0299945910471357                        0      -0.0415364690108418      -0.0415364690108418                        0
       616                        0      -0.0299883773108353                        0      -0.0414761818694069      -0.0414761818694069                        0
       624                        0      -0.0299823380532042                        0      -0.0414170636690719      -0.0414170636690719                        0
       632                        0      -0.0299764662519662                        0      -0.0413590759409428      -0.0413590759409428                        0
       640                        0      -0.0299707552509879                        0      -0.0413021819793904      -0.0413021819793904                        0
       648                        0      -0.0299651987369478                        0      -0.0412463467390095      -0.0412463467390095                        0
       656                        0      -0.0299597907177324                        0      -0.0411915367393732      -0.0411915367393732                        0
       664                        0      -0.0299545255024576                        0      -0.0411377199760091      -0.0411377199760091                        0
       672                        0      -0.0299493976829317                        0      -0.0410848658377565      -0.0410848658377565                        0
       680                        0       -0.029944402116481                        0      -0.0410329450292456      -0.0410329450292456                        0
       688                        0      -0.0299395339099981                        0      -0.0409819294993651      -0.0409819294993651                        0
       696                        0      -0.0299347884051158                        0      -0.0409317923734902      -0.0409317923734902                        0
       704                        0      -0.0299301611644278                        0      -0.0408825078909203      -0.0408825078909203                        0
       712                        0      -0.0299256479586596                        0       -0.040834051346054       -0.040834051346054                        0
       720                        0      -0.0299212447547164                        0      -0.0407863990331619      -0.0407863990331619                        0
       728                        0       -0.029916947704532                        0      -0.0407395281947684      -0.0407395281947684                        0
       736                        0      -0.0299127531346977                        0      -0.0406934169736928      -0.0406934169736928                        0
       744                        0      -0.0299086575367235                        0      -0.0406480443671569      -0.0406480443671569                        0
       752                        0       -0.029904657557996                        0      -0.0406033901845499      -0.0406033901845499                        0
       760                        0      -0.0299007499932861                        0      -0.0405594350070611      -0.0405594350070611                        0
