#square and square, nu_xymn_2
#MM NN: 0 0
#quadrature order: 16
#numpanels            c*(gradu.n)^2                      BEM        0.5*(gradu)^2 ex.       Boundary Formula 1       Boundary Formula 2
        72                        0        0.256549130317333                        0          0.2735666263153          0.2735666263153                        0
       144                        0         0.25823162431069                        0        0.266104540729742        0.266104540729742                        0
       288                        0        0.258554938830261                        0          0.2586276495694          0.2586276495694                        0
       576                        0         0.25857974704351                        0        0.257738802338966        0.257738802338966                        0
      1152                        0        0.258586492340472                        0        0.258602850961411        0.258602850961411                        0
      2304                        0        0.258587257854756                        0        0.258596050963678        0.258596050963678                        0
      4608                        0        0.258587349272405                        0        0.258590110814093        0.258590110814093                        0
#      9216                        0        0.258587360554475                        0        0.258588117643631        0.258588117643631                        0
