#square and square, nu_xymn_1
#MM NN: 0 0
#quadrature order: 16
#numpanels            c*(gradu.n)^2                      BEM        0.5*(gradu)^2 ex.       Boundary Formula 1       Boundary Formula 2
        72                        0        0.177328066710113                        0        0.438090534935427        0.438090534935427                        0
       144                        0         0.17763669162316                        0          0.3040143567622          0.3040143567622                        0
       288                        0        0.177572578572671                        0        0.189667363901814        0.189667363901814                        0
       576                        0        0.177566759739063                        0        0.173746341691346        0.173746341691346                        0
      1152                        0        0.177566474341803                        0        0.176550686549616        0.176550686549616                        0
      2304                        0        0.177566409999918                        0        0.177249501704755        0.177249501704755                        0
      4608                        0        0.177566403135028                        0        0.177480916390337        0.177480916390337                        0
#      9216                        0        0.177566402313022                        0        0.177544274124822        0.177544274124822                        0
