#square and square, nu_xymn_1
#MM NN: 0 0
#quadrature order: 16
#numpanels            c*(gradu.n)^2                      BEM        0.5*(gradu)^2 ex.       Boundary Formula 1       Boundary Formula 2
        90                        0         0.17714930054417                        0        0.250103976115779        0.250103976115779                        0
        99                        0        0.177562581503445                        0        0.339358138110999        0.339358138110999                        0
       108                        0        0.177216387574699                        0        0.139406671660071        0.139406671660071                        0
       117                        0        0.177534297645028                        0        0.290308583128251        0.290308583128251                        0
       126                        0        0.177560958534196                        0        0.258528108637857        0.258528108637857                        0
       135                        0        0.177415530189331                        0        0.156572124076729        0.156572124076729                        0
       144                        0         0.17763669162316                        0        0.304014356762204        0.304014356762204                        0
       153                        0        0.177536383772335                        0        0.194187213430013        0.194187213430013                        0
       162                        0        0.177516583657405                        0        0.182891918087673        0.182891918087673                        0
       171                        0        0.177637972289312                        0        0.285728049169899        0.285728049169899                        0
       180                        0        0.177530615766715                        0        0.161978710754754        0.161978710754754                        0
       189                        0        0.177569050010507                        0        0.209487668550616        0.209487668550616                        0
       198                        0        0.177610924146257                        0        0.248006270283751        0.248006270283751                        0
       207                        0        0.177538511157584                        0        0.153887108640449        0.153887108640449                        0
       216                        0        0.177591749197241                        0        0.227476790236029        0.227476790236029                        0
       225                        0        0.177585004145848                        0        0.208603982852043        0.208603982852043                        0
       234                        0        0.177551637664773                        0        0.161288209609894        0.161288209609894                        0
       243                        0        0.177595651163275                        0        0.231184971525629        0.231184971525629                        0
       252                        0        0.177568983256428                        0        0.179913245258501        0.179913245258501                        0
       261                        0        0.177564039821287                        0        0.175665953043878        0.175665953043878                        0
       270                        0        0.177589675216818                        0        0.221354306209721        0.221354306209721                        0
       279                        0        0.177562386802168                        0         0.16523117399766         0.16523117399766                        0
       288                        0        0.177572578572671                        0        0.189667363901812        0.189667363901812                        0
       297                        0        0.177580759921424                        0        0.204221970809595        0.204221970809595                        0
       306                        0         0.17756195230923                        0        0.162425178136063        0.162425178136063                        0
       315                        0        0.177576441252545                        0        0.198173722263697        0.198173722263697                        0
       324                        0        0.177573077435944                        0        0.187142685173629        0.187142685173629                        0
       333                        0        0.177564412681914                        0        0.167180556106904        0.167180556106904                        0
       342                        0        0.177576458334256                        0        0.199307438583274        0.199307438583274                        0
       351                        0        0.177568214361371                        0        0.174921420609643        0.174921420609643                        0
       360                        0        0.177567390357056                        0        0.174876669128919        0.174876669128919                        0
       369                        0         0.17757424697198                        0        0.194409927351727        0.194409927351727                        0
       378                        0        0.177566078665634                        0        0.169026357006658        0.169026357006658                        0
       387                        0        0.177569545385546                        0        0.181724585543906        0.181724585543906                        0
       396                        0        0.177571393569217                        0        0.186661787917053        0.186661787917053                        0
       405                        0        0.177565832408864                        0        0.168528312192922        0.168528312192922                        0
       414                        0        0.177570434124819                        0        0.185488763160518        0.185488763160518                        0
       423                        0        0.177568963517306                        0        0.179241318124337        0.179241318124337                        0
       432                        0        0.177566518720507                        0        0.171338862405086        0.171338862405086                        0
       441                        0        0.177570228673326                        0        0.185704235536683        0.185704235536683                        0
       450                        0        0.177567406026315                        0        0.174138500858543        0.174138500858543                        0
       459                        0        0.177567383576195                        0        0.175206033284854        0.175206033284854                        0
       468                        0        0.177569389041431                        0        0.183293843268909        0.183293843268909                        0
       477                        0        0.177566707961989                        0        0.171920494191944        0.171920494191944                        0
       486                        0        0.177567987055395                        0        0.178386732712517        0.178386732712517                        0
       495                        0        0.177568386760232                        0         0.17979175990271         0.17979175990271                        0
       504                        0         0.17756661668303                        0        0.172093286491909        0.172093286491909                        0
       513                        0        0.177568184115222                        0        0.179983209732272        0.179983209732272                        0
       522                        0        0.177567546285776                        0        0.176590130807712        0.176590130807712                        0
       531                        0        0.177566824837543                        0        0.173643639495666        0.173643639495666                        0
       540                        0        0.177568034227166                        0        0.179940631107106        0.179940631107106                        0
       549                        0        0.177567006510819                        0        0.174511740165257        0.174511740165257                        0
       558                        0        0.177567083400892                        0        0.175522451014227        0.175522451014227                        0
       567                        0        0.177567690565178                        0        0.178778770389325        0.178778770389325                        0
       576                        0        0.177566759739062                        0        0.173746341691343        0.173746341691343                        0
       585                        0        0.177567247331774                        0        0.176967783869474        0.176967783869474                        0
       594                        0        0.177567308639396                        0        0.177217661100054        0.177217661100054                        0
       603                        0        0.177566718516331                        0        0.174020414104177        0.174020414104177                        0
       612                        0        0.177567271923131                        0        0.177636874859254        0.177636874859254                        0
       621                        0        0.177566994537883                        0        0.175864635358487        0.175864635358487                        0
       630                        0        0.177566776401979                        0        0.174847554475302        0.174847554475302                        0
       639                        0        0.177567181548464                        0        0.177567075455719        0.177567075455719                        0
       648                        0        0.177566792020999                        0        0.175053591424619        0.175053591424619                        0
       657                        0        0.177566847536639                        0        0.175752188230386        0.175752188230386                        0
       666                        0        0.177567031087157                        0        0.177029087123376        0.177029087123376                        0
       675                        0        0.177566695166957                        0          0.1748347893509          0.1748347893509                        0
       684                        0        0.177566883050982                        0        0.176411241962448        0.176411241962448                        0
       693                        0        0.177566874637232                        0        0.176354855631719        0.176354855631719                        0
       702                        0         0.17756667103856                        0        0.175060034170125        0.175060034170125                        0
       711                        0        0.177566869518134                        0        0.176700210590797        0.176700210590797                        0
       720                        0        0.177566748110553                        0        0.175806633416236        0.175806633416236                        0
       729                        0        0.177566680896821                        0        0.175499354109598        0.175499354109598                        0
       738                        0        0.177566817415587                        0        0.176661334222811        0.176661334222811                        0
       747                        0        0.177566665182257                        0        0.175516460123798        0.175516460123798                        0
       756                        0        0.177566694169791                        0        0.175941296613407        0.175941296613407                        0
       765                        0        0.177566747203791                        0         0.17642989236096         0.17642989236096                        0
       774                        0        0.177566622050709                        0        0.175490038083367        0.175490038083367                        0
       783                        0         0.17756669407875                        0        0.176251985537184        0.176251985537184                        0
       792                        0        0.177566678271968                        0        0.176156743743971        0.176156743743971                        0
       801                        0        0.177566605687021                        0        0.175649712942887        0.175649712942887                        0
       810                        0        0.177566676729901                        0        0.176389154145595        0.176389154145595                        0
       819                        0         0.17756662296821                        0        0.175953708187461        0.175953708187461                        0
       828                        0        0.177566601511193                        0        0.175888407982861        0.175888407982861                        0
       837                        0         0.17756664665874                        0        0.176382358901821        0.176382358901821                        0
       846                        0        0.177566585418278                        0        0.175871359723354        0.175871359723354                        0
       855                        0        0.177566598370172                        0        0.176113561723648        0.176113561723648                        0
       864                        0         0.17756661165851                        0        0.176297420552497        0.176297420552497                        0
       873                        0        0.177566563464618                        0        0.175904580119189        0.175904580119189                        0
       882                        0        0.177566590414509                        0        0.176270876512442        0.176270876512442                        0
       891                        0        0.177566578785546                        0          0.1762020447429          0.1762020447429                        0
       900                        0        0.177566551795804                        0        0.176013927883664        0.176013927883664                        0
       909                        0        0.177566576578164                        0        0.176347564929168        0.176347564929168                        0
       918                        0        0.177566552291407                        0        0.176143262075989        0.176143262075989                        0
       927                        0        0.177566544787809                        0         0.17615026018032         0.17615026018032                        0
       936                        0        0.177566558806466                        0        0.176361310149951        0.176361310149951                        0
       945                        0        0.177566533321013                        0        0.176139674904604        0.176139674904604                        0
       954                        0        0.177566538290011                        0        0.176273630034829        0.176273630034829                        0
       963                        0        0.177566540093749                        0        0.176343514955227        0.176343514955227                        0
       972                        0        0.177566520732603                        0        0.176185621654794        0.176185621654794                        0
       981                        0        0.177566530233255                        0        0.176362529407062        0.176362529407062                        0
       990                        0        0.177566523017656                        0        0.176324224504863        0.176324224504863                        0
       999                        0         0.17756651231468                        0        0.176261600455209        0.176261600455209                        0
      1008                        0         0.17756652035135                        0        0.176413994615715        0.176413994615715                        0
      1017                        0        0.177566509021564                        0         0.17632294164506         0.17632294164506                        0
      1026                        0        0.177566505852966                        0        0.176345365254646        0.176345365254646                        0
      1035                        0        0.177566509462946                        0         0.17643779995404         0.17643779995404                        0
      1044                        0        0.177566498360296                        0        0.176346142434488        0.176346142434488                        0
      1053                        0        0.177566499773084                        0        0.176419922754323        0.176419922754323                        0
      1062                        0         0.17756649871567                        0        0.176448700725719        0.176448700725719                        0
      1071                        0         0.17756649045225                        0        0.176389859353791        0.176389859353791                        0
      1080                        0         0.17756649332924                        0        0.176477000915447        0.176477000915447                        0
      1089                        0        0.177566489043105                        0        0.176459897201113        0.176459897201113                        0
      1098                        0        0.177566484359712                        0        0.176444673399589        0.176444673399589                        0
      1107                        0        0.177566486462898                        0        0.176516509332218        0.176516509332218                        0
      1116                        0        0.177566480917071                        0        0.176479363290068        0.176479363290068                        0
      1125                        0        0.177566479193076                        0         0.17650065320173         0.17650065320173                        0
      1134                        0        0.177566479508339                        0        0.176543599907557        0.176543599907557                        0
      1143                        0        0.177566474351944                        0        0.176509175505016        0.176509175505016                        0
      1152                        0        0.177566474341802                        0        0.176550686549622        0.176550686549622                        0
      1161                        0        0.177566472898506                        0        0.176565124861198        0.176565124861198                        0
      1170                        0        0.177566469056545                        0        0.176546970743323        0.176546970743323                        0
      1179                        0        0.177566469528686                        0        0.176591721467882        0.176591721467882                        0
      1188                        0        0.177566466962711                        0         0.17658683651921         0.17658683651921                        0
      1197                        0        0.177566464625364                        0        0.176588297989462        0.176588297989462                        0
      1206                        0         0.17756646474085                        0        0.176624272878729        0.176624272878729                        0
      1215                        0        0.177566461842165                        0         0.17661195288235         0.17661195288235                        0
      1224                        0        0.177566460692393                        0         0.17662879100426         0.17662879100426                        0
      1233                        0        0.177566460108159                        0        0.176650975314177        0.176650975314177                        0
      1242                        0        0.177566457501953                        0        0.176641052213287        0.176641052213287                        0
      1251                        0        0.177566457013621                        0        0.176665533719016        0.176665533719016                        0
      1890                        0        0.177566416683401                        0        0.177113000817385        0.177113000817385                        0
      3690                        0        0.177566404037285                        0        0.177435458641781        0.177435458641781                        0
      5490                        0        0.177566402749483                        0         0.17750549140778         0.17750549140778                        0
