-0.0000265496171808  0.0000430736279911  -0.0000045928972148  -0.0003596262376042  0.0000612590600728
-0.0000265496177335  0.0000430736289737  -0.0000045928971949  -0.0003596262445962  0.0000612590618091
-0.0000081034203731  0.0000139081794181  -0.0000011196146409  -0.0001129937491404  0.0000198259858012
-0.0000284019642170  0.0000465831046593  -0.0000048470560798  -0.0003852147468412  0.0000658049539254
-0.0000284019642167  0.0000465831046587  -0.0000048470560798  -0.0003852147468373  0.0000658049539244
-0.0000088409112678  0.0000151473359509  -0.0000012371206826  -0.0001213886509781  0.0000215699492555
-0.0000299127242239  0.0000493254639104  -0.0000050651313787  -0.0004060841001377  0.0000694682365516
-0.0000299127242239  0.0000493254639104  -0.0000050651313787  -0.0004060841001377  0.0000694682365515
-0.0000093989045149  0.0000160972547421  -0.0000013224532246  -0.0001281285156358  0.0000229036534560
-0.0000307418641782  0.0000508492507884  -0.0000051798352640  -0.0004176216520660  0.0000714990834108
-0.0000307418641782  0.0000508492507884  -0.0000051798352640  -0.0004176216520660  0.0000714990834108
-0.0000097124510513  0.0000166363238835  -0.0000013696201503  -0.0001318999192445  0.0000236563812978
-0.0000313102650071  0.0000519603453321  -0.0000052451626374  -0.0004257216579533  0.0000729456652813
-0.0000313102650071  0.0000519603453321  -0.0000052451626374  -0.0004257216579533  0.0000729456652813
-0.0000099425482070  0.0000170385882111  -0.0000014043275801  -0.0001345397948873  0.0000242087762878
-0.0000316052054219  0.0000525376275657  -0.0000052777028816  -0.0004299664082573  0.0000737017410174
-0.0000316052054219  0.0000525376275657  -0.0000052777028816  -0.0004299664082573  0.0000737017410174
-0.0000100606377214  0.0000172492183085  -0.0000014211378902  -0.0001359289705519  0.0000244963002747
-0.0000318282642441  0.0000529790290764  -0.0000053006403495  -0.0004332163957041  0.0000742802955488
-0.0000318282642441  0.0000529790290764  -0.0000053006403495  -0.0004332163957041  0.0000742802955488
-0.0000101491062950  0.0000174103587973  -0.0000014330199798  -0.0001369874875910  0.0000247145735335
