 16.7466  17.1116  4.50275 -4.72317 -2.95463  17.1116  14.1401 -2.26497 -10.1811 -2.88015  4.50275 -2.26497 -12.2677 -10.3452  2.05581 -4.72317 -10.1811 -10.3452 -1.38724  8.56987 -2.95463 -2.88015  2.05581  8.56987  9.26247        0        0        0        0        0        0        0        0        0        0        0        0        0        0        0        0        0        0        0        0        0        0        0        0        0
 17.1116  23.0252  16.1411  4.84045 -1.52998  14.1401  17.2114  8.69858 -1.54642 -4.28995 -2.26497 -6.10572  -9.7294 -9.00038 -2.86052 -10.1811 -14.5275 -11.1525 -2.84513  4.85863 -2.88015 -1.02187  4.97958  9.94983  9.39319        0        0        0        0        0        0        0        0        0        0        0        0        0        0        0        0        0        0        0        0        0        0        0        0        0
 4.50275  16.1411  27.4199  25.3627  10.5428 -2.26497  8.69858  23.0708  21.7148  4.83887 -12.2677  -9.7294 0.330886  1.27959 -7.01413 -10.3452 -11.1525 -6.48247 -5.33728 -6.59551  2.05581  4.97958   6.2109  4.25077  2.57652        0        0        0        0        0        0        0        0        0        0        0        0        0        0        0        0        0        0        0        0        0        0        0        0        0
-4.72317  4.84045  25.3627  38.6172  31.8677 -10.1811 -1.54642  21.7148  36.2873  26.8281 -10.3452 -9.00038  1.27959  6.34874 -1.24917 -1.38724 -2.84513 -5.33728 -9.67198 -13.4551  8.56987  9.94983  4.25077 -1.99284 -2.54248        0        0        0        0        0        0        0        0        0        0        0        0        0        0        0        0        0        0        0        0        0        0        0        0        0
-2.95463 -1.52998  10.5428  31.8677  47.3163 -2.88015 -4.28995  4.83887  26.8281  44.3267  2.05581 -2.86052 -7.01413 -1.24917  6.86122  8.56987  4.85863 -6.59551 -13.4551 -13.4643  9.26247  9.39319  2.57652 -2.54248 -2.39384        0        0        0        0        0        0        0        0        0        0        0        0        0        0        0        0        0        0        0        0        0        0        0        0        0
 17.1116  14.1401 -2.26497 -10.1811 -2.88015  23.0252  17.2114 -6.10572 -14.5275 -1.02187  16.1411  8.69858  -9.7294 -11.1525  4.97958  4.84045 -1.54642 -9.00038 -2.84513  9.94983 -1.52998 -4.28995 -2.86052  4.85863  9.39319        0        0        0        0        0        0        0        0        0        0        0        0        0        0        0        0        0        0        0        0        0        0        0        0        0
 14.1401  17.2114  8.69858 -1.54642 -4.28995  17.2114  20.3545  9.31743 -2.62374 -4.03565  8.69858  9.31743  2.70154  -2.2209 0.522826 -1.54642 -2.62374  -2.2209 0.792506  5.12008 -4.28995 -4.03565 0.522826  5.12008  5.59974        0        0        0        0        0        0        0        0        0        0        0        0        0        0        0        0        0        0        0        0        0        0        0        0        0
-2.26497  8.69858  23.0708  21.7148  4.83887 -6.10572  9.31743  31.0628  29.3619  5.04216  -9.7294  2.70154  22.5117  21.0713 0.479899 -9.00038  -2.2209  9.67717  7.71646 -4.19763 -2.86052 0.522826   4.0655 0.347998 -5.09204        0        0        0        0        0        0        0        0        0        0        0        0        0        0        0        0        0        0        0        0        0        0        0        0        0
-10.1811 -1.54642  21.7148  36.2873  26.8281 -14.5275 -2.62374  29.3619  48.2553  33.3904 -11.1525  -2.2209  21.0713  32.6046  18.2521 -2.84513 0.792506  7.71646   7.8882  -1.2995  4.85863  5.12008 0.347998 -5.95788 -8.63751        0        0        0        0        0        0        0        0        0        0        0        0        0        0        0        0        0        0        0        0        0        0        0        0        0
-2.88015 -4.28995  4.83887  26.8281  44.3267 -1.02187 -4.03565  5.04216  33.3904  57.4869  4.97958 0.522826 0.479899  18.2521  36.8827  9.94983  5.12008 -4.19763  -1.2995  7.95519  9.39319  5.59974 -5.09204 -8.63751 -4.49954        0        0        0        0        0        0        0        0        0        0        0        0        0        0        0        0        0        0        0        0        0        0        0        0        0
 4.50275 -2.26497 -12.2677 -10.3452  2.05581  16.1411  8.69858  -9.7294 -11.1525  4.97958  27.4199  23.0708 0.330886 -6.48247   6.2109  25.3627  21.7148  1.27959 -5.33728  4.25077  10.5428  4.83887 -7.01413 -6.59551  2.57652        0        0        0        0        0        0        0        0        0        0        0        0        0        0        0        0        0        0        0        0        0        0        0        0        0
-2.26497 -6.10572  -9.7294 -9.00038 -2.86052  8.69858  9.31743  2.70154  -2.2209 0.522826  23.0708  31.0628  22.5117  9.67717   4.0655  21.7148  29.3619  21.0713  7.71646 0.347998  4.83887  5.04216 0.479899 -4.19763 -5.09204        0        0        0        0        0        0        0        0        0        0        0        0        0        0        0        0        0        0        0        0        0        0        0        0        0
-12.2677  -9.7294 0.330886  1.27959 -7.01413  -9.7294  2.70154  22.5117  21.0713 0.479899 0.330886  22.5117  46.9742  41.0603  10.4611  1.27959  21.0713  41.0603  32.9656  4.42275 -7.01413 0.479899  10.4611  4.42275 -10.8231        0        0        0        0        0        0        0        0        0        0        0        0        0        0        0        0        0        0        0        0        0        0        0        0        0
-10.3452 -9.00038  1.27959  6.34874 -1.24917 -11.1525  -2.2209  21.0713  32.6046  18.2521 -6.48247  9.67717  41.0603  56.4543  38.7906 -5.33728  7.71646  32.9656  44.7865  29.6561 -6.59551 -4.19763  4.42275  7.28467 -0.67266        0        0        0        0        0        0        0        0        0        0        0        0        0        0        0        0        0        0        0        0        0        0        0        0        0
 2.05581 -2.86052 -7.01413 -1.24917  6.86122  4.97958 0.522826 0.479899  18.2521  36.8827   6.2109   4.0655  10.4611  38.7906  65.2591  4.25077 0.347998  4.42275  29.6561  54.2459  2.57652 -5.09204 -10.8231 -0.67266    13.66        0        0        0        0        0        0        0        0        0        0        0        0        0        0        0        0        0        0        0        0        0        0        0        0        0
-4.72317 -10.1811 -10.3452 -1.38724  8.56987  4.84045 -1.54642 -9.00038 -2.84513  9.94983  25.3627  21.7148  1.27959 -5.33728  4.25077  38.6172  36.2873  6.34874 -9.67198 -1.99284  31.8677  26.8281 -1.24917 -13.4551 -2.54248        0        0        0        0        0        0        0        0        0        0        0        0        0        0        0        0        0        0        0        0        0        0        0        0        0
-10.1811 -14.5275 -11.1525 -2.84513  4.85863 -1.54642 -2.62374  -2.2209 0.792506  5.12008  21.7148  29.3619  21.0713  7.71646 0.347998  36.2873  48.2553  32.6046   7.8882 -5.95788  26.8281  33.3904  18.2521  -1.2995 -8.63751        0        0        0        0        0        0        0        0        0        0        0        0        0        0        0        0        0        0        0        0        0        0        0        0        0
-10.3452 -11.1525 -6.48247 -5.33728 -6.59551 -9.00038  -2.2209  9.67717  7.71646 -4.19763  1.27959  21.0713  41.0603  32.9656  4.42275  6.34874  32.6046  56.4543  44.7865  7.28467 -1.24917  18.2521  38.7906  29.6561 -0.67266        0        0        0        0        0        0        0        0        0        0        0        0        0        0        0        0        0        0        0        0        0        0        0        0        0
-1.38724 -2.84513 -5.33728 -9.67198 -13.4551 -2.84513 0.792506  7.71646   7.8882  -1.2995 -5.33728  7.71646  32.9656  44.7865  29.6561 -9.67198   7.8882  44.7865  64.7947  46.6616 -13.4551  -1.2995  29.6561  46.6616  30.9609        0        0        0        0        0        0        0        0        0        0        0        0        0        0        0        0        0        0        0        0        0        0        0        0        0
 8.56987  4.85863 -6.59551 -13.4551 -13.4643  9.94983  5.12008 -4.19763  -1.2995  7.95519  4.25077 0.347998  4.42275  29.6561  54.2459 -1.99284 -5.95788  7.28467  46.6616  79.8557 -2.54248 -8.63751 -0.67266  30.9609  58.2648        0        0        0        0        0        0        0        0        0        0        0        0        0        0        0        0        0        0        0        0        0        0        0        0        0
-2.95463 -2.88015  2.05581  8.56987  9.26247 -1.52998 -4.28995 -2.86052  4.85863  9.39319  10.5428  4.83887 -7.01413 -6.59551  2.57652  31.8677  26.8281 -1.24917 -13.4551 -2.54248  47.3163  44.3267  6.86122 -13.4643 -2.39384        0        0        0        0        0        0        0        0        0        0        0        0        0        0        0        0        0        0        0        0        0        0        0        0        0
-2.88015 -1.02187  4.97958  9.94983  9.39319 -4.28995 -4.03565 0.522826  5.12008  5.59974  4.83887  5.04216 0.479899 -4.19763 -5.09204  26.8281  33.3904  18.2521  -1.2995 -8.63751  44.3267  57.4869  36.8827  7.95519 -4.49954        0        0        0        0        0        0        0        0        0        0        0        0        0        0        0        0        0        0        0        0        0        0        0        0        0
 2.05581  4.97958   6.2109  4.25077  2.57652 -2.86052 0.522826   4.0655 0.347998 -5.09204 -7.01413 0.479899  10.4611  4.42275 -10.8231 -1.24917  18.2521  38.7906  29.6561 -0.67266  6.86122  36.8827  65.2591  54.2459    13.66        0        0        0        0        0        0        0        0        0        0        0        0        0        0        0        0        0        0        0        0        0        0        0        0        0
 8.56987  9.94983  4.25077 -1.99284 -2.54248  4.85863  5.12008 0.347998 -5.95788 -8.63751 -6.59551 -4.19763  4.42275  7.28467 -0.67266 -13.4551  -1.2995  29.6561  46.6616  30.9609 -13.4643  7.95519  54.2459  79.8557  58.2648        0        0        0        0        0        0        0        0        0        0        0        0        0        0        0        0        0        0        0        0        0        0        0        0        0
 9.26247  9.39319  2.57652 -2.54248 -2.39384  9.39319  5.59974 -5.09204 -8.63751 -4.49954  2.57652 -5.09204 -10.8231 -0.67266    13.66 -2.54248 -8.63751 -0.67266  30.9609  58.2648 -2.39384 -4.49954    13.66  58.2648  92.0229        0        0        0        0        0        0        0        0        0        0        0        0        0        0        0        0        0        0        0        0        0        0        0        0        0
       0        0        0        0        0        0        0        0        0        0        0        0        0        0        0        0        0        0        0        0        0        0        0        0        0  16.7466  17.1116  4.50275 -4.72317 -2.95463  17.1116  14.1401 -2.26497 -10.1811 -2.88015  4.50275 -2.26497 -12.2677 -10.3452  2.05581 -4.72317 -10.1811 -10.3452 -1.38724  8.56987 -2.95463 -2.88015  2.05581  8.56987  9.26247
       0        0        0        0        0        0        0        0        0        0        0        0        0        0        0        0        0        0        0        0        0        0        0        0        0  17.1116  23.0252  16.1411  4.84045 -1.52998  14.1401  17.2114  8.69858 -1.54642 -4.28995 -2.26497 -6.10572  -9.7294 -9.00038 -2.86052 -10.1811 -14.5275 -11.1525 -2.84513  4.85863 -2.88015 -1.02187  4.97958  9.94983  9.39319
       0        0        0        0        0        0        0        0        0        0        0        0        0        0        0        0        0        0        0        0        0        0        0        0        0  4.50275  16.1411  27.4199  25.3627  10.5428 -2.26497  8.69858  23.0708  21.7148  4.83887 -12.2677  -9.7294 0.330886  1.27959 -7.01413 -10.3452 -11.1525 -6.48247 -5.33728 -6.59551  2.05581  4.97958   6.2109  4.25077  2.57652
       0        0        0        0        0        0        0        0        0        0        0        0        0        0        0        0        0        0        0        0        0        0        0        0        0 -4.72317  4.84045  25.3627  38.6172  31.8677 -10.1811 -1.54642  21.7148  36.2873  26.8281 -10.3452 -9.00038  1.27959  6.34874 -1.24917 -1.38724 -2.84513 -5.33728 -9.67198 -13.4551  8.56987  9.94983  4.25077 -1.99284 -2.54248
       0        0        0        0        0        0        0        0        0        0        0        0        0        0        0        0        0        0        0        0        0        0        0        0        0 -2.95463 -1.52998  10.5428  31.8677  47.3163 -2.88015 -4.28995  4.83887  26.8281  44.3267  2.05581 -2.86052 -7.01413 -1.24917  6.86122  8.56987  4.85863 -6.59551 -13.4551 -13.4643  9.26247  9.39319  2.57652 -2.54248 -2.39384
       0        0        0        0        0        0        0        0        0        0        0        0        0        0        0        0        0        0        0        0        0        0        0        0        0  17.1116  14.1401 -2.26497 -10.1811 -2.88015  23.0252  17.2114 -6.10572 -14.5275 -1.02187  16.1411  8.69858  -9.7294 -11.1525  4.97958  4.84045 -1.54642 -9.00038 -2.84513  9.94983 -1.52998 -4.28995 -2.86052  4.85863  9.39319
       0        0        0        0        0        0        0        0        0        0        0        0        0        0        0        0        0        0        0        0        0        0        0        0        0  14.1401  17.2114  8.69858 -1.54642 -4.28995  17.2114  20.3545  9.31743 -2.62374 -4.03565  8.69858  9.31743  2.70154  -2.2209 0.522826 -1.54642 -2.62374  -2.2209 0.792506  5.12008 -4.28995 -4.03565 0.522826  5.12008  5.59974
       0        0        0        0        0        0        0        0        0        0        0        0        0        0        0        0        0        0        0        0        0        0        0        0        0 -2.26497  8.69858  23.0708  21.7148  4.83887 -6.10572  9.31743  31.0628  29.3619  5.04216  -9.7294  2.70154  22.5117  21.0713 0.479899 -9.00038  -2.2209  9.67717  7.71646 -4.19763 -2.86052 0.522826   4.0655 0.347998 -5.09204
       0        0        0        0        0        0        0        0        0        0        0        0        0        0        0        0        0        0        0        0        0        0        0        0        0 -10.1811 -1.54642  21.7148  36.2873  26.8281 -14.5275 -2.62374  29.3619  48.2553  33.3904 -11.1525  -2.2209  21.0713  32.6046  18.2521 -2.84513 0.792506  7.71646   7.8882  -1.2995  4.85863  5.12008 0.347998 -5.95788 -8.63751
       0        0        0        0        0        0        0        0        0        0        0        0        0        0        0        0        0        0        0        0        0        0        0        0        0 -2.88015 -4.28995  4.83887  26.8281  44.3267 -1.02187 -4.03565  5.04216  33.3904  57.4869  4.97958 0.522826 0.479899  18.2521  36.8827  9.94983  5.12008 -4.19763  -1.2995  7.95519  9.39319  5.59974 -5.09204 -8.63751 -4.49954
       0        0        0        0        0        0        0        0        0        0        0        0        0        0        0        0        0        0        0        0        0        0        0        0        0  4.50275 -2.26497 -12.2677 -10.3452  2.05581  16.1411  8.69858  -9.7294 -11.1525  4.97958  27.4199  23.0708 0.330886 -6.48247   6.2109  25.3627  21.7148  1.27959 -5.33728  4.25077  10.5428  4.83887 -7.01413 -6.59551  2.57652
       0        0        0        0        0        0        0        0        0        0        0        0        0        0        0        0        0        0        0        0        0        0        0        0        0 -2.26497 -6.10572  -9.7294 -9.00038 -2.86052  8.69858  9.31743  2.70154  -2.2209 0.522826  23.0708  31.0628  22.5117  9.67717   4.0655  21.7148  29.3619  21.0713  7.71646 0.347998  4.83887  5.04216 0.479899 -4.19763 -5.09204
       0        0        0        0        0        0        0        0        0        0        0        0        0        0        0        0        0        0        0        0        0        0        0        0        0 -12.2677  -9.7294 0.330886  1.27959 -7.01413  -9.7294  2.70154  22.5117  21.0713 0.479899 0.330886  22.5117  46.9742  41.0603  10.4611  1.27959  21.0713  41.0603  32.9656  4.42275 -7.01413 0.479899  10.4611  4.42275 -10.8231
       0        0        0        0        0        0        0        0        0        0        0        0        0        0        0        0        0        0        0        0        0        0        0        0        0 -10.3452 -9.00038  1.27959  6.34874 -1.24917 -11.1525  -2.2209  21.0713  32.6046  18.2521 -6.48247  9.67717  41.0603  56.4543  38.7906 -5.33728  7.71646  32.9656  44.7865  29.6561 -6.59551 -4.19763  4.42275  7.28467 -0.67266
       0        0        0        0        0        0        0        0        0        0        0        0        0        0        0        0        0        0        0        0        0        0        0        0        0  2.05581 -2.86052 -7.01413 -1.24917  6.86122  4.97958 0.522826 0.479899  18.2521  36.8827   6.2109   4.0655  10.4611  38.7906  65.2591  4.25077 0.347998  4.42275  29.6561  54.2459  2.57652 -5.09204 -10.8231 -0.67266    13.66
       0        0        0        0        0        0        0        0        0        0        0        0        0        0        0        0        0        0        0        0        0        0        0        0        0 -4.72317 -10.1811 -10.3452 -1.38724  8.56987  4.84045 -1.54642 -9.00038 -2.84513  9.94983  25.3627  21.7148  1.27959 -5.33728  4.25077  38.6172  36.2873  6.34874 -9.67198 -1.99284  31.8677  26.8281 -1.24917 -13.4551 -2.54248
       0        0        0        0        0        0        0        0        0        0        0        0        0        0        0        0        0        0        0        0        0        0        0        0        0 -10.1811 -14.5275 -11.1525 -2.84513  4.85863 -1.54642 -2.62374  -2.2209 0.792506  5.12008  21.7148  29.3619  21.0713  7.71646 0.347998  36.2873  48.2553  32.6046   7.8882 -5.95788  26.8281  33.3904  18.2521  -1.2995 -8.63751
       0        0        0        0        0        0        0        0        0        0        0        0        0        0        0        0        0        0        0        0        0        0        0        0        0 -10.3452 -11.1525 -6.48247 -5.33728 -6.59551 -9.00038  -2.2209  9.67717  7.71646 -4.19763  1.27959  21.0713  41.0603  32.9656  4.42275  6.34874  32.6046  56.4543  44.7865  7.28467 -1.24917  18.2521  38.7906  29.6561 -0.67266
       0        0        0        0        0        0        0        0        0        0        0        0        0        0        0        0        0        0        0        0        0        0        0        0        0 -1.38724 -2.84513 -5.33728 -9.67198 -13.4551 -2.84513 0.792506  7.71646   7.8882  -1.2995 -5.33728  7.71646  32.9656  44.7865  29.6561 -9.67198   7.8882  44.7865  64.7947  46.6616 -13.4551  -1.2995  29.6561  46.6616  30.9609
       0        0        0        0        0        0        0        0        0        0        0        0        0        0        0        0        0        0        0        0        0        0        0        0        0  8.56987  4.85863 -6.59551 -13.4551 -13.4643  9.94983  5.12008 -4.19763  -1.2995  7.95519  4.25077 0.347998  4.42275  29.6561  54.2459 -1.99284 -5.95788  7.28467  46.6616  79.8557 -2.54248 -8.63751 -0.67266  30.9609  58.2648
       0        0        0        0        0        0        0        0        0        0        0        0        0        0        0        0        0        0        0        0        0        0        0        0        0 -2.95463 -2.88015  2.05581  8.56987  9.26247 -1.52998 -4.28995 -2.86052  4.85863  9.39319  10.5428  4.83887 -7.01413 -6.59551  2.57652  31.8677  26.8281 -1.24917 -13.4551 -2.54248  47.3163  44.3267  6.86122 -13.4643 -2.39384
       0        0        0        0        0        0        0        0        0        0        0        0        0        0        0        0        0        0        0        0        0        0        0        0        0 -2.88015 -1.02187  4.97958  9.94983  9.39319 -4.28995 -4.03565 0.522826  5.12008  5.59974  4.83887  5.04216 0.479899 -4.19763 -5.09204  26.8281  33.3904  18.2521  -1.2995 -8.63751  44.3267  57.4869  36.8827  7.95519 -4.49954
       0        0        0        0        0        0        0        0        0        0        0        0        0        0        0        0        0        0        0        0        0        0        0        0        0  2.05581  4.97958   6.2109  4.25077  2.57652 -2.86052 0.522826   4.0655 0.347998 -5.09204 -7.01413 0.479899  10.4611  4.42275 -10.8231 -1.24917  18.2521  38.7906  29.6561 -0.67266  6.86122  36.8827  65.2591  54.2459    13.66
       0        0        0        0        0        0        0        0        0        0        0        0        0        0        0        0        0        0        0        0        0        0        0        0        0  8.56987  9.94983  4.25077 -1.99284 -2.54248  4.85863  5.12008 0.347998 -5.95788 -8.63751 -6.59551 -4.19763  4.42275  7.28467 -0.67266 -13.4551  -1.2995  29.6561  46.6616  30.9609 -13.4643  7.95519  54.2459  79.8557  58.2648
       0        0        0        0        0        0        0        0        0        0        0        0        0        0        0        0        0        0        0        0        0        0        0        0        0  9.26247  9.39319  2.57652 -2.54248 -2.39384  9.39319  5.59974 -5.09204 -8.63751 -4.49954  2.57652 -5.09204 -10.8231 -0.67266    13.66 -2.54248 -8.63751 -0.67266  30.9609  58.2648 -2.39384 -4.49954    13.66  58.2648  92.0229
