#square and square, nu_xymn_1
#MM NN: 5 2
#quadrature order: 16
#numpanels            c*(gradu.n)^2                      BEM        0.5*(gradu)^2 ex.       Boundary Formula 1       Boundary Formula 2
        72                        0       0.0603055989699511                        0       0.0525094356209039       0.0525094356209039                        0
       144                        0       0.0612346565325295                        0       0.0600133133797153       0.0600133133797153                        0
       288                        0       0.0613217046038123                        0       0.0613212996031999       0.0613212996031999                        0
       576                        0       0.0613288057600061                        0       0.0613482147241504       0.0613482147241504                        0
      1152                        0       0.0613294311439612                        0       0.0613358359559282       0.0613358359559282                        0
      2304                        0       0.0613295104840519                        0       0.0613312924838117       0.0613312924838117                        0
      4608                        0       0.0613295204461981                        0       0.0613299883453826       0.0613299883453826                        0
      9216                        0       0.0613295216931376                        0       0.0613296414744796       0.0613296414744796                        0
