#square and square, nu_xymn_2
#MM NN: 5 2
#quadrature order: 16
#numpanels            c*(gradu.n)^2                      BEM        0.5*(gradu)^2 ex.       Boundary Formula 1       Boundary Formula 2
        72                        0       0.0191894669280807                        0       0.0233702783860893       0.0233702783860893                        0
       144                        0       0.0203603544482929                        0        0.021296364497539        0.021296364497539                        0
       288                        0       0.0204832003701539                        0       0.0205584173669094       0.0205584173669094                        0
       576                        0       0.0204926607586832                        0        0.020502923964685        0.020502923964685                        0
      1152                        0        0.020493608074274                        0       0.0204956022627045       0.0204956022627045                        0
      2304                        0       0.0204937261439794                        0       0.0204941612802908       0.0204941612802908                        0
      4608                        0        0.020493740848736                        0       0.0204938419679801       0.0204938419679801                        0
      9216                        0       0.0204937426852644                        0       0.0204937670163743       0.0204937670163743                        0
