#square and square, nu_xymn_2
#MM NN: 2 4
#quadrature order: 16
#numpanels            c*(gradu.n)^2                      BEM        0.5*(gradu)^2 ex.       Boundary Formula 1       Boundary Formula 2
        72                        0       -0.302875767563299                        0       -0.346769286953475       -0.346769286953475                        0
       144                        0       -0.296729513071441                        0       -0.309649369559184       -0.309649369559184                        0
       288                        0       -0.295769253578336                        0       -0.297945142839379       -0.297945142839379                        0
       576                        0       -0.295691698694094                        0       -0.295931817038578       -0.295931817038578                        0
      1152                        0       -0.295683579205091                        0       -0.295763298021616       -0.295763298021616                        0
      2304                        0       -0.295682450194999                        0       -0.295701862360945       -0.295701862360945                        0
      4608                        0       -0.295682315992614                        0       -0.295687128933611       -0.295687128933611                        0
      9216                        0       -0.295682299429837                        0       -0.295683498251548       -0.295683498251548                        0
