#square and square, nu_xymn_1
#MM NN: 5 5
#quadrature order: 16
#numpanels            c*(gradu.n)^2                      BEM        0.5*(gradu)^2 ex.       Boundary Formula 1       Boundary Formula 2
        72                        0       -0.304594116465808                        0       -0.289317886468532       -0.289317886468532                        0
       144                        0       -0.309326169651711                        0       -0.308040945548036       -0.308040945548036                        0
       288                        0       -0.309092530097154                        0       -0.309057552698807       -0.309057552698807                        0
       576                        0       -0.309055481979456                        0       -0.309381425318943       -0.309381425318943                        0
      1152                        0        -0.30908215355182                        0       -0.309122070336377       -0.309122070336377                        0
      2304                        0       -0.309084479150032                        0       -0.309092409249099       -0.309092409249099                        0
      4608                        0       -0.309084765601868                        0       -0.309086512100488       -0.309086512100488                        0
      9216                        0       -0.309084801252253                        0       -0.309085209847386       -0.309085209847386                        0
