#square and square, nu_xymn_2
#MM NN: 5 3
#quadrature order: 16
#numpanels            c*(gradu.n)^2                      BEM        0.5*(gradu)^2 ex.       Boundary Formula 1       Boundary Formula 2
        72                        0        0.117266610801151                        0        0.127196080858266        0.127196080858266                        0
       144                        0        0.110460929963357                        0        0.115650295814956        0.115650295814956                        0
       288                        0        0.109541657019133                        0        0.110227912698935        0.110227912698935                        0
       576                        0        0.109488797837433                        0        0.109514652676104        0.109514652676104                        0
      1152                        0        0.109484359871118                        0        0.109520935132543        0.109520935132543                        0
      2304                        0        0.109483678081955                        0        0.109492954362078        0.109492954362078                        0
      4608                        0        0.109483598165741                        0        0.109485940660959        0.109485940660959                        0
      9216                        0        0.109483588406769                        0        0.109484177089562        0.109484177089562                        0
