#square and square, nu_xymn_1
#MM NN: 4 4
#quadrature order: 16
#numpanels            c*(gradu.n)^2                      BEM        0.5*(gradu)^2 ex.       Boundary Formula 1       Boundary Formula 2
        72                        0      0.00380244739178476                        0       0.0267456679150842       0.0267456679150842                        0
       144                        0      0.00531201731255543                        0       0.0117827867493937       0.0117827867493937                        0
       288                        0      0.00624703610647814                        0      0.00651103305961162      0.00651103305961162                        0
       576                        0      0.00632860429144494                        0      0.00601385478753355      0.00601385478753355                        0
      1152                        0      0.00632683001204065                        0        0.006252122691253        0.006252122691253                        0
      2304                        0      0.00632711875080172                        0      0.00630633376966824      0.00630633376966824                        0
      4608                        0      0.00632714755596514                        0      0.00632174455308038      0.00632174455308038                        0
      9216                        0      0.00632715092963421                        0       0.0063257748181838       0.0063257748181838                        0
