#square and square, nu_xymn_1
#MM NN: 1 5
#quadrature order: 16
#numpanels            c*(gradu.n)^2                      BEM        0.5*(gradu)^2 ex.       Boundary Formula 1       Boundary Formula 2
        72                        0        0.277512129161274                        0        0.232013355091113        0.232013355091113                        0
       144                        0        0.282868303863457                        0        0.276176220218115        0.276176220218115                        0
       288                        0        0.283405628236575                        0        0.283546794983496        0.283546794983496                        0
       576                        0        0.283452489642468                        0        0.283533169846976        0.283533169846976                        0
      1152                        0        0.283450812283156                        0        0.283488118605267        0.283488118605267                        0
      2304                        0        0.283450804452243                        0        0.283461558936346        0.283461558936346                        0
      4608                        0        0.283450804663201                        0        0.283453666706534        0.283453666706534                        0
      9216                        0        0.283450804734298                        0        0.283451541672137        0.283451541672137                        0
