#square and square, nu_xymn_2
#MM NN: 2 3
#quadrature order: 16
#numpanels            c*(gradu.n)^2                      BEM        0.5*(gradu)^2 ex.       Boundary Formula 1       Boundary Formula 2
        72                        0        0.144495487821151                        0        0.159935471405629        0.159935471405629                        0
       144                        0        0.143101615135177                        0        0.145905853145844        0.145905853145844                        0
       288                        0        0.142887715338697                        0        0.143038234045874        0.143038234045874                        0
       576                        0         0.14287571820849                        0         0.14285116177241         0.14285116177241                        0
      1152                        0        0.142873982969771                        0        0.142879874115843        0.142879874115843                        0
      2304                        0        0.142873759600853                        0        0.142875292904629        0.142875292904629                        0
      4608                        0        0.142873733305489                        0        0.142874127226422        0.142874127226422                        0
      9216                        0         0.14287373008499                        0        0.142873829956653        0.142873829956653                        0
