#square and square, nu_xymn_2
#MM NN: 5 2
#quadrature order: 16
#numpanels            c*(gradu.n)^2                      BEM        0.5*(gradu)^2 ex.       Boundary Formula 1       Boundary Formula 2
        72                        0        0.355413492095064                        0        0.396023809327564        0.396023809327564                        0
       144                        0        0.334060589956316                        0        0.353202105290093        0.353202105290093                        0
       288                        0        0.330804496815092                        0        0.333972885278283        0.333972885278283                        0
       576                        0        0.330573236458016                        0        0.330764823572727        0.330764823572727                        0
      1152                        0        0.330553854513267                        0        0.330680429087326        0.330680429087326                        0
      2304                        0        0.330551023772124                        0        0.330582578352803        0.330582578352803                        0
      4608                        0        0.330550687056354                        0        0.330558614191913        0.330558614191913                        0
      9216                        0        0.330550645569696                        0        0.330552633369582        0.330552633369582                        0
