#square and square, nu_xymn_1
#MM NN: 5 1
#quadrature order: 16
#numpanels            c*(gradu.n)^2                      BEM        0.5*(gradu)^2 ex.       Boundary Formula 1       Boundary Formula 2
        72                        0       -0.313011526689224                        0       -0.212372229310468       -0.212372229310468                        0
       144                        0        -0.29628972110924                        0       -0.277587581037506       -0.277587581037506                        0
       288                        0        -0.29411024862085                        0       -0.294099608251926       -0.294099608251926                        0
       576                        0       -0.293967173707829                        0        -0.29434005382136        -0.29434005382136                        0
      1152                        0       -0.293921638420009                        0       -0.294084669786896       -0.294084669786896                        0
      2304                        0        -0.29391657823523                        0       -0.293966167176951       -0.293966167176951                        0
      4608                        0       -0.293915970712115                        0       -0.293929327524538       -0.293929327524538                        0
      9216                        0       -0.293915895632953                        0       -0.293919351658886       -0.293919351658886                        0
