#square and square, nu_xymn_2
#MM NN: 5 4
#quadrature order: 16
#numpanels            c*(gradu.n)^2                      BEM        0.5*(gradu)^2 ex.       Boundary Formula 1       Boundary Formula 2
        72                        0        0.010435124402637                        0       0.0125110862068076       0.0125110862068076                        0
       144                        0       0.0109708423598467                        0       0.0114348298964839       0.0114348298964839                        0
       288                        0       0.0110246485033878                        0        0.011065927536585        0.011065927536585                        0
       576                        0       0.0110289817342202                        0       0.0110350404302966       0.0110350404302966                        0
      1152                        0       0.0110294070657289                        0       0.0110306225169666       0.0110306225169666                        0
      2304                        0       0.0110294604281522                        0       0.0110297307857871       0.0110297307857871                        0
      4608                        0       0.0110294670847301                        0       0.0110295306104316       0.0110295306104316                        0
      9216                        0        0.011029467916407                        0       0.0110294832942315       0.0110294832942315                        0
