#square and square, nu_xymn_1
#MM NN: 5 3
#quadrature order: 16
#numpanels            c*(gradu.n)^2                      BEM        0.5*(gradu)^2 ex.       Boundary Formula 1       Boundary Formula 2
        72                        0       0.0327638776540929                        0       0.0289511717272278       0.0289511717272278                        0
       144                        0       0.0330043739203204                        0       0.0324646878807341       0.0324646878807341                        0
       288                        0       0.0330233415615094                        0       0.0330289428035389       0.0330289428035389                        0
       576                        0       0.0330251391969209                        0       0.0330357049523286       0.0330357049523286                        0
      1152                        0       0.0330252494530069                        0       0.0330286446319911       0.0330286446319911                        0
      2304                        0       0.0330252648096983                        0       0.0330262019268624       0.0330262019268624                        0
      4608                        0        0.033025266777541                        0       0.0330255120217009       0.0330255120217009                        0
      9216                        0       0.0330252670251357                        0       0.0330253297110392       0.0330253297110392                        0
