#square and square, nu_xymn_1
#MM NN: 2 1
#quadrature order: 16
#numpanels            c*(gradu.n)^2                      BEM        0.5*(gradu)^2 ex.       Boundary Formula 1       Boundary Formula 2
        72                        0        0.417233327675333                        0        0.405162837750067        0.405162837750067                        0
       144                        0        0.422071646826292                        0        0.423030959287105        0.423030959287105                        0
       288                        0        0.422770232660855                        0        0.423032568028267        0.423032568028267                        0
       576                        0         0.42281513225885                        0        0.422853011145902        0.422853011145902                        0
      1152                        0        0.422829937140474                        0        0.422821332403792        0.422821332403792                        0
      2304                        0        0.422831573370459                        0        0.422827075144804        0.422827075144804                        0
      4608                        0        0.422831769727313                        0        0.422830408619356        0.422830408619356                        0
      9216                        0        0.422831793993737                        0        0.422831425458894        0.422831425458894                        0
