#square and square, nu_xymn_2
#MM NN: 1 3
#quadrature order: 16
#numpanels            c*(gradu.n)^2                      BEM        0.5*(gradu)^2 ex.       Boundary Formula 1       Boundary Formula 2
        72                        0        0.150203840785982                        0        0.170667191341827        0.170667191341827                        0
       144                        0         0.14803856510194                        0        0.153454365107033        0.153454365107033                        0
       288                        0        0.147650712691663                        0        0.148407833571892        0.148407833571892                        0
       576                        0        0.147622069841833                        0        0.147696004146616        0.147696004146616                        0
      1152                        0        0.147618488247249                        0        0.147646631873486        0.147646631873486                        0
      2304                        0        0.147618011855437                        0        0.147624814244043        0.147624814244043                        0
      4608                        0        0.147617955488541                        0        0.147619636987128        0.147619636987128                        0
      9216                        0        0.147617948548269                        0        0.147618366806743        0.147618366806743                        0
