#square and square, nu_xymn_1
#MM NN: 2 2
#quadrature order: 16
#numpanels            c*(gradu.n)^2                      BEM        0.5*(gradu)^2 ex.       Boundary Formula 1       Boundary Formula 2
        72                        0        0.142924808749446                        0        0.130117379804043        0.130117379804043                        0
       144                        0        0.142786547904875                        0        0.141019742309513        0.141019742309513                        0
       288                        0         0.14274225562976                        0        0.142784692967916        0.142784692967916                        0
       576                        0        0.142739487520601                        0        0.142784688572783        0.142784688572783                        0
      1152                        0         0.14273920604444                        0        0.142752391003099        0.142752391003099                        0
      2304                        0         0.14273916455519                        0        0.142742726533961        0.142742726533961                        0
      4608                        0        0.142739159845487                        0        0.142740083865135        0.142740083865135                        0
      9216                        0         0.14273915927386                        0        0.142739394497984        0.142739394497984                        0
