#square and square, nu_xymn_1
#MM NN: 5 4
#quadrature order: 16
#numpanels            c*(gradu.n)^2                      BEM        0.5*(gradu)^2 ex.       Boundary Formula 1       Boundary Formula 2
        72                        0       0.0183538450544068                        0       0.0165082764401923       0.0165082764401923                        0
       144                        0       0.0183071447693973                        0       0.0180907506173548       0.0180907506173548                        0
       288                        0       0.0182985706366427                        0       0.0183061288929023       0.0183061288929023                        0
       576                        0       0.0182981462747452                        0       0.0183041719073778       0.0183041719073778                        0
      1152                        0       0.0182980473708698                        0        0.018299912183689        0.018299912183689                        0
      2304                        0       0.0182980365253181                        0       0.0182985451328742       0.0182985451328742                        0
      4608                        0       0.0182980352135697                        0       0.0182981676463935       0.0182981676463935                        0
      9216                        0       0.0182980350510181                        0       0.0182980688221355       0.0182980688221355                        0
