#square and square, nu_xymn_2
#MM NN: 4 1
#quadrature order: 16
#numpanels            c*(gradu.n)^2                      BEM        0.5*(gradu)^2 ex.       Boundary Formula 1       Boundary Formula 2
        72                        0       0.0324097015193765                        0       0.0386589159532651       0.0386589159532651                        0
       144                        0       0.0338289993958668                        0       0.0350094746356929       0.0350094746356929                        0
       288                        0       0.0339693595102948                        0       0.0340505668094237       0.0340505668094237                        0
       576                        0       0.0339800959549748                        0       0.0339901456512447       0.0339901456512447                        0
      1152                        0       0.0339810872014545                        0       0.0339829336159052       0.0339829336159052                        0
      2304                        0       0.0339812143012378                        0       0.0339816026452754       0.0339816026452754                        0
      4608                        0       0.0339812301401729                        0       0.0339813183894272       0.0339813183894272                        0
      9216                        0       0.0339812321184424                        0       0.0339812530880891       0.0339812530880891                        0
