#square and square, nu_xymn_2
#MM NN: 3 3
#quadrature order: 16
#numpanels            c*(gradu.n)^2                      BEM        0.5*(gradu)^2 ex.       Boundary Formula 1       Boundary Formula 2
        72                        0       0.0370445083221803                        0       0.0429913876351871       0.0429913876351871                        0
       144                        0       0.0379511498666511                        0       0.0390639100872118       0.0390639100872118                        0
       288                        0       0.0380507926978078                        0       0.0381528277639212       0.0381528277639212                        0
       576                        0       0.0380585188206876                        0       0.0380745811604612       0.0380745811604612                        0
      1152                        0       0.0380589744941132                        0        0.038062283047409        0.038062283047409                        0
      2304                        0         0.03805903984289                        0       0.0380597875471289       0.0380597875471289                        0
      4608                        0       0.0380590480785164                        0       0.0380592253847466       0.0380592253847466                        0
      9216                        0        0.038059049110342                        0        0.038059092245983        0.038059092245983                        0
