#square and square, nu_xymn_2
#MM NN: 3 5
#quadrature order: 16
#numpanels            c*(gradu.n)^2                      BEM        0.5*(gradu)^2 ex.       Boundary Formula 1       Boundary Formula 2
        72                        0       -0.875915909469326                        0       -0.986678184716697       -0.986678184716697                        0
       144                        0        -0.85142804413032                        0       -0.882674106794761       -0.882674106794761                        0
       288                        0       -0.848114944463799                        0       -0.853388155539508       -0.853388155539508                        0
       576                        0       -0.847849917556978                        0       -0.848304718191425       -0.848304718191425                        0
      1152                        0       -0.847824483730424                        0       -0.848016125345324       -0.848016125345324                        0
      2304                        0         -0.8478209361142                        0       -0.847868457085978       -0.847868457085978                        0
      4608                        0        -0.84782051098789                        0       -0.847832405309736       -0.847832405309736                        0
      9216                        0       -0.847820458416938                        0       -0.847823435130402       -0.847823435130402                        0
