#square and square, nu_xymn_1
#MM NN: 1 1
#quadrature order: 16
#numpanels            c*(gradu.n)^2                      BEM        0.5*(gradu)^2 ex.       Boundary Formula 1       Boundary Formula 2
        72                        0         0.29038231415757                        0        0.274951480246692        0.274951480246692                        0
       144                        0        0.293353284519128                        0        0.292489466733204        0.292489466733204                        0
       288                        0        0.293752587914664                        0        0.293904384557758        0.293904384557758                        0
       576                        0        0.293779179874486                        0         0.29382600226084         0.29382600226084                        0
      1152                        0        0.293786780372001                        0        0.293791258904357        0.293791258904357                        0
      2304                        0        0.293787626767615                        0        0.293787786321722        0.293787786321722                        0
      4608                        0        0.293787728649504                        0        0.293787676732729        0.293787676732729                        0
      9216                        0        0.293787741251873                        0        0.293787717461558        0.293787717461558                        0
