#square and square, nu_xymn_1
#MM NN: 4 4
#quadrature order: 16
#numpanels            c*(gradu.n)^2                      BEM        0.5*(gradu)^2 ex.       Boundary Formula 1       Boundary Formula 2
        72                        0       0.0247087638514497                        0       0.0225132364757697       0.0225132364757697                        0
       144                        0       0.0245068097779588                        0        0.024272840425296        0.024272840425296                        0
       288                        0       0.0244877339170695                        0       0.0245005644228129       0.0245005644228129                        0
       576                        0       0.0244863699072245                        0       0.0244944345219957       0.0244944345219957                        0
      1152                        0       0.0244861269488712                        0       0.0244885721793456       0.0244885721793456                        0
      2304                        0       0.0244860990015235                        0       0.0244867613394563       0.0244867613394563                        0
      4608                        0       0.0244860955784581                        0       0.0244862675231737       0.0244862675231737                        0
      9216                        0       0.0244860951529329                        0       0.0244861389377285       0.0244861389377285                        0
