#square and square, nu_xymn_1
#MM NN: 2 1
#quadrature order: 16
#numpanels            c*(gradu.n)^2                      BEM        0.5*(gradu)^2 ex.       Boundary Formula 1       Boundary Formula 2
        72                        0        0.265652204729149                        0        0.238718194523676        0.238718194523676                        0
       144                        0        0.266577209793567                        0        0.262780710925868        0.262780710925868                        0
       288                        0        0.266621116432888                        0        0.266696315214225        0.266696315214225                        0
       576                        0        0.266625294099527                        0        0.266713192356914        0.266713192356914                        0
      1152                        0          0.2666255212595                        0        0.266651907321763        0.266651907321763                        0
      2304                        0        0.266625545156793                        0        0.266632710612667        0.266632710612667                        0
      4608                        0        0.266625548826841                        0        0.266627411565461        0.266627411565461                        0
      9216                        0        0.266625549310178                        0        0.266626023964277        0.266626023964277                        0
