#square and square, nu_xymn_1
#MM NN: 2 2
#quadrature order: 16
#numpanels            c*(gradu.n)^2                      BEM        0.5*(gradu)^2 ex.       Boundary Formula 1       Boundary Formula 2
        72                        0        0.711424338358618                        0          0.6799347083245          0.6799347083245                        0
       144                        0        0.719465493314748                        0        0.718999842170372        0.718999842170372                        0
       288                        0        0.720625369547388                        0         0.72104848238943         0.72104848238943                        0
       576                        0         0.72070460946253                        0        0.720772517760046        0.720772517760046                        0
      1152                        0        0.720725241284872                        0        0.720721245853588        0.720721245853588                        0
      2304                        0        0.720727587030396                        0        0.720723538992493        0.720723538992493                        0
      4608                        0        0.720727868613097                        0        0.720726558694743        0.720726558694743                        0
      9216                        0        0.720727903418994                        0        0.720727540559716        0.720727540559716                        0
