#square and square, nu_xymn_1
#MM NN: 3 3
#quadrature order: 16
#numpanels            c*(gradu.n)^2                      BEM        0.5*(gradu)^2 ex.       Boundary Formula 1       Boundary Formula 2
        72                        0        0.583191442445411                        0        0.572896182752319        0.572896182752319                        0
       144                        0        0.591273473987861                        0        0.595063989131021        0.595063989131021                        0
       288                        0        0.592712127673723                        0        0.593199434857382        0.593199434857382                        0
       576                        0        0.592817098459904                        0        0.592727772327658        0.592727772327658                        0
      1152                        0        0.592836957131166                        0        0.592792727613602        0.592792727613602                        0
      2304                        0        0.592839389489466                        0         0.59282421790473         0.59282421790473                        0
      4608                        0        0.592839679078286                        0        0.592835475672269        0.592835475672269                        0
      9216                        0        0.592839714797874                        0         0.59283861464501         0.59283861464501                        0
