#square and square, nu_xymn_1
#MM NN: 3 4
#quadrature order: 16
#numpanels            c*(gradu.n)^2                      BEM        0.5*(gradu)^2 ex.       Boundary Formula 1       Boundary Formula 2
        72                        0        0.485616586662096                        0        0.444567682962864        0.444567682962864                        0
       144                        0        0.490578432656603                        0        0.487576241603063        0.487576241603063                        0
       288                        0         0.49155124550893                        0        0.491948743262651        0.491948743262651                        0
       576                        0        0.491635647865732                        0        0.491584165492102        0.491584165492102                        0
      1152                        0        0.491635549276528                        0         0.49163646349968         0.49163646349968                        0
      2304                        0        0.491635938332852                        0        0.491635850884715        0.491635850884715                        0
      4608                        0        0.491635982437508                        0         0.49163596256682         0.49163596256682                        0
      9216                        0        0.491635987814478                        0        0.491635983520995        0.491635983520995                        0
