#square and square, nu_xymn_1
#MM NN: 5 3
#quadrature order: 16
#numpanels            c*(gradu.n)^2                      BEM        0.5*(gradu)^2 ex.       Boundary Formula 1       Boundary Formula 2
        72                        0       -0.599253047101326                        0       -0.460017272914788       -0.460017272914788                        0
       144                        0       -0.581761881099325                        0       -0.556788217018033       -0.556788217018033                        0
       288                        0       -0.578865209842479                        0       -0.578926357549707       -0.578926357549707                        0
       576                        0       -0.578655062912692                        0       -0.579377792364349       -0.579377792364349                        0
      1152                        0       -0.578612579393093                        0       -0.578858656785102       -0.578858656785102                        0
      2304                        0       -0.578607458644062                        0       -0.578679289166223       -0.578679289166223                        0
      4608                        0       -0.578606847512335                        0       -0.578625918933334       -0.578625918933334                        0
      9216                        0       -0.578606772092921                        0       -0.578611676019901       -0.578611676019901                        0
