#square and square, nu_xymn_2
#MM NN: 5 3
#quadrature order: 16
#numpanels            c*(gradu.n)^2                      BEM        0.5*(gradu)^2 ex.       Boundary Formula 1       Boundary Formula 2
        72                        0       0.0146003809487421                        0       0.0176616363401914       0.0176616363401914                        0
       144                        0       0.0154421493297333                        0       0.0161386188660444       0.0161386188660444                        0
       288                        0       0.0155297863283199                        0       0.0155894191260708       0.0155894191260708                        0
       576                        0       0.0155366620384231                        0       0.0155451595370959       0.0155451595370959                        0
      1152                        0       0.0155373465835932                        0       0.0155390306650439       0.0155390306650439                        0
      2304                        0       0.0155374320049235                        0       0.0155378039308868       0.0155378039308868                        0
      4608                        0       0.0155374426498375                        0        0.015537529685918        0.015537529685918                        0
      9216                        0       0.0155374439794993                        0        0.015537465002118        0.015537465002118                        0
