#square and square, nu_xymn_1
#MM NN: 3 5
#quadrature order: 16
#numpanels            c*(gradu.n)^2                      BEM        0.5*(gradu)^2 ex.       Boundary Formula 1       Boundary Formula 2
        72                        0        0.273713183705743                        0        0.222385962439625        0.222385962439625                        0
       144                        0        0.276153950612064                        0        0.269276107724982        0.269276107724982                        0
       288                        0        0.276601815665164                        0        0.276913029493169        0.276913029493169                        0
       576                        0        0.276651404193971                        0        0.276661442301599        0.276661442301599                        0
      1152                        0        0.276637522027804                        0        0.276675742887988        0.276675742887988                        0
      2304                        0        0.276636400506841                        0        0.276648429620962        0.276648429620962                        0
      4608                        0         0.27663626352812                        0        0.276639567114523        0.276639567114523                        0
      9216                        0        0.276636246521685                        0         0.27663710864645         0.27663710864645                        0
