#square and square, nu_xymn_2
#MM NN: 3 4
#quadrature order: 16
#numpanels            c*(gradu.n)^2                      BEM        0.5*(gradu)^2 ex.       Boundary Formula 1       Boundary Formula 2
        72                        0       0.0272009356019937                        0       0.0313443122231698       0.0313443122231698                        0
       144                        0       0.0277259494225681                        0        0.028475800641199        0.028475800641199                        0
       288                        0        0.027785899195906                        0       0.0278575330005242       0.0278575330005242                        0
       576                        0       0.0277905389921251                        0       0.0278021929944337       0.0278021929944337                        0
      1152                        0       0.0277907320126335                        0       0.0277931612074277       0.0277931612074277                        0
      2304                        0       0.0277907632759383                        0       0.0277913160696743       0.0277913160696743                        0
      4608                        0        0.027790767251173                        0       0.0277908988446004       0.0277908988446004                        0
      9216                        0       0.0277907677504036                        0       0.0277907998309775       0.0277907998309775                        0
