#square and square, nu_xymn_1
#MM NN: 2 5
#quadrature order: 16
#numpanels            c*(gradu.n)^2                      BEM        0.5*(gradu)^2 ex.       Boundary Formula 1       Boundary Formula 2
        72                        0       0.0289838457861386                        0       0.0281500885056668       0.0281500885056668                        0
       144                        0        0.028319683250985                        0       0.0282462137296438       0.0282462137296438                        0
       288                        0       0.0282345556823423                        0       0.0282492716080954       0.0282492716080954                        0
       576                        0       0.0282283288432254                        0       0.0282366650617716       0.0282366650617716                        0
      1152                        0        0.028227859920222                        0        0.028229746573553        0.028229746573553                        0
      2304                        0       0.0282277940158994                        0       0.0282282729155643       0.0282282729155643                        0
      4608                        0       0.0282277860198946                        0         0.02822790690333         0.02822790690333                        0
      9216                        0       0.0282277850289151                        0       0.0282278154036649       0.0282278154036649                        0
