#square and square, nu_xymn_2
#MM NN: 1 4
#quadrature order: 16
#numpanels            c*(gradu.n)^2                      BEM        0.5*(gradu)^2 ex.       Boundary Formula 1       Boundary Formula 2
        72                        0         0.11717545567835                        0        0.133118600180438        0.133118600180438                        0
       144                        0        0.115131870802244                        0        0.119516289564337        0.119516289564337                        0
       288                        0        0.114769075425779                        0        0.115394008904174        0.115394008904174                        0
       576                        0        0.114742336314645                        0        0.114804405584958        0.114804405584958                        0
      1152                        0        0.114738995027897                        0        0.114762485314593        0.114762485314593                        0
      2304                        0        0.114738554045194                        0        0.114744217599616        0.114744217599616                        0
      4608                        0        0.114738501746207                        0        0.114739900422314        0.114739900422314                        0
      9216                        0        0.114738495302569                        0         0.11473884306692         0.11473884306692                        0
