#square and square, nu_xymn_1
#MM NN: 1 2
#quadrature order: 16
#numpanels            c*(gradu.n)^2                      BEM        0.5*(gradu)^2 ex.       Boundary Formula 1       Boundary Formula 2
        72                        0         0.18170142805915                        0        0.176846268191242        0.176846268191242                        0
       144                        0        0.183306856584225                        0        0.183658078820852        0.183658078820852                        0
       288                        0        0.183530833198615                        0        0.183630869835984        0.183630869835984                        0
       576                        0          0.1835433785707                        0        0.183573105427865        0.183573105427865                        0
      1152                        0        0.183549738569941                        0        0.183548529364958        0.183548529364958                        0
      2304                        0        0.183550411021335                        0         0.18354914058396         0.18354914058396                        0
      4608                        0        0.183550491834175                        0        0.183550075621432        0.183550075621432                        0
      9216                        0        0.183550501823945                        0        0.183550386004899        0.183550386004899                        0
