#square and square, nu_xymn_1
#MM NN: 5 2
#quadrature order: 16
#numpanels            c*(gradu.n)^2                      BEM        0.5*(gradu)^2 ex.       Boundary Formula 1       Boundary Formula 2
        72                        0       -0.532382137354835                        0       -0.379013090719671       -0.379013090719671                        0
       144                        0       -0.508855603316181                        0       -0.480643907862402       -0.480643907862402                        0
       288                        0       -0.505575073913384                        0       -0.505587919500434       -0.505587919500434                        0
       576                        0       -0.505352524062907                        0       -0.505992501843482       -0.505992501843482                        0
      1152                        0       -0.505289927158458                        0       -0.505545968115383       -0.505545968115383                        0
      2304                        0       -0.505282836413252                        0       -0.505359688487709       -0.505359688487709                        0
      4608                        0       -0.505281986284808                        0        -0.50530259245004        -0.50530259245004                        0
      9216                        0       -0.505281881256649                        0       -0.505287202563947       -0.505287202563947                        0
