#square and square, nu_xymn_2
#MM NN: 5 1
#quadrature order: 16
#numpanels            c*(gradu.n)^2                      BEM        0.5*(gradu)^2 ex.       Boundary Formula 1       Boundary Formula 2
        72                        0        0.291209395842901                        0        0.326184218551286        0.326184218551286                        0
       144                        0        0.273958849650532                        0        0.290231803750375        0.290231803750375                        0
       288                        0        0.271245800465562                        0        0.273964367835899        0.273964367835899                        0
       576                        0        0.271050387351207                        0        0.271223657601675        0.271223657601675                        0
      1152                        0         0.27103390643863                        0        0.271139910478484        0.271139910478484                        0
      2304                        0        0.271031512395375                        0        0.271057834570178        0.271057834570178                        0
      4608                        0        0.271031227505898                        0         0.27103782981321         0.27103782981321                        0
      9216                        0        0.271031192387961                        0         0.27103284678235         0.27103284678235                        0
