#square and square, nu_xymn_2
#MM NN: 4 4
#quadrature order: 16
#numpanels            c*(gradu.n)^2                      BEM        0.5*(gradu)^2 ex.       Boundary Formula 1       Boundary Formula 2
        72                        0       0.0163426390249187                        0        0.019179503010241        0.019179503010241                        0
       144                        0       0.0169319898009911                        0       0.0175091765946603       0.0175091765946603                        0
       288                        0       0.0169900454480638                        0       0.0170430692340476       0.0170430692340476                        0
       576                        0       0.0169947170173028                        0       0.0170028036105317       0.0170028036105317                        0
      1152                        0       0.0169951213033884                        0       0.0169967703006284       0.0169967703006284                        0
      2304                        0       0.0169951736032597                        0       0.0169955440523015       0.0169955440523015                        0
      4608                        0       0.0169951801455342                        0       0.0169952676793731       0.0169952676793731                        0
      9216                        0       0.0169951809634822                        0       0.0169952022173157       0.0169952022173157                        0
