#square and square, nu_xymn_1
#MM NN: 3 3
#quadrature order: 16
#numpanels            c*(gradu.n)^2                      BEM        0.5*(gradu)^2 ex.       Boundary Formula 1       Boundary Formula 2
        72                        0       0.0588601783321978                        0       0.0533933940571466       0.0533933940571466                        0
       144                        0       0.0585787878237896                        0       0.0578946306673002       0.0578946306673002                        0
       288                        0       0.0585538323094891                        0       0.0585771775948809       0.0585771775948809                        0
       576                        0       0.0585521726421224                        0       0.0585709849902469       0.0585709849902469                        0
      1152                        0       0.0585517666186191                        0       0.0585575345457592       0.0585575345457592                        0
      2304                        0       0.0585517204928328                        0       0.0585532907318637       0.0585532907318637                        0
      4608                        0       0.0585517149202997                        0       0.0585521234182923       0.0585521234182923                        0
      9216                        0       0.0585517142305998                        0       0.0585518183541168       0.0585518183541168                        0
