#square and square, nu_xymn_1
#MM NN: 3 1
#quadrature order: 16
#numpanels            c*(gradu.n)^2                      BEM        0.5*(gradu)^2 ex.       Boundary Formula 1       Boundary Formula 2
        72                        0         0.30660474666209                        0        0.323344871080282        0.323344871080282                        0
       144                        0        0.312762344740566                        0        0.318978845590343        0.318978845590343                        0
       288                        0        0.313715700195238                        0        0.314003880481171        0.314003880481171                        0
       576                        0        0.313774714288804                        0        0.313721978148685        0.313721978148685                        0
      1152                        0        0.313797065324475                        0        0.313750107777468        0.313750107777468                        0
      2304                        0        0.313799520828501                        0        0.313783471225371        0.313783471225371                        0
      4608                        0        0.313799814720621                        0        0.313795349501598        0.313795349501598                        0
      9216                        0        0.313799851011045                        0        0.313798680034739        0.313798680034739                        0
