#square and square, nu_xymn_1
#MM NN: 4 1
#quadrature order: 16
#numpanels            c*(gradu.n)^2                      BEM        0.5*(gradu)^2 ex.       Boundary Formula 1       Boundary Formula 2
        72                        0        0.150421347206277                        0        0.131170111440689        0.131170111440689                        0
       144                        0         0.15255646999686                        0        0.149594943793047        0.149594943793047                        0
       288                        0         0.15275877655151                        0        0.152770622020596        0.152770622020596                        0
       576                        0        0.152774881670802                        0        0.152825420143284        0.152825420143284                        0
      1152                        0        0.152776231157095                        0        0.152792641924905        0.152792641924905                        0
      2304                        0        0.152776403270836                        0        0.152780945791006        0.152780945791006                        0
      4608                        0        0.152776424937263                        0        0.152777615054022        0.152777615054022                        0
      9216                        0         0.15277642765151                        0        0.152776732007585        0.152776732007585                        0
