#square and square, nu_xymn_2
#MM NN: 4 5
#quadrature order: 16
#numpanels            c*(gradu.n)^2                      BEM        0.5*(gradu)^2 ex.       Boundary Formula 1       Boundary Formula 2
        72                        0       -0.815389725322305                        0       -0.906774237381823       -0.906774237381823                        0
       144                        0       -0.776185880372967                        0       -0.806778474312557       -0.806778474312557                        0
       288                        0       -0.771100458426995                        0        -0.77689865885952        -0.77689865885952                        0
       576                        0       -0.770690856838403                        0        -0.77108226271547        -0.77108226271547                        0
      1152                        0       -0.770654731668326                        0       -0.770863929357411       -0.770863929357411                        0
      2304                        0       -0.770649651132303                        0       -0.770702283776601       -0.770702283776601                        0
      4608                        0       -0.770649038705483                        0       -0.770662319218302       -0.770662319218302                        0
      9216                        0       -0.770648962841597                        0       -0.770652299985659       -0.770652299985659                        0
