#square and square, nu_xymn_2
#MM NN: 2 3
#quadrature order: 16
#numpanels            c*(gradu.n)^2                      BEM        0.5*(gradu)^2 ex.       Boundary Formula 1       Boundary Formula 2
        72                        0       0.0672514984214917                        0       0.0770749415705814       0.0770749415705814                        0
       144                        0       0.0674906364978716                        0       0.0692797355553802       0.0692797355553802                        0
       288                        0       0.0675340663235264                        0        0.067712308222407        0.067712308222407                        0
       576                        0        0.067538079035775                        0       0.0675679753144468       0.0675679753144468                        0
      1152                        0       0.0675372791087351                        0       0.0675439374786064       0.0675439374786064                        0
      2304                        0        0.067537208803988                        0       0.0675387389607205       0.0675387389607205                        0
      4608                        0       0.0675372006425559                        0        0.067537567546319        0.067537567546319                        0
      9216                        0       0.0675371996448225                        0       0.0675372894622861       0.0675372894622861                        0
