#square and square, nu_xymn_2
#MM NN: 4 5
#quadrature order: 16
#numpanels            c*(gradu.n)^2                      BEM        0.5*(gradu)^2 ex.       Boundary Formula 1       Boundary Formula 2
        72                        0       0.0115580414016131                        0       0.0134290612550432       0.0134290612550432                        0
       144                        0       0.0118947615427879                        0       0.0122570382739744       0.0122570382739744                        0
       288                        0        0.011926449536785                        0       0.0119609372926088       0.0119609372926088                        0
       576                        0       0.0119290565793356                        0       0.0119344752688247       0.0119344752688247                        0
      1152                        0       0.0119292604147777                        0       0.0119303783759886       0.0119303783759886                        0
      2304                        0       0.0119292875625043                        0       0.0119295404125688       0.0119295404125688                        0
      4608                        0       0.0119292909690509                        0       0.0119293509396512       0.0119293509396512                        0
      9216                        0       0.0119292913952712                        0       0.0119293059857825       0.0119293059857825                        0
