#square and square, nu_xymn_2
#MM NN: 3 1
#quadrature order: 16
#numpanels            c*(gradu.n)^2                      BEM        0.5*(gradu)^2 ex.       Boundary Formula 1       Boundary Formula 2
        72                        0       0.0523608121913956                        0       0.0610446799390497       0.0610446799390497                        0
       144                        0       0.0537926156563486                        0       0.0552876254391046       0.0552876254391046                        0
       288                        0       0.0539431724652993                        0        0.054051602984357        0.054051602984357                        0
       576                        0       0.0539545234759062                        0       0.0539692307941757       0.0539692307941757                        0
      1152                        0       0.0539552706034656                        0       0.0539580885747994       0.0539580885747994                        0
      2304                        0       0.0539553760779461                        0       0.0539559854400813       0.0539559854400813                        0
      4608                        0       0.0539553892841019                        0       0.0539555301585688       0.0539555301585688                        0
      9216                        0       0.0539553909353489                        0       0.0539554247370885       0.0539554247370885                        0
