#square and square, nu_xymn_2
#MM NN: 4 3
#quadrature order: 16
#numpanels            c*(gradu.n)^2                      BEM        0.5*(gradu)^2 ex.       Boundary Formula 1       Boundary Formula 2
        72                        0       0.0226157439236523                        0       0.0267685959261544       0.0267685959261544                        0
       144                        0       0.0235573703708935                        0       0.0244232043060323       0.0244232043060323                        0
       288                        0       0.0236523991587724                        0       0.0237287902997814       0.0237287902997814                        0
       576                        0       0.0236599160385676                        0        0.023671224651642        0.023671224651642                        0
      1152                        0       0.0236605992317575                        0       0.0236628772326693       0.0236628772326693                        0
      2304                        0       0.0236606864645538                        0       0.0236611945781283       0.0236611945781283                        0
      4608                        0       0.0236606973590542                        0       0.0236608169406506       0.0236608169406506                        0
      9216                        0       0.0236606987206144                        0       0.0236607276932189       0.0236607276932189                        0
