#square and square, nu_xymn_2
#MM NN: 4 2
#quadrature order: 16
#numpanels            c*(gradu.n)^2                      BEM        0.5*(gradu)^2 ex.       Boundary Formula 1       Boundary Formula 2
        72                        0       0.0295143966904697                        0       0.0351432153886269       0.0351432153886269                        0
       144                        0       0.0308344803295898                        0       0.0319955525275168       0.0319955525275168                        0
       288                        0       0.0309681403911538                        0       0.0310643101122833       0.0310643101122833                        0
       576                        0       0.0309785683206637                        0       0.0309922302557182       0.0309922302557182                        0
      1152                        0       0.0309795357651132                        0        0.030982237545172        0.030982237545172                        0
      2304                        0       0.0309796588219469                        0       0.0309802548451281       0.0309802548451281                        0
      4608                        0       0.0309796741761846                        0       0.0309798135639811       0.0309798135639811                        0
      9216                        0       0.0309796760946651                        0        0.030979709750523        0.030979709750523                        0
