#square and square, nu_xymn_1
#MM NN: 3 2
#quadrature order: 16
#numpanels            c*(gradu.n)^2                      BEM        0.5*(gradu)^2 ex.       Boundary Formula 1       Boundary Formula 2
        72                        0        0.520997668307672                        0        0.535469233566718        0.535469233566718                        0
       144                        0        0.530120653494544                        0        0.538019687760132        0.538019687760132                        0
       288                        0        0.531608633582102                        0        0.532074782716605        0.532074782716605                        0
       576                        0        0.531706210191781                        0         0.53161841994834         0.53161841994834                        0
      1152                        0        0.531736556004141                        0        0.531671370588716        0.531671370588716                        0
      2304                        0        0.531739973729431                        0        0.531717712402871        0.531717712402871                        0
      4608                        0        0.531740382267321                        0        0.531734197471298        0.531734197471298                        0
      9216                        0        0.531740432701633                        0        0.531738811796176        0.531738811796176                        0
