#square and square, nu_xymn_2
#MM NN: 2 2
#quadrature order: 16
#numpanels            c*(gradu.n)^2                      BEM        0.5*(gradu)^2 ex.       Boundary Formula 1       Boundary Formula 2
        72                        0        0.374204271897521                        0        0.420988218579244        0.420988218579244                        0
       144                        0        0.368047947503252                        0        0.379818355712178        0.379818355712178                        0
       288                        0        0.367059021502391                        0        0.368594576405841        0.368594576405841                        0
       576                        0          0.3669878123534                        0        0.367100734893278        0.367100734893278                        0
      1152                        0        0.366979458501549                        0         0.36703685765293         0.36703685765293                        0
      2304                        0        0.366978337710273                        0         0.36699239700506         0.36699239700506                        0
      4608                        0        0.366978204731982                        0        0.366981704334046        0.366981704334046                        0
      9216                        0        0.366978188353937                        0         0.36697906188503         0.36697906188503                        0
