#square and square, nu_xymn_1
#MM NN: 1 3
#quadrature order: 16
#numpanels            c*(gradu.n)^2                      BEM        0.5*(gradu)^2 ex.       Boundary Formula 1       Boundary Formula 2
        72                        0        0.102420655556157                        0        0.104331493457286        0.104331493457286                        0
       144                        0        0.103192467183011                        0        0.104309698032797        0.104309698032797                        0
       288                        0        0.103310900798338                        0        0.103384628607351        0.103384628607351                        0
       576                        0        0.103315296308965                        0        0.103331303326554        0.103331303326554                        0
      1152                        0        0.103320454083598                        0        0.103315731948447        0.103315731948447                        0
      2304                        0        0.103320980063646                        0        0.103318877180357        0.103318877180357                        0
      4608                        0        0.103321043106597                        0        0.103320420074909        0.103320420074909                        0
      9216                        0        0.103321050892171                        0         0.10332088343116         0.10332088343116                        0
