#square and square, nu_xymn_2
#MM NN: 5 1
#quadrature order: 16
#numpanels            c*(gradu.n)^2                      BEM        0.5*(gradu)^2 ex.       Boundary Formula 1       Boundary Formula 2
        72                        0       0.0211192364919246                        0       0.0258240907024694       0.0258240907024694                        0
       144                        0       0.0223761194941604                        0        0.023335032784657        0.023335032784657                        0
       288                        0       0.0225042791833769                        0       0.0225679641070661       0.0225679641070661                        0
       576                        0       0.0225139436803768                        0       0.0225214133241793       0.0225214133241793                        0
      1152                        0       0.0225149082708118                        0       0.0225162429754064       0.0225162429754064                        0
      2304                        0       0.0225150291686899                        0       0.0225153044868061       0.0225153044868061                        0
      4608                        0       0.0225150442158396                        0       0.0225151060232159       0.0225151060232159                        0
      9216                        0       0.0225150460948189                        0       0.0225150606790562       0.0225150606790562                        0
