#square and square, nu_xymn_1
#MM NN: 1 3
#quadrature order: 16
#numpanels            c*(gradu.n)^2                      BEM        0.5*(gradu)^2 ex.       Boundary Formula 1       Boundary Formula 2
        72                        0        0.560246282033194                        0        0.512088279050891        0.512088279050891                        0
       144                        0        0.566693880544881                        0        0.561443005861385        0.561443005861385                        0
       288                        0        0.567502512568514                        0        0.567751514545682        0.567751514545682                        0
       576                        0        0.567564147227099                        0        0.567663846380748        0.567663846380748                        0
      1152                        0        0.567572636369656                        0        0.567598801358347        0.567598801358347                        0
      2304                        0        0.567573692672162                        0        0.567579863695736        0.567579863695736                        0
      4608                        0        0.567573820515843                        0        0.567575350556579        0.567575350556579                        0
      9216                        0        0.567573836360184                        0        0.567574217992463        0.567574217992463                        0
