#square and square, nu_xymn_2
#MM NN: 3 1
#quadrature order: 16
#numpanels            c*(gradu.n)^2                      BEM        0.5*(gradu)^2 ex.       Boundary Formula 1       Boundary Formula 2
        72                        0        0.355351694171454                        0        0.398656744298631        0.398656744298631                        0
       144                        0        0.345753668802165                        0        0.358469969508529        0.358469969508529                        0
       288                        0         0.34428464858137                        0        0.346157580980991        0.346157580980991                        0
       576                        0        0.344177108442373                        0        0.344320291990233        0.344320291990233                        0
      1152                        0        0.344165661325359                        0        0.344237301572948        0.344237301572948                        0
      2304                        0        0.344164103738047                        0        0.344181708144224        0.344181708144224                        0
      4608                        0        0.344163918127122                        0        0.344168308398772        0.344168308398772                        0
      9216                        0        0.344163895234053                        0        0.344164992144469        0.344164992144469                        0
