#square and square, nu_xymn_2
#MM NN: 2 1
#quadrature order: 16
#numpanels            c*(gradu.n)^2                      BEM        0.5*(gradu)^2 ex.       Boundary Formula 1       Boundary Formula 2
        72                        0        0.295986418392935                        0        0.333761210704546        0.333761210704546                        0
       144                        0        0.290711328790883                        0        0.300597389697675        0.300597389697675                        0
       288                        0         0.28985470376166                        0        0.291206117921111        0.291206117921111                        0
       576                        0        0.289792141760922                        0        0.289902015024848        0.289902015024848                        0
      1152                        0        0.289784868404999                        0         0.28983542176683         0.28983542176683                        0
      2304                        0        0.289783891987996                        0         0.28979623645335         0.28979623645335                        0
      4608                        0        0.289783776061709                        0        0.289786844099369        0.289786844099369                        0
      9216                        0        0.289783761778069                        0        0.289784527007725        0.289784527007725                        0
