#square and square, nu_xymn_1
#MM NN: 3 2
#quadrature order: 16
#numpanels            c*(gradu.n)^2                      BEM        0.5*(gradu)^2 ex.       Boundary Formula 1       Boundary Formula 2
        72                        0        0.105928385676692                        0       0.0945663580018892       0.0945663580018892                        0
       144                        0        0.106251870677933                        0        0.104668843533092        0.104668843533092                        0
       288                        0        0.106283391677299                        0        0.106311685624885        0.106311685624885                        0
       576                        0        0.106286257275331                        0        0.106320868863684        0.106320868863684                        0
      1152                        0        0.106286215348659                        0         0.10629708358196         0.10629708358196                        0
      2304                        0        0.106286215943841                        0        0.106289195823095        0.106289195823095                        0
      4608                        0        0.106286216271074                        0        0.106286993852772        0.106286993852772                        0
      9216                        0         0.10628621632113                        0        0.106286414804796        0.106286414804796                        0
