#square and square, nu_xymn_1
#MM NN: 3 1
#quadrature order: 16
#numpanels            c*(gradu.n)^2                      BEM        0.5*(gradu)^2 ex.       Boundary Formula 1       Boundary Formula 2
        72                        0        0.198975628718479                        0        0.175725366697908        0.175725366697908                        0
       144                        0        0.200558945239035                        0        0.197178592113105        0.197178592113105                        0
       288                        0        0.200705082486791                        0        0.200748178219609        0.200748178219609                        0
       576                        0        0.200717057118322                        0        0.200784430060957        0.200784430060957                        0
      1152                        0        0.200717757574293                        0        0.200739100785562        0.200739100785562                        0
      2304                        0        0.200717852994831                        0        0.200723718525876        0.200723718525876                        0
      4608                        0        0.200717865300881                        0        0.200719397362977        0.200719397362977                        0
      9216                        0        0.200717866853193                        0        0.200718258100247        0.200718258100247                        0
