#square and square, nu_xymn_1
#MM NN: 5 5
#quadrature order: 16
#numpanels            c*(gradu.n)^2                      BEM        0.5*(gradu)^2 ex.       Boundary Formula 1       Boundary Formula 2
        72                        0       0.0105662345509375                        0      0.00968881842395691      0.00968881842395691                        0
       144                        0       0.0104288228938644                        0       0.0103571354055621       0.0103571354055621                        0
       288                        0       0.0104128224520852                        0       0.0104199772360609       0.0104199772360609                        0
       576                        0        0.010411720195026                        0       0.0104152757467252       0.0104152757467252                        0
      1152                        0       0.0104115653833164                        0       0.0104126202988659       0.0104126202988659                        0
      2304                        0       0.0104115472713722                        0       0.0104118309238197       0.0104118309238197                        0
      4608                        0       0.0104115450424145                        0       0.0104116184481226       0.0104116184481226                        0
      9216                        0       0.0104115447649099                        0       0.0104115634297413       0.0104115634297413                        0
