#square and square, nu_xymn_1
#MM NN: 1 1
#quadrature order: 16
#numpanels            c*(gradu.n)^2                      BEM        0.5*(gradu)^2 ex.       Boundary Formula 1       Boundary Formula 2
        72                        0        0.337808783865166                        0        0.319052195080879        0.319052195080879                        0
       144                        0        0.341157091764785                        0        0.339944733412808        0.339944733412808                        0
       288                        0         0.34159888897267                        0        0.341769252447167        0.341769252447167                        0
       576                        0         0.34162811106723                        0        0.341687956660563        0.341687956660563                        0
      1152                        0         0.34163665402862                        0        0.341643691175305        0.341643691175305                        0
      2304                        0        0.341637600459134                        0        0.341638333834775        0.341638333834775                        0
      4608                        0        0.341637714468235                        0        0.341637800592633        0.341637800592633                        0
      9216                        0        0.341637728573425                        0        0.341637738694097        0.341637738694097                        0
