#square and square, nu_xymn_1
#MM NN: 4 2
#quadrature order: 16
#numpanels            c*(gradu.n)^2                      BEM        0.5*(gradu)^2 ex.       Boundary Formula 1       Boundary Formula 2
        72                        0       0.0794235581490164                        0       0.0699786976815699       0.0699786976815699                        0
       144                        0       0.0801638191151046                        0       0.0787748010539798       0.0787748010539798                        0
       288                        0        0.080234733817897                        0       0.0802463323265059       0.0802463323265059                        0
       576                        0       0.0802405421650237                        0       0.0802665239084298       0.0802665239084298                        0
      1152                        0       0.0802409432901384                        0       0.0802493048398869       0.0802493048398869                        0
      2304                        0       0.0802409965586569                        0         0.08024330508838         0.08024330508838                        0
      4608                        0       0.0802410033235375                        0       0.0802416075084177       0.0802416075084177                        0
      9216                        0       0.0802410041729795                        0       0.0802411586099683       0.0802411586099683                        0
