#square and square, nu_xymn_1
#MM NN: 4 1
#quadrature order: 16
#numpanels            c*(gradu.n)^2                      BEM        0.5*(gradu)^2 ex.       Boundary Formula 1       Boundary Formula 2
        72                        0       0.0131422130921901                        0       0.0742308260594891       0.0742308260594891                        0
       144                        0       0.0224320816985747                        0        0.035577375990579        0.035577375990579                        0
       288                        0       0.0238105119558875                        0       0.0240099111332685       0.0240099111332685                        0
       576                        0       0.0238965561846018                        0       0.0236894482677205       0.0236894482677205                        0
      1152                        0       0.0239286315275953                        0       0.0238245214801332       0.0238245214801332                        0
      2304                        0       0.0239321622922781                        0        0.023899511309365        0.023899511309365                        0
      4608                        0       0.0239325849550811                        0       0.0239237095516837       0.0239237095516837                        0
      9216                        0        0.023932637146488                        0       0.0239303317423359       0.0239303317423359                        0
