#square and square, nu_xymn_1
#MM NN: 4 5
#quadrature order: 16
#numpanels            c*(gradu.n)^2                      BEM        0.5*(gradu)^2 ex.       Boundary Formula 1       Boundary Formula 2
        72                        0      -0.0119208239569076                        0      -0.0271666870061569      -0.0271666870061569                        0
       144                        0      -0.0149486756912763                        0      -0.0167363137258009      -0.0167363137258009                        0
       288                        0      -0.0148063653850797                        0      -0.0145639287886466      -0.0145639287886466                        0
       576                        0       -0.014778016447292                        0      -0.0149288847759072      -0.0149288847759072                        0
      1152                        0      -0.0147999424287371                        0      -0.0147996319688502      -0.0147996319688502                        0
      2304                        0      -0.0148018676438548                        0      -0.0147995989569233      -0.0147995989569233                        0
      4608                        0      -0.0148021044772002                        0      -0.0148012796073935      -0.0148012796073935                        0
      9216                        0      -0.0148021339444645                        0      -0.0148018966469131      -0.0148018966469131                        0
