#square and square, nu_xymn_2
#MM NN: 3 4
#quadrature order: 16
#numpanels            c*(gradu.n)^2                      BEM        0.5*(gradu)^2 ex.       Boundary Formula 1       Boundary Formula 2
        72                        0       -0.363093294014503                        0       -0.413366115412551       -0.413366115412551                        0
       144                        0       -0.351484585823767                        0       -0.366980979024511       -0.366980979024511                        0
       288                        0       -0.349777883298764                        0       -0.352529661030913       -0.352529661030913                        0
       576                        0       -0.349638664469109                        0       -0.349905796807659       -0.349905796807659                        0
      1152                        0        -0.34962503773745                        0       -0.349724253483758       -0.349724253483758                        0
      2304                        0       -0.349623153539734                        0       -0.349647515630976       -0.349647515630976                        0
      4608                        0       -0.349622927790788                        0       -0.349628998950994       -0.349628998950994                        0
      9216                        0       -0.349622899865673                        0       -0.349624416099016       -0.349624416099016                        0
