#square and square, nu_xymn_2
#MM NN: 4 2
#quadrature order: 16
#numpanels            c*(gradu.n)^2                      BEM        0.5*(gradu)^2 ex.       Boundary Formula 1       Boundary Formula 2
        72                        0        0.430078177289994                        0        0.478331886676562        0.478331886676562                        0
       144                        0        0.412797509115761                        0        0.429852924735942        0.429852924735942                        0
       288                        0        0.410260118680885                        0        0.412928767249647        0.412928767249647                        0
       576                        0        0.410077438378182                        0        0.410252836123907        0.410252836123907                        0
      1152                        0        0.410059904266914                        0        0.410165644337985        0.410165644337985                        0
      2304                        0        0.410057454211006                        0        0.410083699986584        0.410083699986584                        0
      4608                        0        0.410057161971285                        0        0.410063740033643        0.410063740033643                        0
      9216                        0         0.41005712592913                        0        0.410058773511305        0.410058773511305                        0
