#square and square, nu_xymn_2
#MM NN: 4 3
#quadrature order: 16
#numpanels            c*(gradu.n)^2                      BEM        0.5*(gradu)^2 ex.       Boundary Formula 1       Boundary Formula 2
        72                        0        0.154013430650299                        0        0.166940160754619        0.166940160754619                        0
       144                        0        0.148841410253426                        0        0.153192196397818        0.153192196397818                        0
       288                        0        0.148169318643222                        0        0.148663044878513        0.148663044878513                        0
       576                        0        0.148130173962595                        0         0.14813601859551         0.14813601859551                        0
      1152                        0        0.148126223747588                        0         0.14815172402413         0.14815172402413                        0
      2304                        0        0.148125660567114                        0        0.148132139619533        0.148132139619533                        0
      4608                        0        0.148125594095166                        0        0.148127232450197        0.148127232450197                        0
      9216                        0        0.148125585952331                        0        0.148125997975488        0.148125997975488                        0
