#square and square, nu_xymn_1
#MM NN: 1 4
#quadrature order: 16
#numpanels            c*(gradu.n)^2                      BEM        0.5*(gradu)^2 ex.       Boundary Formula 1       Boundary Formula 2
        72                        0        0.474621668985015                        0        0.419282321593968        0.419282321593968                        0
       144                        0        0.481166876935805                        0         0.47390163089283         0.47390163089283                        0
       288                        0        0.481916803845173                        0        0.482110161906009        0.482110161906009                        0
       576                        0        0.481978800505443                        0        0.482077407658459        0.482077407658459                        0
      1152                        0        0.481981686561677                        0        0.482018819487006        0.482018819487006                        0
      2304                        0        0.481982185916542                        0        0.481992281835139        0.481992281835139                        0
      4608                        0        0.481982247204919                        0        0.481984885581014        0.481984885581014                        0
      9216                        0        0.481982254835716                        0        0.481982928905262        0.481982928905262                        0
