#square and square, nu_xymn_2
#MM NN: 5 5
#quadrature order: 16
#numpanels            c*(gradu.n)^2                      BEM        0.5*(gradu)^2 ex.       Boundary Formula 1       Boundary Formula 2
        72                        0      0.00727699708686189                        0      0.00863425744908567      0.00863425744908567                        0
       144                        0      0.00759223633989132                        0       0.0078834851350983       0.0078834851350983                        0
       288                        0      0.00762180913075867                        0       0.0076485535428018       0.0076485535428018                        0
       576                        0      0.00762428524749828                        0       0.0076283233771741       0.0076283233771741                        0
      1152                        0      0.00762452164741982                        0       0.0076253407212892       0.0076253407212892                        0
      2304                        0      0.00762455162652242                        0      0.00762473497451658      0.00762473497451658                        0
      4608                        0      0.00762455537269472                        0      0.00762459860758015      0.00762459860758015                        0
      9216                        0      0.00762455584093893                        0      0.00762456632702318      0.00762456632702318                        0
