#square and square, nu_xymn_2
#MM NN: 3 2
#quadrature order: 16
#numpanels            c*(gradu.n)^2                      BEM        0.5*(gradu)^2 ex.       Boundary Formula 1       Boundary Formula 2
        72                        0        0.047840324656673                        0       0.0557812211699205       0.0557812211699205                        0
       144                        0        0.049158473752849                        0       0.0506396781991765       0.0506396781991765                        0
       288                        0       0.0492999282616933                        0       0.0494277153312283       0.0494277153312283                        0
       576                        0       0.0493108382222611                        0       0.0493301891593891       0.0493301891593891                        0
      1152                        0       0.0493115630177149                        0       0.0493154854491794       0.0493154854491794                        0
      2304                        0       0.0493116636501416                        0       0.0493125417674815       0.0493125417674815                        0
      4608                        0       0.0493116762889386                        0       0.0493118834210339       0.0493118834210339                        0
      9216                        0       0.0493116778709254                        0        0.049311728119817        0.049311728119817                        0
