#square and square, nu_xymn_1
#MM NN: 1 2
#quadrature order: 16
#numpanels            c*(gradu.n)^2                      BEM        0.5*(gradu)^2 ex.       Boundary Formula 1       Boundary Formula 2
        72                        0        0.495811010798908                        0        0.463443307226105        0.463443307226105                        0
       144                        0        0.501049508917309                        0        0.498401441530178        0.498401441530178                        0
       288                        0         0.50173933968207                        0        0.501982770745881        0.501982770745881                        0
       576                        0        0.501787915810265                        0        0.501870134746131        0.501870134746131                        0
      1152                        0        0.501798791758631                        0        0.501812058894154        0.501812058894154                        0
      2304                        0        0.501800039847449                        0        0.501802208086369        0.501802208086369                        0
      4608                        0        0.501800190299787                        0        0.501800630028826        0.501800630028826                        0
      9216                        0        0.501800208920029                        0        0.501800307005761        0.501800307005761                        0
