#square and square, nu_xymn_2
#MM NN: 1 5
#quadrature order: 16
#numpanels            c*(gradu.n)^2                      BEM        0.5*(gradu)^2 ex.       Boundary Formula 1       Boundary Formula 2
        72                        0       0.0908214182087941                        0        0.103196063891859        0.103196063891859                        0
       144                        0        0.088939446164652                        0       0.0924822462502005       0.0924822462502005                        0
       288                        0       0.0886059680166096                        0       0.0891184994113416       0.0891184994113416                        0
       576                        0       0.0885814754353338                        0       0.0886331389391816       0.0886331389391816                        0
      1152                        0       0.0885784125988611                        0       0.0885978691019224       0.0885978691019224                        0
      2304                        0       0.0885780110201788                        0       0.0885826881247678       0.0885826881247678                        0
      4608                        0       0.0885779633200846                        0        0.088579117065854        0.088579117065854                        0
      9216                        0       0.0885779574406005                        0       0.0885782441594475       0.0885782441594475                        0
