#square and square, nu_xymn_2
#MM NN: 4 1
#quadrature order: 16
#numpanels            c*(gradu.n)^2                      BEM        0.5*(gradu)^2 ex.       Boundary Formula 1       Boundary Formula 2
        72                        0        0.346261643774644                        0        0.386814340063399        0.386814340063399                        0
       144                        0        0.332148928937549                        0        0.346630843966882        0.346630843966882                        0
       288                        0        0.330020209484409                        0          0.3323259590584          0.3323259590584                        0
       576                        0        0.329864839804556                        0        0.330026712609018        0.330026712609018                        0
      1152                        0         0.32984989525066                        0        0.329939610680727        0.329939610680727                        0
      2304                        0        0.329847812788161                        0        0.329869996637274        0.329869996637274                        0
      4608                        0        0.329847564341047                        0        0.329853115452432        0.329853115452432                        0
      9216                        0        0.329847533689632                        0        0.329848923009936        0.329848923009936                        0
