#square and square, nu_xymn_2
#MM NN: 2 5
#quadrature order: 16
#numpanels            c*(gradu.n)^2                      BEM        0.5*(gradu)^2 ex.       Boundary Formula 1       Boundary Formula 2
        72                        0       0.0376220872496316                        0       0.0427587459435144       0.0427587459435144                        0
       144                        0        0.037347232645125                        0       0.0382458932538025       0.0382458932538025                        0
       288                        0       0.0373331635685412                        0       0.0374286955955486       0.0374286955955486                        0
       576                        0        0.037332532268357                        0       0.0373495845078938       0.0373495845078938                        0
      1152                        0        0.037331596827911                        0       0.0373354786310547       0.0373354786310547                        0
      2304                        0       0.0373315014147102                        0       0.0373324006472378       0.0373324006472378                        0
      4608                        0       0.0373314899618661                        0       0.0373317066188273       0.0373317066188273                        0
      9216                        0       0.0373314885472171                        0       0.0373315417227424       0.0373315417227424                        0
