#square and square, nu_xymn_1
#MM NN: 2 3
#quadrature order: 16
#numpanels            c*(gradu.n)^2                      BEM        0.5*(gradu)^2 ex.       Boundary Formula 1       Boundary Formula 2
        72                        0       0.0807119385908308                        0       0.0749102170945501       0.0749102170945501                        0
       144                        0       0.0800784252575313                        0        0.079329456393952        0.079329456393952                        0
       288                        0       0.0799921270812866                        0       0.0800215896583828       0.0800215896583828                        0
       576                        0       0.0799859632651855                        0       0.0800105774827031       0.0800105774827031                        0
      1152                        0       0.0799854342886057                        0       0.0799922163385446       0.0799922163385446                        0
      2304                        0       0.0799853609953864                        0        0.079987169972659        0.079987169972659                        0
      4608                        0       0.0799853522033573                        0       0.0799858189592052       0.0799858189592052                        0
      9216                        0       0.0799853511174581                        0       0.0799854696392012       0.0799854696392012                        0
