#square and square, nu_xymn_2
#MM NN: 3 3
#quadrature order: 16
#numpanels            c*(gradu.n)^2                      BEM        0.5*(gradu)^2 ex.       Boundary Formula 1       Boundary Formula 2
        72                        0        0.167683650514391                        0        0.183676596912864        0.183676596912864                        0
       144                        0        0.164555075838447                        0            0.16822376675            0.16822376675                        0
       288                        0        0.164134544035234                        0        0.164436314376865        0.164436314376865                        0
       576                        0         0.16411029861901                        0          0.1640953528173          0.1640953528173                        0
      1152                        0        0.164107402810925                        0         0.16412169212894         0.16412169212894                        0
      2304                        0        0.164107011882353                        0        0.164110666793771        0.164110666793771                        0
      4608                        0        0.164106965697075                        0        0.164107894098336        0.164107894098336                        0
      9216                        0        0.164106960035018                        0        0.164107194060283        0.164107194060283                        0
