#square and square, nu_xymn_1
#MM NN: 4 3
#quadrature order: 16
#numpanels            c*(gradu.n)^2                      BEM        0.5*(gradu)^2 ex.       Boundary Formula 1       Boundary Formula 2
        72                        0       0.0166372810467016                        0       0.0859194819791105       0.0859194819791105                        0
       144                        0       0.0254449755432501                        0       0.0413379849694204       0.0413379849694204                        0
       288                        0       0.0272497055603182                        0       0.0275705971030025       0.0275705971030025                        0
       576                        0       0.0273783439556194                        0       0.0269840435629652       0.0269840435629652                        0
      1152                        0       0.0274060235526058                        0        0.027262712523173        0.027262712523173                        0
      2304                        0        0.027409375414311                        0        0.027366221933821        0.027366221933821                        0
      4608                        0       0.0274097731849319                        0       0.0273982089238828       0.0273982089238828                        0
      9216                        0       0.0274098221974932                        0       0.0274068367355754       0.0274068367355754                        0
