#square and square, nu_xymn_1
#MM NN: 3 5
#quadrature order: 16
#numpanels            c*(gradu.n)^2                      BEM        0.5*(gradu)^2 ex.       Boundary Formula 1       Boundary Formula 2
        72                        0       0.0202411765176468                        0       0.0190615843793493       0.0190615843793493                        0
       144                        0       0.0197614837233491                        0       0.0196828155158838       0.0196828155158838                        0
       288                        0        0.019718337090714                        0       0.0197331540169141       0.0197331540169141                        0
       576                        0       0.0197150786728935                        0       0.0197213570224554       0.0197213570224554                        0
      1152                        0       0.0197146172022766                        0       0.0197164110205827       0.0197164110205827                        0
      2304                        0       0.0197145622110769                        0        0.019715039685989        0.019715039685989                        0
      4608                        0       0.0197145554551145                        0       0.0197146784459018       0.0197146784459018                        0
      9216                        0       0.0197145546148096                        0       0.0197145858174525       0.0197145858174525                        0
