#square and square, nu_xymn_2
#MM NN: 1 2
#quadrature order: 16
#numpanels            c*(gradu.n)^2                      BEM        0.5*(gradu)^2 ex.       Boundary Formula 1       Boundary Formula 2
        72                        0        0.185999578715004                        0        0.211299848087166        0.211299848087166                        0
       144                        0        0.183729469003282                        0        0.190191574795395        0.190191574795395                        0
       288                        0        0.183317481204193                        0        0.184199259653654        0.184199259653654                        0
       576                        0        0.183287037861048                        0        0.183370568697616        0.183370568697616                        0
      1152                        0        0.183283225382432                        0        0.183315640730778        0.183315640730778                        0
      2304                        0        0.183282715136691                        0         0.18329056611183         0.18329056611183                        0
      4608                        0        0.183282654896744                        0        0.183284597282614        0.183284597282614                        0
      9216                        0        0.183282647484476                        0         0.18328313083047         0.18328313083047                        0
