#square and square, nu_xymn_1
#MM NN: 1 4
#quadrature order: 16
#numpanels            c*(gradu.n)^2                      BEM        0.5*(gradu)^2 ex.       Boundary Formula 1       Boundary Formula 2
        72                        0       0.0599944655998515                        0       0.0646456020300647       0.0646456020300647                        0
       144                        0       0.0604747840148224                        0       0.0618207053395737       0.0618207053395737                        0
       288                        0       0.0605464145414874                        0       0.0606034652888567       0.0606034652888567                        0
       576                        0       0.0605473533244178                        0       0.0605574551522143       0.0605574551522143                        0
      1152                        0       0.0605517315893306                        0       0.0605460452349694       0.0605460452349694                        0
      2304                        0       0.0605521678236078                        0       0.0605499099858207       0.0605499099858207                        0
      4608                        0       0.0605522200553791                        0       0.0605515657941336       0.0605515657941336                        0
      9216                        0       0.0605522265027644                        0        0.060552052098094        0.060552052098094                        0
