#square and square, nu_xymn_2
#MM NN: 5 4
#quadrature order: 16
#numpanels            c*(gradu.n)^2                      BEM        0.5*(gradu)^2 ex.       Boundary Formula 1       Boundary Formula 2
        72                        0       -0.295629363493739                        0       -0.331266654949324       -0.331266654949324                        0
       144                        0       -0.274519130737747                        0       -0.290804848249527       -0.290804848249527                        0
       288                        0       -0.271438670271405                        0       -0.274739472613888       -0.274739472613888                        0
       576                        0       -0.271184636173753                        0       -0.271384543924243       -0.271384543924243                        0
      1152                        0       -0.271164220844992                        0       -0.271274920240812       -0.271274920240812                        0
      2304                        0        -0.27116129103783                        0        -0.27118900717653        -0.27118900717653                        0
      4608                        0        -0.27116093800445                        0       -0.271167929393152       -0.271167929393152                        0
      9216                        0       -0.271160894238102                        0       -0.271162651223078       -0.271162651223078                        0
