#square and square, nu_xymn_1
#MM NN: 2 4
#quadrature order: 16
#numpanels            c*(gradu.n)^2                      BEM        0.5*(gradu)^2 ex.       Boundary Formula 1       Boundary Formula 2
        72                        0        0.676157170202434                        0        0.602645111043309        0.602645111043309                        0
       144                        0        0.684463670352029                        0        0.675651454401416        0.675651454401416                        0
       288                        0        0.685536591865827                        0        0.685884842698748        0.685884842698748                        0
       576                        0        0.685626933446637                        0        0.685723910429567        0.685723910429567                        0
      1152                        0        0.685629700743425                        0        0.685671835217847        0.685671835217847                        0
      2304                        0        0.685630321279812                        0        0.685641658125022        0.685641658125022                        0
      4608                        0        0.685630396306828                        0        0.685633357501544        0.685633357501544                        0
      9216                        0        0.685630405613115                        0        0.685631162108119        0.685631162108119                        0
