#square and square, nu_xymn_2
#MM NN: 2 2
#quadrature order: 16
#numpanels            c*(gradu.n)^2                      BEM        0.5*(gradu)^2 ex.       Boundary Formula 1       Boundary Formula 2
        72                        0       0.0854292289538943                        0       0.0981523859597736       0.0981523859597736                        0
       144                        0        0.086012513707362                        0       0.0883114443315392       0.0883114443315392                        0
       288                        0       0.0860931914428171                        0       0.0863111760523014       0.0863111760523014                        0
       576                        0       0.0861001088403741                        0       0.0861355702662382       0.0861355702662382                        0
      1152                        0       0.0860994133960722                        0       0.0861072376251701       0.0861072376251701                        0
      2304                        0       0.0860993613853901                        0       0.0861011498096084       0.0861011498096084                        0
      4608                        0       0.0860993555797138                        0       0.0860997831353553       0.0860997831353553                        0
      9216                        0       0.0860993548788711                        0       0.0860994593790069       0.0860994593790069                        0
