#square and square, nu_xymn_1
#MM NN: 2 3
#quadrature order: 16
#numpanels            c*(gradu.n)^2                      BEM        0.5*(gradu)^2 ex.       Boundary Formula 1       Boundary Formula 2
        72                        0        0.801789898273558                        0        0.745422453891494        0.745422453891494                        0
       144                        0        0.810817269240373                        0        0.806268740192248        0.806268740192248                        0
       288                        0         0.81208720439776                        0        0.812525420134742        0.812525420134742                        0
       576                        0        0.812182652140748                        0         0.81226994752552         0.81226994752552                        0
      1152                        0         0.81219747478233                        0        0.812214115834997        0.812214115834997                        0
      2304                        0        0.812199309460244                        0         0.81220183264304         0.81220183264304                        0
      4608                        0        0.812199529929147                        0        0.812200024178569        0.812200024178569                        0
      9216                        0        0.812199557197184                        0        0.812199665079792        0.812199665079792                        0
