#square and square, nu_xymn_1
#MM NN: 2 4
#quadrature order: 16
#numpanels            c*(gradu.n)^2                      BEM        0.5*(gradu)^2 ex.       Boundary Formula 1       Boundary Formula 2
        72                        0        0.047506897023409                        0       0.0450872618176586       0.0450872618176586                        0
       144                        0       0.0467652663843625                        0       0.0464901311849858       0.0464901311849858                        0
       288                        0        0.046671166172126                        0       0.0466924537022452       0.0466924537022452                        0
       576                        0       0.0466643023737936                        0       0.0466783616955667       0.0466783616955667                        0
      1152                        0       0.0466637484253625                        0       0.0466673100383398       0.0466673100383398                        0
      2304                        0       0.0466636717831859                        0       0.0466646026116049       0.0466646026116049                        0
      4608                        0       0.0466636625003364                        0       0.0466639005630109       0.0466639005630109                        0
      9216                        0       0.0466636613504643                        0       0.0466637215485388       0.0466637215485388                        0
