#square and square, nu_xymn_2
#MM NN: 5 5
#quadrature order: 16
#numpanels            c*(gradu.n)^2                      BEM        0.5*(gradu)^2 ex.       Boundary Formula 1       Boundary Formula 2
        72                        0       -0.636004361900702                        0       -0.697348975396444       -0.697348975396444                        0
       144                        0        -0.58657108464182                        0       -0.616474679684824       -0.616474679684824                        0
       288                        0       -0.580139789168769                        0       -0.586399057369969       -0.586399057369969                        0
       576                        0       -0.579620040804627                        0       -0.579923762809108       -0.579923762809108                        0
      1152                        0       -0.579579531406874                        0       -0.579800010979778       -0.579800010979778                        0
      2304                        0       -0.579573637619448                        0       -0.579629801474618       -0.579629801474618                        0
      4608                        0       -0.579572926322177                        0       -0.579587196338301       -0.579587196338301                        0
      9216                        0       -0.579572838161924                        0       -0.579576436359047       -0.579576436359047                        0
