#square and square, nu_xymn_1
#MM NN: 4 5
#quadrature order: 16
#numpanels            c*(gradu.n)^2                      BEM        0.5*(gradu)^2 ex.       Boundary Formula 1       Boundary Formula 2
        72                        0        0.014439481921657                        0       0.0134114865598709       0.0134114865598709                        0
       144                        0       0.0141769236695179                        0       0.0141060958877622       0.0141060958877622                        0
       288                        0       0.0141530066298868                        0       0.0141637879061781       0.0141637879061781                        0
       576                        0       0.0141511750150484                        0       0.0141559294343473       0.0141559294343473                        0
      1152                        0        0.014150909899981                        0       0.0141522968028211       0.0141522968028211                        0
      2304                        0       0.0141508786403191                        0       0.0141512493217325       0.0141512493217325                        0
      4608                        0       0.0141508747864267                        0        0.014150970455402        0.014150970455402                        0
      9216                        0       0.0141508743064795                        0       0.0141508986008173       0.0141508986008173                        0
