#square and square, nu_xymn_2
#MM NN: 3 5
#quadrature order: 16
#numpanels            c*(gradu.n)^2                      BEM        0.5*(gradu)^2 ex.       Boundary Formula 1       Boundary Formula 2
        72                        0       0.0196279868416993                        0        0.022433648812026        0.022433648812026                        0
       144                        0       0.0198837482519217                        0       0.0203621458244671       0.0203621458244671                        0
       288                        0       0.0199155911843589                        0       0.0199630244582116       0.0199630244582116                        0
       576                        0       0.0199180172022478                        0       0.0199260166980069       0.0199260166980069                        0
      1152                        0       0.0199180294178689                        0       0.0199197167059547       0.0199197167059547                        0
      2304                        0       0.0199180370131825                        0       0.0199184236365576       0.0199184236365576                        0
      4608                        0       0.0199180380257972                        0       0.0199181304148664       0.0199181304148664                        0
      9216                        0       0.0199180381545247                        0       0.0199180607235556       0.0199180607235556                        0
