#square and square, nu_xymn_2
#MM NN: 1 1
#quadrature order: 16
#numpanels            c*(gradu.n)^2                      BEM        0.5*(gradu)^2 ex.       Boundary Formula 1       Boundary Formula 2
        72                        0         0.20078778425867                        0        0.227597484820923        0.227597484820923                        0
       144                        0        0.198520791164612                        0        0.205107192320128        0.205107192320128                        0
       288                        0        0.198106005119102                        0        0.198958126930431        0.198958126930431                        0
       576                        0        0.198075814569245                        0        0.198149945587921        0.198149945587921                        0
      1152                        0        0.198071948156292                        0        0.198103141915698        0.198103141915698                        0
      2304                        0        0.198071433696778                        0        0.198078999346002        0.198078999346002                        0
      4608                        0        0.198071372976775                        0        0.198073246455533        0.198073246455533                        0
      9216                        0        0.198071365507543                        0        0.198071831927477        0.198071831927477                        0
