#square and square, nu_xymn_2
#MM NN: 1 5
#quadrature order: 16
#numpanels            c*(gradu.n)^2                      BEM        0.5*(gradu)^2 ex.       Boundary Formula 1       Boundary Formula 2
        72                        0       -0.433551752055733                        0       -0.495397389915705       -0.495397389915705                        0
       144                        0       -0.430017548918408                        0       -0.445986176782889       -0.445986176782889                        0
       288                        0       -0.429404749742095                        0       -0.431762771320317       -0.431762771320317                        0
       576                        0        -0.42935641227781                        0       -0.429608542044636       -0.429608542044636                        0
      1152                        0       -0.429350992478677                        0       -0.429436213436463       -0.429436213436463                        0
      2304                        0       -0.429350209072539                        0       -0.429370952584403       -0.429370952584403                        0
      4608                        0       -0.429350117680901                        0       -0.429355255762356       -0.429355255762356                        0
      9216                        0       -0.429350106464758                        0       -0.429351385521396       -0.429351385521396                        0
