#square and square, nu_xymn_2
#MM NN: 3 2
#quadrature order: 16
#numpanels            c*(gradu.n)^2                      BEM        0.5*(gradu)^2 ex.       Boundary Formula 1       Boundary Formula 2
        72                        0         0.44629618926357                        0        0.499070222064259        0.499070222064259                        0
       144                        0        0.434756824847741                        0        0.449810535146409        0.449810535146409                        0
       288                        0        0.433028081205663                        0         0.43517526767083         0.43517526767083                        0
       576                        0        0.432903271105638                        0        0.433054151496422        0.433054151496422                        0
      1152                        0         0.43288995499368                        0        0.432972830932218        0.432972830932218                        0
      2304                        0        0.432888141392646                        0        0.432908578789182        0.432908578789182                        0
      4608                        0        0.432887925338182                        0         0.43289303036671         0.43289303036671                        0
      9216                        0        0.432887898698617                        0        0.432889175185271        0.432889175185271                        0
