#square and square, nu_xymn_2
#MM NN: 2 1
#quadrature order: 16
#numpanels            c*(gradu.n)^2                      BEM        0.5*(gradu)^2 ex.       Boundary Formula 1       Boundary Formula 2
        72                        0        0.093014998499332                        0        0.106698450414232        0.106698450414232                        0
       144                        0       0.0937053192512631                        0       0.0960219754922881       0.0960219754922881                        0
       288                        0       0.0937971085232347                        0       0.0939904867301095       0.0939904867301095                        0
       576                        0       0.0938045710525834                        0       0.0938342836784121       0.0938342836784121                        0
      1152                        0       0.0938038507209569                        0       0.0938103138250107       0.0938103138250107                        0
      2304                        0       0.0938038006343013                        0       0.0938052563328506       0.0938052563328506                        0
      4608                        0       0.0938037950222224                        0       0.0938041403595257       0.0938041403595257                        0
      9216                        0       0.0938037943434163                        0         0.09380387841148         0.09380387841148                        0
