#square and square, nu_xymn_1
#MM NN: 1 5
#quadrature order: 16
#numpanels            c*(gradu.n)^2                      BEM        0.5*(gradu)^2 ex.       Boundary Formula 1       Boundary Formula 2
        72                        0       0.0362530025108721                        0       0.0416647796920817       0.0416647796920817                        0
       144                        0       0.0367022330953232                        0       0.0380105204124136       0.0380105204124136                        0
       288                        0       0.0367558954375279                        0        0.036799295580622        0.036799295580622                        0
       576                        0       0.0367556924076506                        0       0.0367634212679646       0.0367634212679646                        0
      1152                        0       0.0367595143521953                        0       0.0367540161048054       0.0367540161048054                        0
      2304                        0       0.0367598903101291                        0       0.0367577836997035       0.0367577836997035                        0
      4608                        0       0.0367599353464327                        0        0.036759329270042        0.036759329270042                        0
      9216                        0       0.0367599409056727                        0       0.0367597797824306       0.0367597797824306                        0
