#square and square, nu_xymn_1
#MM NN: 4 2
#quadrature order: 16
#numpanels            c*(gradu.n)^2                      BEM        0.5*(gradu)^2 ex.       Boundary Formula 1       Boundary Formula 2
        72                        0       0.0199957148847716                        0        0.108068554520173        0.108068554520173                        0
       144                        0       0.0327094864133795                        0       0.0519963236747018       0.0519963236747018                        0
       288                        0        0.034773667215515                        0       0.0350893163795731       0.0350893163795731                        0
       576                        0       0.0349081640044983                        0       0.0345542422136846       0.0345542422136846                        0
      1152                        0       0.0349514862732486                        0       0.0347924260416451       0.0347924260416451                        0
      2304                        0       0.0349563576013872                        0       0.0349070953567429       0.0349070953567429                        0
      4608                        0       0.0349569395978907                        0       0.0349436062878658       0.0349436062878658                        0
      9216                        0       0.0349570114306205                        0       0.0349535544404182       0.0349535544404182                        0
