#square and square, nu_xymn_1
#MM NN: 5 1
#quadrature order: 16
#numpanels            c*(gradu.n)^2                      BEM        0.5*(gradu)^2 ex.       Boundary Formula 1       Boundary Formula 2
        72                        0        0.114888439126218                        0       0.0990507868552328       0.0990507868552328                        0
       144                        0        0.117225965501463                        0        0.114637575206202        0.114637575206202                        0
       288                        0        0.117450210119644                        0        0.117440610907394        0.117440610907394                        0
       576                        0        0.117467902918959                        0        0.117505677439655        0.117505677439655                        0
      1152                        0        0.117469558307113                        0        0.117482142128234        0.117482142128234                        0
      2304                        0        0.117469765473907                        0        0.117473275862873        0.117473275862873                        0
      4608                        0        0.117469791413054                        0         0.11747071411077         0.11747071411077                        0
      9216                        0         0.11746979465755                        0        0.117470030980705        0.117470030980705                        0
