#square and square, nu_xymn_2
#MM NN: 2 5
#quadrature order: 16
#numpanels            c*(gradu.n)^2                      BEM        0.5*(gradu)^2 ex.       Boundary Formula 1       Boundary Formula 2
        72                        0       -0.749204728020428                        0       -0.851614261109382       -0.851614261109382                        0
       144                        0       -0.737811058520886                        0       -0.764862315003916       -0.764862315003916                        0
       288                        0       -0.736120258217518                        0       -0.740311591823894       -0.740311591823894                        0
       576                        0       -0.735985994904141                        0       -0.736403219642387       -0.736403219642387                        0
      1152                        0       -0.735972088919876                        0       -0.736124121232539       -0.736124121232539                        0
      2304                        0       -0.735970127755013                        0       -0.736007393187472       -0.736007393187472                        0
      4608                        0       -0.735969895395319                        0       -0.735979162437764       -0.735979162437764                        0
      9216                        0       -0.735969866753606                        0       -0.735972178324877       -0.735972178324877                        0
