#square and square, nu_xymn_2
#MM NN: 1 1
#quadrature order: 16
#numpanels            c*(gradu.n)^2                      BEM        0.5*(gradu)^2 ex.       Boundary Formula 1       Boundary Formula 2
        72                        0        0.168929584971784                        0        0.191178929936246        0.191178929936246                        0
       144                        0        0.166803438774689                        0        0.172304279051265        0.172304279051265                        0
       288                        0        0.166429128960461                        0        0.167144406820514        0.167144406820514                        0
       576                        0          0.1664019011855                        0        0.166462167173899        0.166462167173899                        0
      1152                        0        0.166398501743854                        0        0.166424793043389        0.166424793043389                        0
      2304                        0        0.166398048498176                        0        0.166404439207316        0.166404439207316                        0
      4608                        0        0.166397994917636                        0         0.16639957931759         0.16639957931759                        0
      9216                        0        0.166397988323888                        0        0.166398383010442        0.166398383010442                        0
