#square and square, nu_xymn_2
#MM NN: 2 4
#quadrature order: 16
#numpanels            c*(gradu.n)^2                      BEM        0.5*(gradu)^2 ex.       Boundary Formula 1       Boundary Formula 2
        72                        0       0.0506052552088656                        0       0.0577630175109335       0.0577630175109335                        0
       144                        0       0.0505316895338766                        0       0.0518160103651529       0.0518160103651529                        0
       288                        0       0.0505405045563439                        0       0.0506730208690811       0.0506730208690811                        0
       576                        0       0.0505417444461346                        0       0.0505646502646377       0.0505646502646377                        0
      1152                        0       0.0505408431330115                        0       0.0505459993726071       0.0505459993726071                        0
      2304                        0       0.0505407557309133                        0       0.0505419456990539       0.0505419456990539                        0
      4608                        0       0.0505407453534168                        0       0.0505410313970548       0.0505410313970548                        0
      9216                        0       0.0505407440758343                        0       0.0505408141929317       0.0505408141929317                        0
