#square and square, nu_xymn_1
#MM NN: 3 4
#quadrature order: 16
#numpanels            c*(gradu.n)^2                      BEM        0.5*(gradu)^2 ex.       Boundary Formula 1       Boundary Formula 2
        72                        0       0.0339518745973476                        0       0.0313737108191658       0.0313737108191658                        0
       144                        0        0.033472566294473                        0       0.0332102663929662       0.0332102663929662                        0
       288                        0       0.0334291143687016                        0       0.0334482906920562       0.0334482906920562                        0
       576                        0       0.0334259111999567                        0       0.0334366054608756       0.0334366054608756                        0
      1152                        0       0.0334254105464921                        0       0.0334285818215505       0.0334285818215505                        0
      2304                        0       0.0334253515626051                        0       0.0334262059257247       0.0334262059257247                        0
      4608                        0       0.0334253443411886                        0       0.0334255655956371       0.0334255655956371                        0
      9216                        0       0.0334253434438724                        0       0.0334253997193456       0.0334253997193456                        0
