#square and square, nu_xymn_2
#MM NN: 1 2
#quadrature order: 16
#numpanels            c*(gradu.n)^2                      BEM        0.5*(gradu)^2 ex.       Boundary Formula 1       Boundary Formula 2
        72                        0        0.214318896768746                        0        0.242119839453903        0.242119839453903                        0
       144                        0        0.211931050869225                        0        0.218506472949804        0.218506472949804                        0
       288                        0        0.211507930973941                        0        0.212315774801661        0.212315774801661                        0
       576                        0        0.211477593839229                        0        0.211538526863584        0.211538526863584                        0
      1152                        0        0.211473738844965                        0        0.211503190577297        0.211503190577297                        0
      2304                        0        0.211473225804226                        0        0.211480403460826        0.211480403460826                        0
      4608                        0        0.211473165229273                        0        0.211474947228898        0.211474947228898                        0
      9216                        0        0.211473157778979                        0        0.211473602001646        0.211473602001646                        0
