#square and square, nu_xymn_2
#MM NN: 4 4
#quadrature order: 16
#numpanels            c*(gradu.n)^2                      BEM        0.5*(gradu)^2 ex.       Boundary Formula 1       Boundary Formula 2
        72                        0       -0.352925525308206                        0       -0.398654120399928       -0.398654120399928                        0
       144                        0       -0.335570344976315                        0       -0.351543856286543       -0.351543856286543                        0
       288                        0        -0.33308552105024                        0       -0.336129791790106       -0.336129791790106                        0
       576                        0       -0.332881273037124                        0       -0.333120935999327       -0.333120935999327                        0
      1152                        0       -0.332862832184528                        0       -0.332969374417874       -0.332969374417874                        0
      2304                        0       -0.332860261279043                        0       -0.332886700098054       -0.332886700098054                        0
      4608                        0       -0.332859951812447                        0       -0.332866583506836       -0.332866583506836                        0
      9216                        0       -0.332859913473999                        0       -0.332861575253438       -0.332861575253438                        0
