#square and square, nu_xymn_1
#MM NN: 2 5
#quadrature order: 16
#numpanels            c*(gradu.n)^2                      BEM        0.5*(gradu)^2 ex.       Boundary Formula 1       Boundary Formula 2
        72                        0        0.391761387398229                        0        0.326064382727879        0.326064382727879                        0
       144                        0        0.398186037269125                        0        0.388813846650943        0.388813846650943                        0
       288                        0        0.398884477934642                        0        0.399144027042679        0.399144027042679                        0
       576                        0        0.398949092514028                        0         0.39904347220805         0.39904347220805                        0
      1152                        0        0.398942881137286                        0        0.398996059498119        0.398996059498119                        0
      2304                        0        0.398942511759043                        0        0.398958121829495        0.398958121829495                        0
      4608                        0        0.398942467889382                        0         0.39894665042177         0.39894665042177                        0
      9216                        0        0.398942462490531                        0        0.398943542608249        0.398943542608249                        0
