#square and square, nu_xymn_2
#MM NN: 1 3
#quadrature order: 16
#numpanels            c*(gradu.n)^2                      BEM        0.5*(gradu)^2 ex.       Boundary Formula 1       Boundary Formula 2
        72                        0       0.0839323455190235                        0       0.0935435624972348       0.0935435624972348                        0
       144                        0       0.0835329512814911                        0       0.0850872015171054       0.0850872015171054                        0
       288                        0       0.0834531796300804                        0       0.0835087442328678       0.0835087442328678                        0
       576                        0       0.0834488785348579                        0        0.083430865503647        0.083430865503647                        0
      1152                        0       0.0834481123285677                        0       0.0834496321453575       0.0834496321453575                        0
      2304                        0       0.0834480175861205                        0       0.0834484303222626       0.0834484303222626                        0
      4608                        0       0.0834480064989493                        0       0.0834481153500816       0.0834481153500816                        0
      9216                        0       0.0834480051436918                        0       0.0834480331011073       0.0834480331011073                        0
