#square and square, nu_xymn_1
#MM NN: 4 3
#quadrature order: 16
#numpanels            c*(gradu.n)^2                      BEM        0.5*(gradu)^2 ex.       Boundary Formula 1       Boundary Formula 2
        72                        0       0.0435622769000623                        0       0.0389763055289498       0.0389763055289498                        0
       144                        0       0.0436237599909369                        0       0.0430197149579104       0.0430197149579104                        0
       288                        0       0.0436295235804159                        0       0.0436428506511166       0.0436428506511166                        0
       576                        0       0.0436301872349225                        0       0.0436443332944065       0.0436443332944065                        0
      1152                        0        0.043630116320735                        0       0.0436345573456349       0.0436345573456349                        0
      2304                        0       0.0436301103361884                        0       0.0436313270403113       0.0436313270403113                        0
      4608                        0       0.0436301096754062                        0       0.0436304270785726       0.0436304270785726                        0
      9216                        0        0.043630109595795                        0        0.043630190605651        0.043630190605651                        0
