#square and square, nu_xymn_1
#MM NN: 5 4
#quadrature order: 16
#numpanels            c*(gradu.n)^2                      BEM        0.5*(gradu)^2 ex.       Boundary Formula 1       Boundary Formula 2
        72                        0       -0.508504016688494                        0       -0.430099716230656       -0.430099716230656                        0
       144                        0       -0.503897360106142                        0       -0.490832965558318       -0.490832965558318                        0
       288                        0       -0.502370170246549                        0       -0.502441818358881       -0.502441818358881                        0
       576                        0       -0.502241902772681                        0       -0.502841158801013       -0.502841158801013                        0
      1152                        0       -0.502239567455089                        0       -0.502393274990359       -0.502393274990359                        0
      2304                        0       -0.502238674622684                        0       -0.502280791898578       -0.502280791898578                        0
      4608                        0       -0.502238573681743                        0       -0.502249493111056       -0.502249493111056                        0
      9216                        0       -0.502238561400302                        0       -0.502241339499225       -0.502241339499225                        0
