#square and square, nu_xymn_2
#MM NN: 1 4
#quadrature order: 16
#numpanels            c*(gradu.n)^2                      BEM        0.5*(gradu)^2 ex.       Boundary Formula 1       Boundary Formula 2
        72                        0       -0.172993322784208                        0       -0.198717315776637       -0.198717315776637                        0
       144                        0       -0.170640924055261                        0       -0.178108654830733       -0.178108654830733                        0
       288                        0       -0.170242678065132                        0       -0.171462896075799       -0.171462896075799                        0
       576                        0       -0.170210838790166                        0       -0.170354616585132       -0.170354616585132                        0
      1152                        0       -0.170207308880705                        0       -0.170252333083448       -0.170252333083448                        0
      2304                        0       -0.170206811836452                        0       -0.170217721080765       -0.170217721080765                        0
      4608                        0       -0.170206753284694                        0       -0.170209449805693       -0.170209449805693                        0
      9216                        0       -0.170206746076919                        0       -0.170207416666801       -0.170207416666801                        0
