#square and square, nu_xymn_2
#MM NN: 0 0
#quadrature order: 16
#numpanels            c*(gradu.n)^2                      BEM        0.5*(gradu)^2 ex.       Boundary Formula 1       Boundary Formula 2
        72                        0     -0.00495474002466038                        0      -0.0155713631502238      -0.0155713631502238                        0
       144                        0     -0.00619286988489056                        0      -0.0117891121024518      -0.0117891121024518                        0
       288                        0     -0.00644742405652041                        0     -0.00584573257743674     -0.00584573257743674                        0
       576                        0     -0.00646739279645397                        0     -0.00607351564871923     -0.00607351564871923                        0
      1152                        0     -0.00647072027119233                        0     -0.00643026246882223     -0.00643026246882223                        0
      2304                        0     -0.00647112994888318                        0     -0.00646024818898205     -0.00646024818898205                        0
      4608                        0     -0.00647117863810702                        0     -0.00646837135537247     -0.00646837135537247                        0
