#square and square, nu_xymn_2
#MM NN: 3 2
#quadrature order: 16
#numpanels            c*(gradu.n)^2                      BEM        0.5*(gradu)^2 ex.       Boundary Formula 1       Boundary Formula 2
        16                        0        0.198982391458316                        0         0.12200111585191         0.12200111585191                        0
        32                        0        0.222255076526273                        0        0.164242432994622        0.164242432994622                        0
        48                        0        0.227307212515333                        0        0.177863599542194        0.177863599542194                        0
        64                        0        0.229395757130663                        0        0.185190612684206        0.185190612684206                        0
        80                        0        0.230533555498876                        0        0.189940547364834        0.189940547364834                        0
        96                        0         0.23124677808207                        0        0.193340309716814        0.193340309716814                        0
       112                        0        0.231733488587216                        0         0.19593064060592         0.19593064060592                        0
       128                        0          0.2320854525031                        0        0.197991355420396        0.197991355420396                        0
       144                        0        0.232350985269196                        0        0.199683363043725        0.199683363043725                        0
       160                        0        0.232557904299653                        0        0.201106504461795        0.201106504461795                        0
       176                        0        0.232723329403143                        0        0.202326404132038        0.202326404132038                        0
       192                        0        0.232858357324753                        0        0.203388193067305        0.203388193067305                        0
       208                        0        0.232970486096969                        0        0.204324062290704        0.204324062290704                        0
       224                        0        0.233064958049134                        0        0.205157673817492        0.205157673817492                        0
       240                        0        0.233145544611625                        0        0.205906864237376        0.205906864237376                        0
       256                        0         0.23321502568034                        0         0.20658537003313         0.20658537003313                        0
       272                        0        0.233275493552973                        0        0.207203966904075        0.207203966904075                        0
       288                        0        0.233328551891758                        0        0.207771244532734        0.207771244532734                        0
       304                        0        0.233375449622098                        0        0.208294147039377        0.208294147039377                        0
       320                        0        0.233417173252124                        0        0.208778358498401        0.208778358498401                        0
       336                        0        0.233454511899532                        0        0.209228583414389        0.209228583414389                        0
       352                        0        0.233488103973373                        0        0.209648754391684        0.209648754391684                        0
       368                        0         0.23351847126175                        0        0.210042188335301        0.210042188335301                        0
       384                        0        0.233546044207904                        0        0.210411705616452        0.210411705616452                        0
       400                        0        0.233571180914755                        0        0.210759722158324        0.210759722158324                        0
       416                        0        0.233594181615922                        0        0.211088321430881        0.211088321430881                        0
       432                        0        0.233615299822817                        0        0.211399311344724        0.211399311344724                        0
       448                        0        0.233634751002977                        0        0.211694269650614        0.211694269650614                        0
       464                        0        0.233652719402719                        0        0.211974580497736        0.211974580497736                        0
       480                        0        0.233669363459638                        0        0.212241464117027        0.212241464117027                        0
       496                        0        0.233684820132512                        0        0.212496001109511        0.212496001109511                        0
       512                        0        0.233699208392253                        0        0.212739152462988        0.212739152462988                        0
       528                        0        0.233712632056925                        0        0.212971776159831        0.212971776159831                        0
       544                        0        0.233725182109778                        0        0.213194641040213        0.213194641040213                        0
       560                        0        0.233736938606662                        0        0.213408438445375        0.213408438445375                        0
       576                        0        0.233747972254869                        0        0.213613792046228        0.213613792046228                        0
       592                        0        0.233758345727452                        0         0.21381126618671         0.21381126618671                        0
       608                        0        0.233768114763054                        0        0.214001372997501        0.214001372997501                        0
       624                        0        0.233777329090873                        0        0.214184578490829        0.214184578490829                        0
       640                        0        0.233786033212276                        0        0.214361307804727        0.214361307804727                        0
       656                        0         0.23379426706414                        0        0.214531949732741        0.214531949732741                        0
       672                        0        0.233802066584313                        0        0.214696860653487        0.214696860653487                        0
       688                        0        0.233809464195503                        0        0.214856367950002        0.214856367950002                        0
       704                        0        0.233816489220966                        0         0.21501077299705         0.21501077299705                        0
       720                        0          0.2338231682429                        0        0.215160353778878        0.215160353778878                        0
       736                        0        0.233829525412546                        0        0.215305367191252        0.215305367191252                        0
       752                        0        0.233835582719349                        0            0.21544605107            0.21544605107                        0
       768                        0        0.233841360225337                        0        0.215582625986426        0.215582625986426                        0
       784                        0         0.23384687626985                        0        0.215715296838407        0.215715296838407                        0
       800                        0        0.233852147648863                        0        0.215844254265436        0.215844254265436                        0
       816                        0        0.233857189772495                        0        0.215969675909812        0.215969675909812                        0
       832                        0        0.233862016803742                        0        0.216091727543435        0.216091727543435                        0
       848                        0        0.233866641780953                        0        0.216210564076858        0.216210564076858                        0
       864                        0        0.233871076726252                        0        0.216326330465606        0.216326330465606                        0
       880                        0        0.233875332741739                        0        0.216439162523357        0.216439162523357                        0
       896                        0        0.233879420095003                        0        0.216549187658205        0.216549187658205                        0
       912                        0        0.233883348295357                        0        0.216656525534042        0.216656525534042                        0
       928                        0        0.233887126161911                        0        0.216761288671299        0.216761288671299                        0
       944                        0        0.233890761884471                        0        0.216863582990599        0.216863582990599                        0
