#square and square, nu_xymn_1
#MM NN: 3 1
#quadrature order: 16
#numpanels            c*(gradu.n)^2                      BEM        0.5*(gradu)^2 ex.       Boundary Formula 1       Boundary Formula 2
        16                        0        0.297493672253947                        0        0.239913433814476        0.239913433814476                        0
        32                        0         0.32167399365288                        0        0.273032718390664        0.273032718390664                        0
        48                        0        0.325414900750874                        0        0.281627157335081        0.281627157335081                        0
        64                        0        0.326670173063434                        0        0.286364438891447        0.286364438891447                        0
        80                        0        0.327272294230882                        0        0.289592991531194        0.289592991531194                        0
        96                        0        0.327619322047916                        0        0.292006590095937        0.292006590095937                        0
       112                        0        0.327842235476292                        0        0.293911973573919        0.293911973573919                        0
       128                        0        0.327996175028118                        0        0.295472365770292        0.295472365770292                        0
       144                        0        0.328108143563552                        0        0.296784660684909        0.296784660684909                        0
       160                        0        0.328192826227428                        0        0.297910852248683        0.297910852248683                        0
       176                        0        0.328258852595944                        0        0.298892855283497        0.298892855283497                        0
       192                        0        0.328311605744095                        0        0.299760241595418        0.299760241595418                        0
       208                        0         0.32835460689151                        0        0.300534595534837        0.300534595534837                        0
       224                        0        0.328390250245236                        0        0.301232115318273        0.301232115318273                        0
       240                        0        0.328420216921353                        0        0.301865242212343        0.301865242212343                        0
       256                        0        0.328445719835396                        0        0.302443721623685        0.302443721623685                        0
       272                        0        0.328467654686821                        0        0.302975317307139        0.302975317307139                        0
       288                        0        0.328486696375008                        0        0.303466305781975        0.303466305781975                        0
       304                        0        0.328503362463144                        0        0.303921827001975        0.303921827001975                        0
       320                        0         0.32851805607032                        0        0.304346138401706        0.304346138401706                        0
       336                        0         0.32853109554182                        0        0.304742802412995        0.304742802412995                        0
       352                        0        0.328542735400713                        0        0.305114827193524        0.305114827193524                        0
       368                        0         0.32855318141761                        0        0.305464773821771        0.305464773821771                        0
       384                        0        0.328562601630575                        0        0.305794839048303        0.305794839048303                        0
       400                        0        0.328571134524882                        0        0.306106919955756        0.306106919955756                        0
       416                        0        0.328578895187569                        0         0.30640266504314         0.30640266504314                        0
       432                        0        0.328585979995896                        0        0.306683514990561        0.306683514990561                        0
       448                        0        0.328592470229701                        0        0.306950735493639        0.306950735493639                        0
       464                        0        0.328598434883792                        0        0.307205443933893        0.307205443933893                        0
       480                        0        0.328603932878707                        0        0.307448631214256        0.307448631214256                        0
       496                        0         0.32860901481409                        0         0.30768117976628         0.30768117976628                        0
       512                        0        0.328613724370853                        0         0.30790387850157         0.30790387850157                        0
       528                        0        0.328618099441127                        0        0.308117435303097        0.308117435303097                        0
       544                        0        0.328622173045408                        0         0.30832248752525         0.30832248752525                        0
       560                        0        0.328625974082018                        0        0.308519610865736        0.308519610865736                        0
       576                        0        0.328629527943352                        0        0.308709326903797        0.308709326903797                        0
       592                        0        0.328632857025653                        0        0.308892109533568        0.308892109533568                        0
       608                        0        0.328635981153026                        0        0.309068390482178        0.309068390482178                        0
       624                        0        0.328638917931977                        0        0.309238564061596        0.309238564061596                        0
       640                        0         0.32864168304936                        0        0.309402991277912        0.309402991277912                        0
       656                        0        0.328644290523894                        0        0.309562003399409        0.309562003399409                        0
       672                        0        0.328646752919476                        0          0.3097159050643          0.3097159050643                        0
       688                        0        0.328649081526843                        0        0.309864976999255        0.309864976999255                        0
       704                        0        0.328651286518866                        0        0.310009478403551        0.310009478403551                        0
       720                        0        0.328653377083867                        0        0.310149649047192        0.310149649047192                        0
       736                        0        0.328655361540439                        0        0.310285711122676        0.310285711122676                        0
       752                        0          0.3286572474367                        0         0.31041787088505         0.31041787088505                        0
       768                        0        0.328659041636366                        0        0.310546320106268        0.310546320106268                        0
       784                        0        0.328660750393631                        0        0.310671237370688        0.310671237370688                        0
       800                        0        0.328662379418514                        0        0.310792789230126        0.310792789230126                        0
       816                        0        0.328663933934037                        0         0.31091113123714         0.31091113123714                        0
       832                        0        0.328665418726408                        0        0.311026408871157        0.311026408871157                        0
       848                        0        0.328666838189169                        0        0.311138758370491        0.311138758370491                        0
       864                        0        0.328668196362142                        0        0.311248307480673        0.311248307480673                        0
       880                        0         0.32866949696588                        0        0.311355176131588        0.311355176131588                        0
       896                        0        0.328670743432184                        0        0.311459477046228        0.311459477046228                        0
       912                        0        0.328671938931228                        0        0.311561316294993        0.311561316294993                        0
       928                        0        0.328673086395704                        0        0.311660793796857        0.311660793796857                        0
       944                        0        0.328674188542362                        0        0.311758003775363        0.311758003775363                        0
