#square and square, nu_xymn_1
#MM NN: 4 1
#quadrature order: 16
#numpanels            c*(gradu.n)^2                      BEM        0.5*(gradu)^2 ex.       Boundary Formula 1       Boundary Formula 2
        16                        0        0.292199435169813                        0        0.239913433814476        0.239913433814476                        0
        32                        0        0.319871272916163                        0        0.273032718390664        0.273032718390664                        0
        48                        0        0.324441108895659                        0        0.281627157335081        0.281627157335081                        0
        64                        0        0.326038762704012                        0        0.286364438891447        0.286364438891447                        0
        80                        0        0.326819366698831                        0        0.289592991531194        0.289592991531194                        0
        96                        0        0.327273079106845                        0        0.292006590095937        0.292006590095937                        0
       112                        0        0.327565766621656                        0        0.293911973573919        0.293911973573919                        0
       128                        0        0.327768333922338                        0        0.295472365770292        0.295472365770292                        0
       144                        0        0.327915830503698                        0        0.296784660684909        0.296784660684909                        0
       160                        0        0.328027432787076                        0        0.297910852248683        0.297910852248683                        0
       176                        0        0.328114454574703                        0        0.298892855283497        0.298892855283497                        0
       192                        0        0.328183972228484                        0        0.299760241595418        0.299760241595418                        0
       208                        0        0.328240622939513                        0        0.300534595534837        0.300534595534837                        0
       224                        0        0.328287563511152                        0        0.301232115318273        0.301232115318273                        0
       240                        0        0.328327012278252                        0        0.301865242212343        0.301865242212343                        0
       256                        0        0.328360570550594                        0        0.302443721623685        0.302443721623685                        0
       272                        0        0.328389421179476                        0        0.302975317307139        0.302975317307139                        0
       288                        0        0.328414455544422                        0        0.303466305781975        0.303466305781975                        0
       304                        0        0.328436357231866                        0        0.303921827001975        0.303921827001975                        0
       320                        0        0.328455658636184                        0        0.304346138401706        0.304346138401706                        0
       336                        0        0.328472780137026                        0        0.304742802412995        0.304742802412995                        0
       352                        0        0.328488057776543                        0        0.305114827193524        0.305114827193524                        0
       368                        0        0.328501763172877                        0        0.305464773821771        0.305464773821771                        0
       384                        0        0.328514118085089                        0        0.305794839048303        0.305794839048303                        0
       400                        0        0.328525305225608                        0        0.306106919955756        0.306106919955756                        0
       416                        0        0.328535476396089                        0         0.30640266504314         0.30640266504314                        0
       432                        0        0.328544758685223                        0        0.306683514990561        0.306683514990561                        0
       448                        0         0.32855325924379                        0        0.306950735493639        0.306950735493639                        0
       464                        0        0.328561069001993                        0        0.307205443933893        0.307205443933893                        0
       480                        0        0.328568265591252                        0        0.307448631214256        0.307448631214256                        0
       496                        0        0.328574915661216                        0         0.30768117976628         0.30768117976628                        0
       512                        0        0.328581076732381                        0         0.30790387850157         0.30790387850157                        0
       528                        0        0.328586798688807                        0        0.308117435303097        0.308117435303097                        0
       544                        0        0.328592124989505                        0         0.30832248752525         0.30832248752525                        0
       560                        0        0.328597093658151                        0        0.308519610865736        0.308519610865736                        0
       576                        0        0.328601738096737                        0        0.308709326903797        0.308709326903797                        0
       592                        0        0.328606087758509                        0        0.308892109533568        0.308892109533568                        0
       608                        0        0.328610168707583                        0        0.309068390482178        0.309068390482178                        0
       624                        0        0.328614004086771                        0        0.309238564061596        0.309238564061596                        0
       640                        0        0.328617614510655                        0        0.309402991277912        0.309402991277912                        0
       656                        0        0.328621018397345                        0        0.309562003399409        0.309562003399409                        0
       672                        0        0.328624232249779                        0          0.3097159050643          0.3097159050643                        0
       688                        0        0.328627270895231                        0        0.309864976999255        0.309864976999255                        0
       704                        0        0.328630147690031                        0        0.310009478403551        0.310009478403551                        0
       720                        0        0.328632874695263                        0        0.310149649047192        0.310149649047192                        0
       736                        0        0.328635462828057                        0        0.310285711122676        0.310285711122676                        0
       752                        0        0.328637921992352                        0         0.31041787088505         0.31041787088505                        0
       768                        0        0.328640261192262                        0        0.310546320106268        0.310546320106268                        0
       784                        0        0.328642488630694                        0        0.310671237370688        0.310671237370688                        0
       800                        0        0.328644611795376                        0        0.310792789230126        0.310792789230126                        0
       816                        0        0.328646637534132                        0         0.31091113123714         0.31091113123714                        0
       832                        0        0.328648572120928                        0        0.311026408871157        0.311026408871157                        0
       848                        0        0.328650421313968                        0        0.311138758370491        0.311138758370491                        0
       864                        0        0.328652190406935                        0        0.311248307480673        0.311248307480673                        0
       880                        0        0.328653884274302                        0        0.311355176131588        0.311355176131588                        0
       896                        0        0.328655507411479                        0        0.311459477046228        0.311459477046228                        0
       912                        0        0.328657063970471                        0        0.311561316294993        0.311561316294993                        0
       928                        0        0.328658557791631                        0        0.311660793796857        0.311660793796857                        0
       944                        0        0.328659992431966                        0        0.311758003775363        0.311758003775363                        0
