#square and square, nu_xymn_1
#MM NN: 5 3
#quadrature order: 16
#numpanels            c*(gradu.n)^2                      BEM        0.5*(gradu)^2 ex.       Boundary Formula 1       Boundary Formula 2
        16                        0        0.183733096328084                        0        0.122001115851907        0.122001115851907                        0
        32                        0        0.216856483759999                        0        0.164242432994622        0.164242432994622                        0
        48                        0        0.224363762566427                        0        0.177863599542197        0.177863599542197                        0
        64                        0        0.227482637643895                        0        0.185190612684213        0.185190612684213                        0
        80                        0         0.22916061428125                        0        0.189940547364825        0.189940547364825                        0
        96                        0        0.230197443770387                        0        0.193340309716747        0.193340309716747                        0
       112                        0        0.230895976138319                        0        0.195930640605942        0.195930640605942                        0
       128                        0        0.231395592344093                        0        0.197991355420387        0.197991355420387                        0
       144                        0        0.231768987691629                        0        0.199683363043751        0.199683363043751                        0
       160                        0        0.232057611093663                        0        0.201106504461774        0.201106504461774                        0
       176                        0         0.23228673723267                        0        0.202326404132059        0.202326404132059                        0
       192                        0        0.232472609843915                        0        0.203388193067237        0.203388193067237                        0
       208                        0        0.232626119899548                        0        0.204324062290692        0.204324062290692                        0
       224                        0        0.232754828397577                        0        0.205157673817528        0.205157673817528                        0
       240                        0         0.23286414006409                        0        0.205906864237396        0.205906864237396                        0
       256                        0        0.232958015449367                        0        0.206585370033154        0.206585370033154                        0
       272                        0        0.233039419574206                        0        0.207203966904054        0.207203966904054                        0
       288                        0        0.233110613886288                        0        0.207771244532744        0.207771244532744                        0
       304                        0        0.233173351656604                        0        0.208294147039313        0.208294147039313                        0
       320                        0        0.233229012005236                        0        0.208778358498439        0.208778358498439                        0
       336                        0        0.233278693849722                        0        0.209228583414462        0.209228583414462                        0
       352                        0        0.233323283045212                        0        0.209648754391654        0.209648754391654                        0
       368                        0        0.233363501204173                        0         0.21004218833525         0.21004218833525                        0
       384                        0        0.233399941752935                        0        0.210411705616536        0.210411705616536                        0
       400                        0        0.233433096940947                        0        0.210759722158232        0.210759722158232                        0
       416                        0        0.233463378334912                        0        0.211088321430904        0.211088321430904                        0
       432                        0        0.233491132553396                        0        0.211399311344712        0.211399311344712                        0
       448                        0        0.233516653478409                        0        0.211694269650631        0.211694269650631                        0
       464                        0        0.233540191827477                        0        0.211974580497815        0.211974580497815                        0
       480                        0        0.233561962726014                        0        0.212241464117127        0.212241464117127                        0
       496                        0        0.233582151749011                        0         0.21249600110948         0.21249600110948                        0
       512                        0        0.233600919779783                        0         0.21273915246308         0.21273915246308                        0
       528                        0        0.233618406946313                        0        0.212971776159774        0.212971776159774                        0
       544                        0        0.233634735832381                        0         0.21319464104026         0.21319464104026                        0
       560                        0        0.233650014114091                        0        0.213408438445275        0.213408438445275                        0
       576                        0        0.233664336737685                        0        0.213613792046211        0.213613792046211                        0
       592                        0         0.23367778772882                        0        0.213811266186697        0.213811266186697                        0
       608                        0         0.23369044170371                        0        0.214001372997441        0.214001372997441                        0
       624                        0        0.233702365137649                        0        0.214184578490825        0.214184578490825                        0
       640                        0        0.233713617435044                        0        0.214361307804623        0.214361307804623                        0
       656                        0        0.233724251836022                        0        0.214531949732778        0.214531949732778                        0
       672                        0        0.233734316187958                        0        0.214696860653557        0.214696860653557                        0
       688                        0        0.233743853604699                        0        0.214856367950009        0.214856367950009                        0
       704                        0        0.233752903031991                        0        0.215010772997003        0.215010772997003                        0
       720                        0        0.233761499734295                        0        0.215160353778989        0.215160353778989                        0
       736                        0        0.233769675715372                        0        0.215305367191259        0.215305367191259                        0
       752                        0        0.233777460082868                        0        0.215446051070049        0.215446051070049                        0
       768                        0        0.233784879365374                        0        0.215582625986454        0.215582625986454                        0
       784                        0        0.233791957788996                        0        0.215715296838428        0.215715296838428                        0
       800                        0         0.23379871751933                        0        0.215844254265452        0.215844254265452                        0
       816                        0        0.233805178873734                        0        0.215969675909812        0.215969675909812                        0
       832                        0        0.233811360508086                        0        0.216091727543441        0.216091727543441                        0
       848                        0        0.233817279581472                        0        0.216210564077107        0.216210564077107                        0
       864                        0        0.233822951901809                        0        0.216326330465519        0.216326330465519                        0
       880                        0        0.233828392054921                        0        0.216439162523488        0.216439162523488                        0
       896                        0        0.233833613519166                        0        0.216549187658287        0.216549187658287                        0
       912                        0        0.233838628767509                        0        0.216656525534051        0.216656525534051                        0
       928                        0        0.233843449358583                        0        0.216761288671234        0.216761288671234                        0
