#square and square, nu_xymn_2
#MM NN: 1 3
#quadrature order: 16
#numpanels            c*(gradu.n)^2                      BEM        0.5*(gradu)^2 ex.       Boundary Formula 1       Boundary Formula 2
        16                        0        0.297493672253947                        0        0.239913433814481        0.239913433814481                        0
        32                        0         0.32167399365288                        0        0.273032718390664        0.273032718390664                        0
        48                        0        0.325414900750874                        0        0.281627157335077        0.281627157335077                        0
        64                        0        0.326670173063435                        0         0.28636443889144         0.28636443889144                        0
        80                        0        0.327272294230882                        0        0.289592991531204        0.289592991531204                        0
        96                        0        0.327619322047915                        0        0.292006590096007        0.292006590096007                        0
       112                        0        0.327842235476292                        0        0.293911973573897        0.293911973573897                        0
       128                        0        0.327996175028119                        0          0.2954723657703          0.2954723657703                        0
       144                        0        0.328108143563552                        0        0.296784660684883        0.296784660684883                        0
       160                        0        0.328192826227428                        0        0.297910852248706        0.297910852248706                        0
       176                        0        0.328258852595944                        0        0.298892855283476        0.298892855283476                        0
       192                        0        0.328311605744095                        0        0.299760241595487        0.299760241595487                        0
       208                        0        0.328354606891511                        0        0.300534595534849        0.300534595534849                        0
       224                        0        0.328390250245236                        0        0.301232115318237        0.301232115318237                        0
       240                        0        0.328420216921353                        0        0.301865242212323        0.301865242212323                        0
       256                        0        0.328445719835396                        0        0.302443721623659        0.302443721623659                        0
       272                        0        0.328467654686821                        0         0.30297531730716         0.30297531730716                        0
       288                        0        0.328486696375009                        0        0.303466305781966        0.303466305781966                        0
       304                        0        0.328503362463144                        0         0.30392182700204         0.30392182700204                        0
       320                        0         0.32851805607032                        0        0.304346138401669        0.304346138401669                        0
       336                        0        0.328531095541821                        0        0.304742802412921        0.304742802412921                        0
       352                        0        0.328542735400714                        0        0.305114827193554        0.305114827193554                        0
       368                        0        0.328553181417611                        0        0.305464773821824        0.305464773821824                        0
       384                        0        0.328562601630576                        0        0.305794839048218        0.305794839048218                        0
       400                        0        0.328571134524883                        0        0.306106919955849        0.306106919955849                        0
       416                        0         0.32857889518757                        0        0.306402665043118        0.306402665043118                        0
       432                        0        0.328585979995895                        0        0.306683514990574        0.306683514990574                        0
       448                        0        0.328592470229701                        0        0.306950735493622        0.306950735493622                        0
       464                        0        0.328598434883792                        0        0.307205443933814        0.307205443933814                        0
       480                        0        0.328603932878707                        0        0.307448631214155        0.307448631214155                        0
       496                        0         0.32860901481409                        0        0.307681179766311        0.307681179766311                        0
       512                        0        0.328613724370854                        0        0.307903878501477        0.307903878501477                        0
       528                        0        0.328618099441128                        0        0.308117435303155        0.308117435303155                        0
       544                        0        0.328622173045407                        0        0.308322487525202        0.308322487525202                        0
       560                        0        0.328625974082018                        0        0.308519610865836        0.308519610865836                        0
       576                        0        0.328629527943351                        0        0.308709326903814        0.308709326903814                        0
       592                        0        0.328632857025653                        0        0.308892109533581        0.308892109533581                        0
       608                        0        0.328635981153027                        0        0.309068390482238        0.309068390482238                        0
       624                        0        0.328638917931977                        0        0.309238564061601        0.309238564061601                        0
       640                        0         0.32864168304936                        0        0.309402991278017        0.309402991278017                        0
       656                        0        0.328644290523894                        0        0.309562003399372        0.309562003399372                        0
       672                        0        0.328646752919476                        0         0.30971590506423         0.30971590506423                        0
       688                        0        0.328649081526841                        0        0.309864976999248        0.309864976999248                        0
       704                        0        0.328651286518865                        0        0.310009478403599        0.310009478403599                        0
       720                        0        0.328653377083866                        0        0.310149649047081        0.310149649047081                        0
       736                        0        0.328655361540438                        0        0.310285711122668        0.310285711122668                        0
       752                        0        0.328657247436701                        0        0.310417870885001        0.310417870885001                        0
       768                        0        0.328659041636367                        0        0.310546320106239        0.310546320106239                        0
       784                        0        0.328660750393632                        0        0.310671237370668        0.310671237370668                        0
       800                        0        0.328662379418514                        0         0.31079278923011         0.31079278923011                        0
       816                        0        0.328663933934037                        0        0.310911131237139        0.310911131237139                        0
       832                        0        0.328665418726408                        0        0.311026408871151        0.311026408871151                        0
       848                        0         0.32866683818917                        0         0.31113875837024         0.31113875837024                        0
       864                        0        0.328668196362141                        0         0.31124830748076         0.31124830748076                        0
       880                        0         0.32866949696588                        0        0.311355176131457        0.311355176131457                        0
       896                        0        0.328670743432185                        0        0.311459477046145        0.311459477046145                        0
       912                        0        0.328671938931227                        0        0.311561316294984        0.311561316294984                        0
       928                        0        0.328673086395703                        0        0.311660793796922        0.311660793796922                        0
       944                        0        0.328674188542362                        0        0.311758003775431        0.311758003775431                        0
