#square and square, nu_xymn_2
#MM NN: 3 5
#quadrature order: 16
#numpanels            c*(gradu.n)^2                      BEM        0.5*(gradu)^2 ex.       Boundary Formula 1       Boundary Formula 2
        16                        0        0.183733096328083                        0         0.12200111585191         0.12200111585191                        0
        32                        0        0.216856483759999                        0        0.164242432994622        0.164242432994622                        0
        48                        0        0.224363762566428                        0        0.177863599542194        0.177863599542194                        0
        64                        0        0.227482637643895                        0        0.185190612684206        0.185190612684206                        0
        80                        0         0.22916061428125                        0        0.189940547364834        0.189940547364834                        0
        96                        0        0.230197443770386                        0        0.193340309716814        0.193340309716814                        0
       112                        0        0.230895976138319                        0         0.19593064060592         0.19593064060592                        0
       128                        0        0.231395592344095                        0        0.197991355420396        0.197991355420396                        0
       144                        0        0.231768987691628                        0        0.199683363043725        0.199683363043725                        0
       160                        0        0.232057611093664                        0        0.201106504461795        0.201106504461795                        0
       176                        0        0.232286737232669                        0        0.202326404132038        0.202326404132038                        0
       192                        0        0.232472609843916                        0        0.203388193067305        0.203388193067305                        0
       208                        0         0.23262611989955                        0        0.204324062290704        0.204324062290704                        0
       224                        0        0.232754828397577                        0        0.205157673817492        0.205157673817492                        0
       240                        0         0.23286414006409                        0        0.205906864237376        0.205906864237376                        0
       256                        0        0.232958015449366                        0         0.20658537003313         0.20658537003313                        0
       272                        0        0.233039419574207                        0        0.207203966904075        0.207203966904075                        0
       288                        0        0.233110613886289                        0        0.207771244532734        0.207771244532734                        0
       304                        0        0.233173351656604                        0        0.208294147039377        0.208294147039377                        0
       320                        0        0.233229012005235                        0        0.208778358498401        0.208778358498401                        0
       336                        0        0.233278693849723                        0        0.209228583414389        0.209228583414389                        0
       352                        0        0.233323283045212                        0        0.209648754391684        0.209648754391684                        0
       368                        0        0.233363501204173                        0        0.210042188335301        0.210042188335301                        0
       384                        0        0.233399941752937                        0        0.210411705616452        0.210411705616452                        0
       400                        0        0.233433096940948                        0        0.210759722158324        0.210759722158324                        0
       416                        0        0.233463378334914                        0        0.211088321430881        0.211088321430881                        0
       432                        0        0.233491132553396                        0        0.211399311344724        0.211399311344724                        0
       448                        0        0.233516653478409                        0        0.211694269650614        0.211694269650614                        0
       464                        0        0.233540191827477                        0        0.211974580497736        0.211974580497736                        0
       480                        0        0.233561962726014                        0        0.212241464117027        0.212241464117027                        0
       496                        0        0.233582151749011                        0        0.212496001109511        0.212496001109511                        0
       512                        0        0.233600919779784                        0        0.212739152462988        0.212739152462988                        0
       528                        0        0.233618406946315                        0        0.212971776159831        0.212971776159831                        0
       544                        0        0.233634735832379                        0        0.213194641040213        0.213194641040213                        0
       560                        0        0.233650014114091                        0        0.213408438445375        0.213408438445375                        0
       576                        0        0.233664336737683                        0        0.213613792046228        0.213613792046228                        0
       592                        0         0.23367778772882                        0         0.21381126618671         0.21381126618671                        0
       608                        0        0.233690441703711                        0        0.214001372997501        0.214001372997501                        0
       624                        0        0.233702365137647                        0        0.214184578490829        0.214184578490829                        0
       640                        0        0.233713617435043                        0        0.214361307804727        0.214361307804727                        0
       656                        0        0.233724251836022                        0        0.214531949732741        0.214531949732741                        0
       672                        0        0.233734316187957                        0        0.214696860653487        0.214696860653487                        0
       688                        0        0.233743853604696                        0        0.214856367950002        0.214856367950002                        0
       704                        0        0.233752903031989                        0         0.21501077299705         0.21501077299705                        0
       720                        0        0.233761499734294                        0        0.215160353778878        0.215160353778878                        0
       736                        0         0.23376967571537                        0        0.215305367191252        0.215305367191252                        0
       752                        0        0.233777460082868                        0            0.21544605107            0.21544605107                        0
       768                        0        0.233784879365376                        0        0.215582625986426        0.215582625986426                        0
       784                        0        0.233791957788997                        0        0.215715296838407        0.215715296838407                        0
       800                        0         0.23379871751933                        0        0.215844254265436        0.215844254265436                        0
       816                        0        0.233805178873733                        0        0.215969675909812        0.215969675909812                        0
       832                        0        0.233811360508087                        0        0.216091727543435        0.216091727543435                        0
       848                        0        0.233817279581473                        0        0.216210564076858        0.216210564076858                        0
       864                        0        0.233822951901808                        0        0.216326330465606        0.216326330465606                        0
       880                        0        0.233828392054921                        0        0.216439162523357        0.216439162523357                        0
       896                        0        0.233833613519167                        0        0.216549187658205        0.216549187658205                        0
       912                        0        0.233838628767508                        0        0.216656525534042        0.216656525534042                        0
       928                        0         0.23384344935858                        0        0.216761288671299        0.216761288671299                        0
