#square and square, nu_xymn_1
#MM NN: 1 4
#quadrature order: 16
#numpanels            c*(gradu.n)^2                      BEM        0.5*(gradu)^2 ex.       Boundary Formula 1       Boundary Formula 2
        16                        0        0.177905327399813                        0       0.0978734792074817       0.0978734792074817                        0
        32                        0        0.200299641104501                        0        0.140078327978262        0.140078327978262                        0
        48                        0        0.205693590833345                        0        0.154734380220101        0.154734380220101                        0
        64                        0        0.208038474136827                        0        0.162724519005206        0.162724519005206                        0
        80                        0        0.209349217795382                        0        0.167899758988519        0.167899758988519                        0
        96                        0        0.210183178290217                        0        0.171588376919811        0.171588376919811                        0
       112                        0        0.210757825317976                        0        0.174385128998185        0.174385128998185                        0
       128                        0        0.211176220145098                        0        0.176599502290495        0.176599502290495                        0
       144                        0        0.211493470234054                        0        0.178409688492077        0.178409688492077                        0
       160                        0        0.211741659508777                        0        0.179926157680979        0.179926157680979                        0
       176                        0        0.211940700310211                        0        0.181221382353497        0.181221382353497                        0
       192                        0        0.212103584342434                        0        0.182345082083595        0.182345082083595                        0
       208                        0        0.212239136267533                        0        0.183332626360919        0.183332626360919                        0
       224                        0         0.21235355253075                        0         0.18420994224254         0.18420994224254                        0
       240                        0        0.212451306996264                        0        0.184996520347559        0.184996520347559                        0
       256                        0        0.212535707366151                        0        0.185707330908871        0.185707330908871                        0
       272                        0        0.212609249709842                        0        0.186354087156062        0.186354087156062                        0
       288                        0        0.212673851517992                        0        0.186946102991215        0.186946102991215                        0
       304                        0        0.212731009109069                        0        0.187490890195011        0.187490890195011                        0
       320                        0        0.212781906497207                        0         0.18799458362923         0.18799458362923                        0
       336                        0         0.21282749228613                        0        0.188462249998168        0.188462249998168                        0
       352                        0        0.212868535004649                        0         0.18889811603012         0.18889811603012                        0
       368                        0        0.212905663601192                        0        0.189305739784834        0.189305739784834                        0
       384                        0        0.212939397529169                        0        0.189688141102759        0.189688141102759                        0
       400                        0         0.21297016940737                        0        0.190047902228865        0.190047902228865                        0
       416                        0         0.21299834230235                        0        0.190387246346627        0.190387246346627                        0
       432                        0        0.213024223060593                        0        0.190708099530029        0.190708099530029                        0
       448                        0        0.213048072701872                        0        0.191012140100954        0.191012140100954                        0
       464                        0        0.213070114600313                        0        0.191300838308352        0.191300838308352                        0
       480                        0        0.213090540981905                        0        0.191575488496425        0.191575488496425                        0
       496                        0        0.213109518127924                        0        0.191837235386404        0.191837235386404                        0
       512                        0        0.213127190574253                        0        0.192087095705092        0.192087095705092                        0
       528                        0        0.213143684524826                        0        0.192325976102744        0.192325976102744                        0
       544                        0         0.21315911064499                        0        0.192554688092799        0.192554688092799                        0
       560                        0        0.213173566361906                        0        0.192773960578847        0.192773960578847                        0
       576                        0        0.213187137770139                        0        0.192984450419613        0.192984450419613                        0
       592                        0        0.213199901219101                        0        0.193186751382743        0.193186751382743                        0
       608                        0        0.213211924642341                        0        0.193381401772599        0.193381401772599                        0
       624                        0        0.213223268676199                        0        0.193568890956749        0.193568890956749                        0
       640                        0        0.213233987605661                        0        0.193749664974991        0.193749664974991                        0
       656                        0        0.213244130167572                        0        0.193924131380491        0.193924131380491                        0
       672                        0         0.21325374023568                        0        0.194092663432662        0.194092663432662                        0
       688                        0        0.213262857407186                        0        0.194255603744357        0.194255603744357                        0
       704                        0        0.213271517506852                        0        0.194413267463795        0.194413267463795                        0
       720                        0        0.213279753021876                        0        0.194565945060461        0.194565945060461                        0
       736                        0        0.213287593478295                        0        0.194713904771904        0.194713904771904                        0
       752                        0        0.213295065767861                        0        0.194857394760223        0.194857394760223                        0
       768                        0        0.213302194432811                        0        0.194996645016097        0.194996645016097                        0
       784                        0        0.213309001914679                        0        0.195131869046971        0.195131869046971                        0
       800                        0        0.213315508772345                        0        0.195263265376028        0.195263265376028                        0
       816                        0        0.213321733873616                        0        0.195391018877514        0.195391018877514                        0
       832                        0        0.213327694564037                        0        0.195515301968833        0.195515301968833                        0
       848                        0        0.213333406815971                        0        0.195636275677336        0.195636275677336                        0
       864                        0        0.213338885360622                        0        0.195754090596443        0.195754090596443                        0
       880                        0        0.213344143805195                        0        0.195868887747052        0.195868887747052                        0
       896                        0        0.213349194737101                        0        0.195980799350154        0.195980799350154                        0
       912                        0        0.213354049816868                        0          0.1960899495271          0.1960899495271                        0
       928                        0        0.213358719861121                        0        0.196196454931094        0.196196454931094                        0
       944                        0        0.213363214916858                        0        0.196300425319783        0.196300425319783                        0
