#square and square, nu_xymn_1
#MM NN: 5 1
#quadrature order: 16
#numpanels            c*(gradu.n)^2                      BEM        0.5*(gradu)^2 ex.       Boundary Formula 1       Boundary Formula 2
        16                        0        0.287592304907193                        0        0.239913433814476        0.239913433814476                        0
        32                        0        0.318072173047951                        0        0.273032718390664        0.273032718390664                        0
        48                        0        0.323440195526355                        0        0.281627157335081        0.281627157335081                        0
        64                        0        0.325385048074459                        0        0.286364438891447        0.286364438891447                        0
        80                        0        0.326349918425846                        0        0.289592991531194        0.289592991531194                        0
        96                        0        0.326914529846652                        0        0.292006590095937        0.292006590095937                        0
       112                        0        0.327279921300563                        0        0.293911973573919        0.293911973573919                        0
       128                        0        0.327533177108082                        0        0.295472365770292        0.295472365770292                        0
       144                        0        0.327717685440316                        0        0.296784660684909        0.296784660684909                        0
       160                        0        0.327857301957372                        0        0.297910852248683        0.297910852248683                        0
       176                        0        0.327966145223678                        0        0.298892855283497        0.298892855283497                        0
       192                        0        0.328053063554978                        0        0.299760241595418        0.299760241595418                        0
       208                        0        0.328123862651535                        0        0.300534595534837        0.300534595534837                        0
       224                        0        0.328182497835697                        0        0.301232115318273        0.301232115318273                        0
       240                        0        0.328231749777828                        0        0.301865242212343        0.301865242212343                        0
       256                        0        0.328273626108884                        0        0.302443721623685        0.302443721623685                        0
       272                        0        0.328309609869999                        0        0.302975317307139        0.302975317307139                        0
       288                        0        0.328340818566522                        0        0.303466305781975        0.303466305781975                        0
       304                        0         0.32836810905568                        0        0.303921827001975        0.303921827001975                        0
       320                        0        0.328392148530156                        0        0.304346138401706        0.304346138401706                        0
       336                        0        0.328413463667255                        0        0.304742802412995        0.304742802412995                        0
       352                        0        0.328432475358018                        0        0.305114827193524        0.305114827193524                        0
       368                        0        0.328449523696984                        0        0.305464773821771        0.305464773821771                        0
       384                        0         0.32846488626035                        0        0.305794839048303        0.305794839048303                        0
       400                        0        0.328478791674376                        0        0.306106919955756        0.306106919955756                        0
       416                        0        0.328491429824042                        0         0.30640266504314         0.30640266504314                        0
       432                        0        0.328502959628857                        0        0.306683514990561        0.306683514990561                        0
       448                        0         0.32851351503271                        0        0.306950735493639        0.306950735493639                        0
       464                        0        0.328523209666041                        0        0.307205443933893        0.307205443933893                        0
       480                        0        0.328532140509532                        0        0.307448631214256        0.307448631214256                        0
       496                        0        0.328540390798819                        0         0.30768117976628         0.30768117976628                        0
       512                        0        0.328548032346491                        0         0.30790387850157         0.30790387850157                        0
       528                        0        0.328555127412566                        0        0.308117435303097        0.308117435303097                        0
       544                        0        0.328561730222076                        0         0.30832248752525         0.30832248752525                        0
       560                        0        0.328567888204652                        0        0.308519610865736        0.308519610865736                        0
       576                        0        0.328573643013337                        0        0.308709326903797        0.308709326903797                        0
       592                        0        0.328579031367011                        0        0.308892109533568        0.308892109533568                        0
       608                        0        0.328584085750772                        0        0.309068390482178        0.309068390482178                        0
       624                        0        0.328588835001303                        0        0.309238564061596        0.309238564061596                        0
       640                        0        0.328593304798578                        0        0.309402991277912        0.309402991277912                        0
       656                        0        0.328597518080776                        0        0.309562003399409        0.309562003399409                        0
       672                        0        0.328601495396001                        0          0.3097159050643          0.3097159050643                        0
       688                        0        0.328605255201676                        0        0.309864976999255        0.309864976999255                        0
       704                        0        0.328608814120406                        0        0.310009478403551        0.310009478403551                        0
       720                        0        0.328612187159492                        0        0.310149649047192        0.310149649047192                        0
       736                        0        0.328615387899945                        0        0.310285711122676        0.310285711122676                        0
       752                        0        0.328618428659778                        0         0.31041787088505         0.31041787088505                        0
       768                        0        0.328621320635585                        0        0.310546320106268        0.310546320106268                        0
       784                        0        0.328624074025632                        0        0.310671237370688        0.310671237370688                        0
       800                        0         0.32862669813725                        0        0.310792789230126        0.310792789230126                        0
       816                        0        0.328629201480756                        0         0.31091113123714         0.31091113123714                        0
       832                        0        0.328631591851862                        0        0.311026408871157        0.311026408871157                        0
       848                        0         0.32863387640414                        0        0.311138758370491        0.311138758370491                        0
       864                        0        0.328636061712925                        0        0.311248307480673        0.311248307480673                        0
       880                        0         0.32863815383182                        0        0.311355176131588        0.311355176131588                        0
       896                        0        0.328640158342734                        0        0.311459477046228        0.311459477046228                        0
       912                        0        0.328642080400342                        0        0.311561316294993        0.311561316294993                        0
       928                        0        0.328643924771647                        0        0.311660793796857        0.311660793796857                        0
       944                        0        0.328645695871253                        0        0.311758003775363        0.311758003775363                        0
