#square and square, nu_xymn_2
#MM NN: 5 3
#quadrature order: 16
#numpanels            c*(gradu.n)^2                      BEM        0.5*(gradu)^2 ex.       Boundary Formula 1       Boundary Formula 2
        16                        0        0.156909014660662                        0       0.0816748103920518       0.0816748103920518                        0
        32                        0        0.182192308759824                        0        0.122276006145016        0.122276006145016                        0
        48                        0        0.188774504921021                        0        0.137616849235713        0.137616849235713                        0
        64                        0        0.191737097914737                        0        0.146151253683531        0.146151253683531                        0
        80                        0        0.193412726150498                        0        0.151699359631534        0.151699359631534                        0
        96                        0        0.194483512194029                        0         0.15564937209611         0.15564937209611                        0
       112                        0        0.195222627400384                        0        0.158636379192032        0.158636379192032                        0
       128                        0        0.195761092414555                        0        0.160994058456736        0.160994058456736                        0
       144                        0        0.196169411654016                        0        0.162915362113659        0.162915362113659                        0
       160                        0        0.196488780783897                        0        0.164520102121187        0.164520102121187                        0
       176                        0        0.196744820277126                        0        0.165886887315584        0.165886887315584                        0
       192                        0        0.196954266037083                        0        0.167069606389444        0.167069606389444                        0
       208                        0        0.197128493456964                        0        0.168106546883446        0.168106546883446                        0
       224                        0         0.19727549259059                        0        0.169025732068199        0.169025732068199                        0
       240                        0        0.197401032886468                        0        0.169848193073261        0.169848193073261                        0
       256                        0        0.197509379753546                        0        0.170590055136916        0.170590055136916                        0
       272                        0        0.197603751541259                        0        0.171263912907881        0.171263912907881                        0
       288                        0        0.197686620118474                        0        0.171879763576534        0.171879763576534                        0
       304                        0        0.197759913962827                        0        0.172445656106164        0.172445656106164                        0
       320                        0        0.197825158654443                        0         0.17296815303396         0.17296815303396                        0
       336                        0         0.19788357611707                        0        0.173452665453049        0.173452665453049                        0
       352                        0        0.197936156036264                        0        0.173903700288629        0.173903700288629                        0
       368                        0        0.197983708120566                        0         0.17432504572172         0.17432504572172                        0
       384                        0        0.198026900925051                        0        0.174719912217917        0.174719912217917                        0
       400                        0        0.198066291089467                        0        0.175091041179393        0.175091041179393                        0
       416                        0        0.198102345633722                        0        0.175440789639414        0.175440789639414                        0
       432                        0         0.19813545915424                        0        0.175771196996732        0.175771196996732                        0
       448                        0        0.198165967227201                        0        0.176084038116087        0.176084038116087                        0
       464                        0        0.198194156956659                        0        0.176380865968561        0.176380865968561                        0
       480                        0        0.198220275350315                        0        0.176663046159473        0.176663046159473                        0
       496                        0        0.198244536025667                        0        0.176931785106268        0.176931785106268                        0
       512                        0        0.198267124620963                        0        0.177188153201194        0.177188153201194                        0
       528                        0        0.198288203192569                        0        0.177433103981289        0.177433103981289                        0
       544                        0        0.198307913812777                        0        0.177667490091943        0.177667490091943                        0
       560                        0        0.198326381532055                        0        0.177892076662376        0.177892076662376                        0
       576                        0         0.19834371683238                        0        0.178107552571087        0.178107552571087                        0
       592                        0        0.198360017670575                        0        0.178314539987457        0.178314539987457                        0
       608                        0        0.198375371188989                        0        0.178513602489896        0.178513602489896                        0
       624                        0        0.198389855154841                        0        0.178705252006632        0.178705252006632                        0
       640                        0        0.198403539176985                        0        0.178889954775789        0.178889954775789                        0
       656                        0        0.198416485738973                        0        0.179068136483393        0.179068136483393                        0
       672                        0        0.198428751079978                        0        0.179240186711981        0.179240186711981                        0
       688                        0         0.19844038594892                        0        0.179406462804603        0.179406462804603                        0
       704                        0        0.198451436252486                        0        0.179567293234451        0.179567293234451                        0
       720                        0        0.198461943614037                        0        0.179722980552502        0.179722980552502                        0
       736                        0        0.198471945857302                        0        0.179873803975194        0.179873803975194                        0
       752                        0         0.19848147742636                        0        0.180020021661072        0.180020021661072                        0
       768                        0        0.198490569751436                        0        0.180161872722367        0.180161872722367                        0
       784                        0        0.198499251568485                        0        0.180299579005013        0.180299579005013                        0
       800                        0        0.198507549199212                        0        0.180433346669243        0.180433346669243                        0
       816                        0        0.198515486797056                        0        0.180563367596262        0.180563367596262                        0
       832                        0         0.19852308656391                        0        0.180689820643216        0.180689820643216                        0
       848                        0        0.198530368941488                        0        0.180812872765467        0.180812872765467                        0
       864                        0        0.198537352780755                        0        0.180932680023141        0.180932680023141                        0
       880                        0        0.198544055492298                        0        0.181049388483279        0.181049388483279                        0
       896                        0        0.198550493180005                        0        0.181163135035202        0.181163135035202                        0
       912                        0         0.19855668076027                        0        0.181274048122433        0.181274048122433                        0
       928                        0        0.198562632068445                        0         0.18138224840642         0.18138224840642                        0
