#square and square, nu_xymn_2
#MM NN: 4 3
#quadrature order: 16
#numpanels            c*(gradu.n)^2                      BEM        0.5*(gradu)^2 ex.       Boundary Formula 1       Boundary Formula 2
        16                        0        0.171903800234768                        0       0.0978734792074841       0.0978734792074841                        0
        32                        0        0.198305139384998                        0        0.140078327978263        0.140078327978263                        0
        48                        0        0.204611434833315                        0        0.154734380220098        0.154734380220098                        0
        64                        0        0.207334817897643                        0          0.1627245190052          0.1627245190052                        0
        80                        0        0.208843418725821                        0        0.167899758988528        0.167899758988528                        0
        96                        0        0.209795900751326                        0        0.171588376919877        0.171588376919877                        0
       112                        0        0.210448202191811                        0        0.174385128998164        0.174385128998164                        0
       128                        0        0.210920797733875                        0        0.176599502290504        0.176599502290504                        0
       144                        0        0.211277697518854                        0        0.178409688492052        0.178409688492052                        0
       160                        0        0.211555961701563                        0           0.179926157681           0.179926157681                        0
       176                        0        0.211778480531497                        0        0.181221382353477        0.181221382353477                        0
       192                        0        0.211960126448605                        0        0.182345082083662        0.182345082083662                        0
       208                        0        0.212110964924328                        0         0.18333262636093         0.18333262636093                        0
       224                        0        0.212238041109542                        0        0.184209942242505        0.184209942242505                        0
       240                        0        0.212346427259425                        0         0.18499652034754         0.18499652034754                        0
       256                        0        0.212439864032277                        0        0.185707330908848        0.185707330908848                        0
       272                        0        0.212521167821984                        0        0.186354087156083        0.186354087156083                        0
       288                        0        0.212592497763961                        0        0.186946102991206        0.186946102991206                        0
       304                        0        0.212655535609087                        0        0.187490890195076        0.187490890195076                        0
       320                        0        0.212711609838601                        0        0.187994583629193        0.187994583629193                        0
       336                        0        0.212761783138499                        0        0.188462249998096        0.188462249998096                        0
       352                        0        0.212806915224552                        0         0.18889811603015         0.18889811603015                        0
       368                        0        0.212847708733738                        0        0.189305739784884        0.189305739784884                        0
       384                        0        0.212884743261532                        0        0.189688141102676        0.189688141102676                        0
       400                        0        0.212918500958638                        0        0.190047902228956        0.190047902228956                        0
       416                        0        0.212949386024212                        0        0.190387246346604        0.190387246346604                        0
       432                        0        0.212977739722953                        0        0.190708099530042        0.190708099530042                        0
       448                        0        0.213003852076976                        0        0.191012140100937        0.191012140100937                        0
       464                        0        0.213027971057869                        0        0.191300838308273        0.191300838308273                        0
       480                        0        0.213050309878896                        0        0.191575488496326        0.191575488496326                        0
       496                        0        0.213071052828563                        0        0.191837235386435        0.191837235386435                        0
       512                        0        0.213090359973721                        0           0.192087095705           0.192087095705                        0
       528                        0        0.213108370978847                        0          0.1923259761028          0.1923259761028                        0
       544                        0        0.213125208228676                        0        0.192554688092753        0.192554688092753                        0
       560                        0        0.213140979397542                        0        0.192773960578947        0.192773960578947                        0
       576                        0        0.213155779575982                        0        0.192984450419631        0.192984450419631                        0
       592                        0        0.213169693040919                        0        0.193186751382756        0.193186751382756                        0
       608                        0        0.213182794736854                        0         0.19338140177266         0.19338140177266                        0
       624                        0        0.213195151521462                        0        0.193568890956752        0.193568890956752                        0
       640                        0        0.213206823218058                        0        0.193749664975095        0.193749664975095                        0
       656                        0        0.213217863508747                        0        0.193924131380454        0.193924131380454                        0
       672                        0        0.213228320695699                        0        0.194092663432593        0.194092663432593                        0
       688                        0        0.213238238352576                        0        0.194255603744349        0.194255603744349                        0
       704                        0        0.213247655884071                        0        0.194413267463842        0.194413267463842                        0
       720                        0        0.213256609008319                        0        0.194565945060351        0.194565945060351                        0
       736                        0        0.213265130174231                        0        0.194713904771897        0.194713904771897                        0
       752                        0        0.213273248923735                        0        0.194857394760175        0.194857394760175                        0
       768                        0        0.213280992207162                        0        0.194996645016069        0.194996645016069                        0
       784                        0        0.213288384658711                        0        0.195131869046951        0.195131869046951                        0
       800                        0        0.213295448837727                        0        0.195263265376011        0.195263265376011                        0
       816                        0        0.213302205440589                        0        0.195391018877515        0.195391018877515                        0
       832                        0        0.213308673487346                        0        0.195515301968827        0.195515301968827                        0
       848                        0        0.213314870486453                        0        0.195636275677088        0.195636275677088                        0
       864                        0        0.213320812580604                        0        0.195754090596529        0.195754090596529                        0
       880                        0        0.213326514676112                        0        0.195868887746921        0.195868887746921                        0
