#square and square, nu_xymn_2
#MM NN: 1 1
#quadrature order: 16
#numpanels            c*(gradu.n)^2                      BEM        0.5*(gradu)^2 ex.       Boundary Formula 1       Boundary Formula 2
        16                        0        0.303495199418993                        0        0.239913433814481        0.239913433814481                        0
        32                        0        0.323668495372383                        0        0.273032718390664        0.273032718390664                        0
        48                        0        0.326497056750905                        0        0.281627157335077        0.281627157335077                        0
        64                        0        0.327373829302619                        0         0.28636443889144         0.28636443889144                        0
        80                        0        0.327778093300444                        0        0.289592991531204        0.289592991531204                        0
        96                        0        0.328006599586807                        0        0.292006590096007        0.292006590096007                        0
       112                        0        0.328151858602457                        0        0.293911973573897        0.293911973573897                        0
       128                        0        0.328251597439343                        0          0.2954723657703          0.2954723657703                        0
       144                        0        0.328323916278752                        0        0.296784660684883        0.296784660684883                        0
       160                        0        0.328378524034642                        0        0.297910852248706        0.297910852248706                        0
       176                        0        0.328421072374658                        0        0.298892855283476        0.298892855283476                        0
       192                        0        0.328455063637926                        0        0.299760241595487        0.299760241595487                        0
       208                        0        0.328482778234716                        0        0.300534595534849        0.300534595534849                        0
       224                        0        0.328505761666445                        0        0.301232115318237        0.301232115318237                        0
       240                        0        0.328525096658193                        0        0.301865242212323        0.301865242212323                        0
       256                        0         0.32854156316927                        0        0.302443721623659        0.302443721623659                        0
       272                        0         0.32855573657468                        0         0.30297531730716         0.30297531730716                        0
       288                        0         0.32856805012904                        0        0.303466305781966        0.303466305781966                        0
       304                        0        0.328578835963125                        0         0.30392182700204         0.30392182700204                        0
       320                        0        0.328588352728924                        0        0.304346138401669        0.304346138401669                        0
       336                        0        0.328596804689452                        0        0.304742802412921        0.304742802412921                        0
       352                        0        0.328604355180811                        0        0.305114827193554        0.305114827193554                        0
       368                        0        0.328611136285065                        0        0.305464773821824        0.305464773821824                        0
       384                        0        0.328617255898213                        0        0.305794839048218        0.305794839048218                        0
       400                        0        0.328622802973615                        0        0.306106919955849        0.306106919955849                        0
       416                        0        0.328627851465709                        0        0.306402665043118        0.306402665043118                        0
       432                        0        0.328632463333535                        0        0.306683514990574        0.306683514990574                        0
       448                        0        0.328636690854597                        0        0.306950735493622        0.306950735493622                        0
       464                        0        0.328640578426236                        0        0.307205443933814        0.307205443933814                        0
       480                        0        0.328644163981716                        0        0.307448631214155        0.307448631214155                        0
       496                        0        0.328647480113451                        0        0.307681179766311        0.307681179766311                        0
       512                        0        0.328650554971387                        0        0.307903878501477        0.307903878501477                        0
       528                        0        0.328653412987108                        0        0.308117435303155        0.308117435303155                        0
       544                        0        0.328656075461721                        0        0.308322487525202        0.308322487525202                        0
       560                        0        0.328658561046381                        0        0.308519610865836        0.308519610865836                        0
       576                        0        0.328660886137508                        0        0.308709326903814        0.308709326903814                        0
       592                        0        0.328663065203836                        0        0.308892109533581        0.308892109533581                        0
       608                        0        0.328665111058514                        0        0.309068390482238        0.309068390482238                        0
       624                        0        0.328667035086714                        0        0.309238564061601        0.309238564061601                        0
       640                        0        0.328668847436963                        0        0.309402991278017        0.309402991278017                        0
       656                        0        0.328670557182718                        0        0.309562003399372        0.309562003399372                        0
       672                        0        0.328672172459456                        0         0.30971590506423         0.30971590506423                        0
       688                        0         0.32867370058145                        0        0.309864976999248        0.309864976999248                        0
       704                        0        0.328675148141645                        0        0.310009478403599        0.310009478403599                        0
       720                        0        0.328676521097424                        0        0.310149649047081        0.310149649047081                        0
       736                        0          0.3286778248445                        0        0.310285711122668        0.310285711122668                        0
       752                        0        0.328679064280827                        0        0.310417870885001        0.310417870885001                        0
       768                        0        0.328680243862017                        0        0.310546320106239        0.310546320106239                        0
       784                        0          0.3286813676496                        0        0.310671237370668        0.310671237370668                        0
       800                        0        0.328682439353133                        0         0.31079278923011         0.31079278923011                        0
       816                        0        0.328683462367063                        0        0.310911131237139        0.310911131237139                        0
       832                        0        0.328684439803099                        0        0.311026408871151        0.311026408871151                        0
       848                        0        0.328685374518688                        0         0.31113875837024         0.31113875837024                        0
       864                        0        0.328686269142159                        0         0.31124830748076         0.31124830748076                        0
       880                        0        0.328687126094962                        0        0.311355176131457        0.311355176131457                        0
       896                        0        0.328687947611377                        0        0.311459477046145        0.311459477046145                        0
       912                        0        0.328688735756037                        0        0.311561316294984        0.311561316294984                        0
       928                        0        0.328689492439542                        0        0.311660793796922        0.311660793796922                        0
       944                        0        0.328690219432372                        0        0.311758003775431        0.311758003775431                        0
       960                        0         0.32869091837735                        0        0.311853035173359        0.311853035173359                        0
