#square and square, nu_xymn_1
#MM NN: 1 5
#quadrature order: 16
#numpanels            c*(gradu.n)^2                      BEM        0.5*(gradu)^2 ex.       Boundary Formula 1       Boundary Formula 2
        16                        0        0.162910541825708                        0       0.0816748103920497       0.0816748103920497                        0
        32                        0        0.184186810479326                        0        0.122276006145016        0.122276006145016                        0
        48                        0        0.189856660921051                        0        0.137616849235716        0.137616849235716                        0
        64                        0        0.192440754153921                        0        0.146151253683536        0.146151253683536                        0
        80                        0        0.193918525220059                        0        0.151699359631525        0.151699359631525                        0
        96                        0        0.194870789732921                        0        0.155649372096046        0.155649372096046                        0
       112                        0        0.195532250526549                        0        0.158636379192053        0.158636379192053                        0
       128                        0        0.196016514825778                        0        0.160994058456727        0.160994058456727                        0
       144                        0        0.196385184369216                        0        0.162915362113684        0.162915362113684                        0
       160                        0         0.19667447859111                        0        0.164520102121167        0.164520102121167                        0
       176                        0         0.19690704005584                        0        0.165886887315605        0.165886887315605                        0
       192                        0        0.197097723930913                        0        0.167069606389378        0.167069606389378                        0
       208                        0        0.197256664800169                        0        0.168106546883435        0.168106546883435                        0
       224                        0        0.197391004011798                        0        0.169025732068234        0.169025732068234                        0
       240                        0        0.197505912623307                        0         0.16984819307328         0.16984819307328                        0
       256                        0         0.19760522308742                        0        0.170590055136939        0.170590055136939                        0
       272                        0        0.197691833429117                        0         0.17126391290786         0.17126391290786                        0
       288                        0        0.197767973872505                        0        0.171879763576544        0.171879763576544                        0
       304                        0         0.19783538746281                        0        0.172445656106099        0.172445656106099                        0
       320                        0        0.197895455313048                        0        0.172968153033997        0.172968153033997                        0
       336                        0        0.197949285264701                        0        0.173452665453121        0.173452665453121                        0
       352                        0        0.197997775816361                        0        0.173903700288599        0.173903700288599                        0
       368                        0        0.198041662988021                        0         0.17432504572167         0.17432504572167                        0
       384                        0        0.198081555192687                        0           0.174719912218           0.174719912218                        0
       400                        0        0.198117959538199                        0        0.175091041179304        0.175091041179304                        0
       416                        0         0.19815130191186                        0        0.175440789639437        0.175440789639437                        0
       432                        0         0.19818194249188                        0        0.175771196996719        0.175771196996719                        0
       448                        0        0.198210187852097                        0        0.176084038116104        0.176084038116104                        0
       464                        0        0.198236300499104                        0         0.17638086596864         0.17638086596864                        0
       480                        0        0.198260506453323                        0        0.176663046159571        0.176663046159571                        0
       496                        0        0.198283001325029                        0        0.176931785106237        0.176931785106237                        0
       512                        0        0.198303955221495                        0        0.177188153201286        0.177188153201286                        0
       528                        0        0.198323516738549                        0        0.177433103981233        0.177433103981233                        0
       544                        0        0.198341816229091                        0        0.177667490091988        0.177667490091988                        0
       560                        0        0.198358968496418                        0        0.177892076662277        0.177892076662277                        0
       576                        0        0.198375075026538                        0         0.17810755257107         0.17810755257107                        0
       592                        0        0.198390225848758                        0        0.178314539987444        0.178314539987444                        0
       608                        0        0.198404501094476                        0        0.178513602489836        0.178513602489836                        0
       624                        0        0.198417972309578                        0        0.178705252006629        0.178705252006629                        0
       640                        0        0.198430703564588                        0        0.178889954775686        0.178889954775686                        0
       656                        0        0.198442752397798                        0         0.17906813648343         0.17906813648343                        0
       672                        0        0.198454170619959                        0         0.17924018671205         0.17924018671205                        0
       688                        0         0.19846500500353                        0        0.179406462804611        0.179406462804611                        0
       704                        0        0.198475297875267                        0        0.179567293234403        0.179567293234403                        0
       720                        0        0.198485087627595                        0        0.179722980552611        0.179722980552611                        0
       736                        0        0.198494409161366                        0        0.179873803975201        0.179873803975201                        0
       752                        0        0.198503294270486                        0        0.180020021661119        0.180020021661119                        0
       768                        0        0.198511771977084                        0        0.180161872722394        0.180161872722394                        0
       784                        0        0.198519868824453                        0        0.180299579005034        0.180299579005034                        0
       800                        0         0.19852760913383                        0        0.180433346669259        0.180433346669259                        0
       816                        0        0.198535015230082                        0        0.180563367596261        0.180563367596261                        0
       832                        0          0.1985421076406                        0        0.180689820643221        0.180689820643221                        0
       848                        0        0.198548905271006                        0        0.180812872765714        0.180812872765714                        0
       864                        0        0.198555425560773                        0        0.180932680023055        0.180932680023055                        0
       880                        0         0.19856168462138                        0        0.181049388483409        0.181049388483409                        0
       896                        0        0.198567697359196                        0        0.181163135035284        0.181163135035284                        0
       912                        0        0.198573477585081                        0        0.181274048122442        0.181274048122442                        0
       928                        0        0.198579038112286                        0        0.181382248406354        0.181382248406354                        0
       944                        0        0.198584390844104                        0        0.181487849366498        0.181487849366498                        0
