#square and square, nu_xymn_1
#MM NN: 3 4
#quadrature order: 16
#numpanels            c*(gradu.n)^2                      BEM        0.5*(gradu)^2 ex.       Boundary Formula 1       Boundary Formula 2
        16                        0        0.171903800234768                        0       0.0978734792074817       0.0978734792074817                        0
        32                        0        0.198305139384998                        0        0.140078327978262        0.140078327978262                        0
        48                        0        0.204611434833314                        0        0.154734380220101        0.154734380220101                        0
        64                        0        0.207334817897642                        0        0.162724519005206        0.162724519005206                        0
        80                        0        0.208843418725821                        0        0.167899758988519        0.167899758988519                        0
        96                        0        0.209795900751326                        0        0.171588376919811        0.171588376919811                        0
       112                        0        0.210448202191811                        0        0.174385128998185        0.174385128998185                        0
       128                        0        0.210920797733874                        0        0.176599502290495        0.176599502290495                        0
       144                        0        0.211277697518855                        0        0.178409688492077        0.178409688492077                        0
       160                        0        0.211555961701563                        0        0.179926157680979        0.179926157680979                        0
       176                        0        0.211778480531498                        0        0.181221382353497        0.181221382353497                        0
       192                        0        0.211960126448603                        0        0.182345082083595        0.182345082083595                        0
       208                        0        0.212110964924327                        0        0.183332626360919        0.183332626360919                        0
       224                        0        0.212238041109542                        0         0.18420994224254         0.18420994224254                        0
       240                        0        0.212346427259425                        0        0.184996520347559        0.184996520347559                        0
       256                        0        0.212439864032277                        0        0.185707330908871        0.185707330908871                        0
       272                        0        0.212521167821983                        0        0.186354087156062        0.186354087156062                        0
       288                        0         0.21259249776396                        0        0.186946102991215        0.186946102991215                        0
       304                        0        0.212655535609088                        0        0.187490890195011        0.187490890195011                        0
       320                        0        0.212711609838602                        0         0.18799458362923         0.18799458362923                        0
       336                        0        0.212761783138498                        0        0.188462249998168        0.188462249998168                        0
       352                        0        0.212806915224552                        0         0.18889811603012         0.18889811603012                        0
       368                        0        0.212847708733737                        0        0.189305739784834        0.189305739784834                        0
       384                        0        0.212884743261531                        0        0.189688141102759        0.189688141102759                        0
       400                        0        0.212918500958637                        0        0.190047902228865        0.190047902228865                        0
       416                        0         0.21294938602421                        0        0.190387246346627        0.190387246346627                        0
       432                        0        0.212977739722953                        0        0.190708099530029        0.190708099530029                        0
       448                        0        0.213003852076976                        0        0.191012140100954        0.191012140100954                        0
       464                        0        0.213027971057869                        0        0.191300838308352        0.191300838308352                        0
       480                        0        0.213050309878896                        0        0.191575488496425        0.191575488496425                        0
       496                        0        0.213071052828563                        0        0.191837235386404        0.191837235386404                        0
       512                        0         0.21309035997372                        0        0.192087095705092        0.192087095705092                        0
       528                        0        0.213108370978845                        0        0.192325976102744        0.192325976102744                        0
       544                        0        0.213125208228677                        0        0.192554688092799        0.192554688092799                        0
       560                        0        0.213140979397543                        0        0.192773960578847        0.192773960578847                        0
       576                        0        0.213155779575983                        0        0.192984450419613        0.192984450419613                        0
       592                        0        0.213169693040919                        0        0.193186751382743        0.193186751382743                        0
       608                        0        0.213182794736854                        0        0.193381401772599        0.193381401772599                        0
       624                        0        0.213195151521463                        0        0.193568890956749        0.193568890956749                        0
       640                        0        0.213206823218059                        0        0.193749664974991        0.193749664974991                        0
       656                        0        0.213217863508747                        0        0.193924131380491        0.193924131380491                        0
       672                        0          0.2132283206957                        0        0.194092663432662        0.194092663432662                        0
       688                        0        0.213238238352578                        0        0.194255603744357        0.194255603744357                        0
       704                        0        0.213247655884072                        0        0.194413267463795        0.194413267463795                        0
       720                        0        0.213256609008319                        0        0.194565945060461        0.194565945060461                        0
       736                        0        0.213265130174233                        0        0.194713904771904        0.194713904771904                        0
       752                        0        0.213273248923735                        0        0.194857394760223        0.194857394760223                        0
       768                        0         0.21328099220716                        0        0.194996645016097        0.194996645016097                        0
       784                        0         0.21328838465871                        0        0.195131869046971        0.195131869046971                        0
       800                        0        0.213295448837726                        0        0.195263265376028        0.195263265376028                        0
       816                        0         0.21330220544059                        0        0.195391018877514        0.195391018877514                        0
       832                        0        0.213308673487346                        0        0.195515301968833        0.195515301968833                        0
       848                        0        0.213314870486452                        0        0.195636275677336        0.195636275677336                        0
       864                        0        0.213320812580605                        0        0.195754090596443        0.195754090596443                        0
       880                        0        0.213326514676113                        0        0.195868887747052        0.195868887747052                        0
       896                        0        0.213331990557909                        0        0.195980799350154        0.195980799350154                        0
       912                        0        0.213337252992058                        0          0.1960899495271          0.1960899495271                        0
       928                        0        0.213342313817283                        0        0.196196454931094        0.196196454931094                        0
