#square and square, nu_xymn_1
#MM NN: 4 5
#quadrature order: 16
#numpanels            c*(gradu.n)^2                      BEM        0.5*(gradu)^2 ex.       Boundary Formula 1       Boundary Formula 2
        16                        0        0.151614777576528                        0       0.0816748103920497       0.0816748103920497                        0
        32                        0        0.180389588023106                        0        0.122276006145016        0.122276006145016                        0
        48                        0        0.187800713065806                        0        0.137616849235716        0.137616849235716                        0
        64                        0        0.191105687555315                        0        0.146151253683536        0.146151253683536                        0
        80                        0        0.192959798618447                        0        0.151699359631525        0.151699359631525                        0
        96                        0        0.194137269252959                        0        0.155649372096046        0.155649372096046                        0
       112                        0        0.194946158545748                        0        0.158636379192053        0.158636379192053                        0
       128                        0        0.195533251308773                        0        0.160994058456727        0.160994058456727                        0
       144                        0        0.195977098594163                        0        0.162915362113684        0.162915362113684                        0
       160                        0        0.196323387343544                        0        0.164520102121167        0.164520102121167                        0
       176                        0        0.196600422255885                        0        0.165886887315605        0.165886887315605                        0
       192                        0        0.196826632521471                        0        0.167069606389378        0.167069606389378                        0
       208                        0        0.197014509504965                        0        0.168106546883435        0.168106546883435                        0
       224                        0        0.197172805856506                        0        0.169025732068234        0.169025732068234                        0
       240                        0        0.197307828243367                        0         0.16984819307328         0.16984819307328                        0
       256                        0        0.197424230468744                        0        0.170590055136939        0.170590055136939                        0
       272                        0        0.197525518033914                        0         0.17126391290786         0.17126391290786                        0
       288                        0        0.197614379287888                        0        0.171879763576544        0.171879763576544                        0
       304                        0         0.19769290873155                        0        0.172445656106099        0.172445656106099                        0
       320                        0        0.197762761220308                        0        0.172968153033997        0.172968153033997                        0
       336                        0        0.197825260712275                        0        0.173452665453121        0.173452665453121                        0
       352                        0        0.197881478412093                        0        0.173903700288599        0.173903700288599                        0
       368                        0        0.197932289875832                        0         0.17432504572167         0.17432504572167                        0
       384                        0        0.197978417379564                        0           0.174719912218           0.174719912218                        0
       400                        0        0.198020461790192                        0        0.175091041179304        0.175091041179304                        0
       416                        0         0.19805892684224                        0        0.175440789639437        0.175440789639437                        0
       432                        0        0.198094237843567                        0        0.175771196996719        0.175771196996719                        0
       448                        0         0.19812675624129                        0        0.176084038116104        0.176084038116104                        0
       464                        0        0.198156791074861                        0         0.17638086596864         0.17638086596864                        0
       480                        0         0.19818460806286                        0        0.176663046159571        0.176663046159571                        0
       496                        0        0.198210436872794                        0        0.176931785106237        0.176931785106237                        0
       512                        0         0.19823447698249                        0        0.177188153201286        0.177188153201286                        0
       528                        0        0.198256902440248                        0        0.177433103981233        0.177433103981233                        0
       544                        0        0.198277865756875                        0        0.177667490091988        0.177667490091988                        0
       560                        0        0.198297501108188                        0        0.177892076662277        0.177892076662277                        0
       576                        0        0.198315926985767                        0         0.17810755257107         0.17810755257107                        0
       592                        0        0.198333248403432                        0        0.178314539987444        0.178314539987444                        0
       608                        0        0.198349558743545                        0        0.178513602489836        0.178513602489836                        0
       624                        0        0.198364941309635                        0        0.178705252006629        0.178705252006629                        0
       640                        0         0.19837947063828                        0        0.178889954775686        0.178889954775686                        0
       656                        0        0.198393213612425                        0         0.17906813648343         0.17906813648343                        0
       672                        0        0.198406230410282                        0         0.17924018671205         0.17924018671205                        0
       688                        0         0.19841857531731                        0        0.179406462804611        0.179406462804611                        0
       704                        0        0.198430297423653                        0        0.179567293234403        0.179567293234403                        0
       720                        0        0.198441441225434                        0        0.179722980552611        0.179722980552611                        0
       736                        0        0.198452047144922                        0        0.179873803975201        0.179873803975201                        0
       752                        0        0.198462151982011                        0        0.180020021661119        0.180020021661119                        0
       768                        0         0.19847178930733                        0        0.180161872722394        0.180161872722394                        0
       784                        0        0.198480989805546                        0        0.180299579005034        0.180299579005034                        0
       800                        0        0.198489781576074                        0        0.180433346669259        0.180433346669259                        0
       816                        0        0.198498190397151                        0        0.180563367596261        0.180563367596261                        0
       832                        0         0.19850623995843                        0        0.180689820643221        0.180689820643221                        0
       848                        0        0.198513952066286                        0        0.180812872765714        0.180812872765714                        0
       864                        0        0.198521346825548                        0        0.180932680023055        0.180932680023055                        0
       880                        0        0.198528442800721                        0        0.181049388483409        0.181049388483409                        0
       896                        0        0.198535257159299                        0        0.181163135035284        0.181163135035284                        0
       912                        0        0.198541805799515                        0        0.181274048122442        0.181274048122442                        0
       928                        0        0.198548103464374                        0        0.181382248406354        0.181382248406354                        0
