#square and square, nu_xymn_2
#MM NN: 1 2
#quadrature order: 16
#numpanels            c*(gradu.n)^2                      BEM        0.5*(gradu)^2 ex.       Boundary Formula 1       Boundary Formula 2
        16                        0        0.302841600037426                        0        0.239913433814481        0.239913433814481                        0
        32                        0        0.323470765814224                        0        0.273032718390664        0.273032718390664                        0
        48                        0         0.32638364547526                        0        0.281627157335077        0.281627157335077                        0
        64                        0        0.327298167561227                        0         0.28636443889144         0.28636443889144                        0
        80                        0        0.327722859643472                        0        0.289592991531204        0.289592991531204                        0
        96                        0        0.327963864158335                        0        0.292006590096007        0.292006590096007                        0
       112                        0         0.32811743374946                        0        0.293911973573897        0.293911973573897                        0
       128                        0        0.328223037267089                        0          0.2954723657703          0.2954723657703                        0
       144                        0        0.328299683017883                        0        0.296784660684883        0.296784660684883                        0
       160                        0        0.328357595163362                        0        0.297910852248706        0.297910852248706                        0
       176                        0        0.328402737394152                        0        0.298892855283476        0.298892855283476                        0
       192                        0        0.328438811035816                        0        0.299760241595487        0.299760241595487                        0
       208                        0        0.328468228848956                        0        0.300534595534849        0.300534595534849                        0
       224                        0        0.328492627487254                        0        0.301232115318237        0.301232115318237                        0
       240                        0        0.328513154325364                        0        0.301865242212323        0.301865242212323                        0
       256                        0        0.328530636339858                        0        0.302443721623659        0.302443721623659                        0
       272                        0        0.328545683848765                        0         0.30297531730716         0.30297531730716                        0
       288                        0        0.328558756571992                        0        0.303466305781966        0.303466305781966                        0
       304                        0        0.328570207021173                        0         0.30392182700204         0.30392182700204                        0
       320                        0        0.328580309777043                        0        0.304346138401669        0.304346138401669                        0
       336                        0        0.328589281717065                        0        0.304742802412921        0.304742802412921                        0
       352                        0        0.328597296286179                        0        0.305114827193554        0.305114827193554                        0
       368                        0        0.328604493754562                        0        0.305464773821824        0.305464773821824                        0
       384                        0        0.328610988715318                        0        0.305794839048218        0.305794839048218                        0
       400                        0        0.328616875648183                        0        0.306106919955849        0.306106919955849                        0
       416                        0        0.328622233105051                        0        0.306402665043118        0.306402665043118                        0
       432                        0        0.328627126898277                        0        0.306683514990574        0.306683514990574                        0
       448                        0        0.328631612557278                        0        0.306950735493622        0.306950735493622                        0
       464                        0        0.328635737241282                        0        0.307205443933814        0.307205443933814                        0
       480                        0        0.328639541243156                        0        0.307448631214155        0.307448631214155                        0
       496                        0        0.328643059182321                        0        0.307681179766311        0.307681179766311                        0
       512                        0        0.328646320958961                        0        0.307903878501477        0.307903878501477                        0
       528                        0        0.328649352523178                        0        0.308117435303155        0.308117435303155                        0
       544                        0        0.328652176499473                        0        0.308322487525202        0.308322487525202                        0
       560                        0        0.328654812697222                        0        0.308519610865836        0.308519610865836                        0
       576                        0        0.328657278530521                        0        0.308709326903814        0.308709326903814                        0
       592                        0        0.328659589365643                        0        0.308892109533581        0.308892109533581                        0
       608                        0        0.328661758810116                        0        0.309068390482238        0.309068390482238                        0
       624                        0        0.328663798954527                        0        0.309238564061601        0.309238564061601                        0
       640                        0         0.32866572057581                        0        0.309402991278017        0.309402991278017                        0
       656                        0        0.328667533308895                        0        0.309562003399372        0.309562003399372                        0
       672                        0        0.328669245792356                        0         0.30971590506423         0.30971590506423                        0
       688                        0        0.328670865792481                        0        0.309864976999248        0.309864976999248                        0
       704                        0        0.328672400309381                        0        0.310009478403599        0.310009478403599                        0
       720                        0        0.328673855668098                        0        0.310149649047081        0.310149649047081                        0
       736                        0        0.328675237597119                        0        0.310285711122668        0.310285711122668                        0
       752                        0        0.328676551296259                        0        0.310417870885001        0.310417870885001                        0
       768                        0        0.328677801495548                        0        0.310546320106239        0.310546320106239                        0
       784                        0        0.328678992506486                        0        0.310671237370668        0.310671237370668                        0
       800                        0        0.328680128266783                        0         0.31079278923011         0.31079278923011                        0
       816                        0        0.328681212379518                        0        0.310911131237139        0.310911131237139                        0
       832                        0        0.328682248147518                        0        0.311026408871151        0.311026408871151                        0
       848                        0        0.328683238603622                        0         0.31113875837024         0.31113875837024                        0
       864                        0        0.328684186537368                        0         0.31124830748076         0.31124830748076                        0
       880                        0        0.328685094518637                        0        0.311355176131457        0.311355176131457                        0
       896                        0        0.328685964918571                        0        0.311459477046145        0.311459477046145                        0
       912                        0        0.328686799928189                        0        0.311561316294984        0.311561316294984                        0
       928                        0        0.328687601574976                        0        0.311660793796922        0.311660793796922                        0
       944                        0         0.32868837173765                        0        0.311758003775431        0.311758003775431                        0
       960                        0        0.328689112159407                        0        0.311853035173359        0.311853035173359                        0
       976                        0        0.328689824459773                        0        0.311945972031866        0.311945972031866                        0
