#square and square, nu_xymn_1
#MM NN: 5 2
#quadrature order: 16
#numpanels            c*(gradu.n)^2                      BEM        0.5*(gradu)^2 ex.       Boundary Formula 1       Boundary Formula 2
        16                        0        0.218757812489969                        0        0.161759532716023        0.161759532716023                        0
        32                        0        0.250958377145125                        0        0.200956527165015        0.200956527165015                        0
        48                        0        0.257750124419882                        0        0.212875420635873        0.212875420635873                        0
        64                        0        0.260470314421276                        0         0.21931583987857         0.21931583987857                        0
        80                        0        0.261904772910419                        0        0.223542430535957        0.223542430535957                        0
        96                        0        0.262779904447956                        0        0.226602094646314        0.226602094646314                        0
       112                        0        0.263364171680681                        0         0.22895583999561         0.22895583999561                        0
       128                        0        0.263779192380395                        0        0.230843561855011        0.230843561855011                        0
       144                        0        0.264087674364851                        0        0.232404184268143        0.232404184268143                        0
       160                        0        0.264325057812208                        0        0.233724523408363        0.233724523408363                        0
       176                        0         0.26451280120073                        0        0.234862032089464        0.234862032089464                        0
       192                        0        0.264664615509604                        0        0.235856472802496        0.235856472802496                        0
       208                        0        0.264789648524351                        0         0.23673637372534         0.23673637372534                        0
       224                        0        0.264894224337412                        0        0.237522817624836        0.237522817624836                        0
       240                        0        0.264982846963411                        0         0.23823177562542         0.23823177562542                        0
       256                        0        0.265058806270644                        0        0.238875603656873        0.238875603656873                        0
       272                        0        0.265124558111824                        0         0.23946403517219         0.23946403517219                        0
       288                        0        0.265181970761663                        0        0.240004859164515        0.240004859164515                        0
       304                        0        0.265232489294561                        0        0.240504395087337        0.240504395087337                        0
       320                        0          0.2652772479931                        0        0.240967832951026        0.240967832951026                        0
       336                        0        0.265317148927445                        0         0.24139948166876         0.24139948166876                        0
       352                        0        0.265352917971864                        0        0.241802953581303        0.241802953581303                        0
       368                        0        0.265385145442888                        0        0.242181303708435        0.242181303708435                        0
       384                        0        0.265414316050019                        0        0.242537136316154        0.242537136316154                        0
       400                        0        0.265440831287488                        0        0.242872687511502        0.242872687511502                        0
       416                        0        0.265465026393977                        0        0.243189890000751        0.243189890000751                        0
       432                        0        0.265487183351674                        0        0.243490424398086        0.243490424398086                        0
       448                        0        0.265507540958899                        0        0.243775760275522        0.243775760275522                        0
       464                        0        0.265526302713876                        0        0.244047189296332        0.244047189296332                        0
       480                        0        0.265543643042831                        0         0.24430585218037         0.24430585218037                        0
       496                        0        0.265559712262634                        0        0.244552760816618        0.244552760816618                        0
       512                        0        0.265574640566828                        0        0.244788816525437        0.244788816525437                        0
       528                        0        0.265588541251145                        0        0.245014825239141        0.245014825239141                        0
       544                        0        0.265601513341843                        0        0.245231510201158        0.245231510201158                        0
       560                        0        0.265613643751445                        0        0.245439522647542        0.245439522647542                        0
       576                        0        0.265625009057612                        0        0.245639450843122        0.245639450843122                        0
       592                        0        0.265635676979583                        0        0.245831827761702        0.245831827761702                        0
       608                        0         0.26564570761018                        0        0.246017137647449        0.246017137647449                        0
       624                        0        0.265655154449111                        0        0.246195821644041        0.246195821644041                        0
       640                        0        0.265664065273853                        0        0.246368282645118        0.246368282645118                        0
       656                        0        0.265672482876931                        0        0.246534889491321        0.246534889491321                        0
       672                        0        0.265680445692855                        0        0.246695980614001        0.246695980614001                        0
       688                        0        0.265687988333409                        0        0.246851867212319        0.246851867212319                        0
       704                        0        0.265695142046442                        0        0.247002836031247        0.247002836031247                        0
       720                        0        0.265701935110604                        0        0.247149151799147        0.247149151799147                        0
       736                        0        0.265708393176147                        0         0.24729105937317         0.24729105937317                        0
       752                        0         0.26571453956016                        0        0.247428785634103        0.247428785634103                        0
       768                        0        0.265720395503167                        0         0.24756254116254         0.24756254116254                        0
       784                        0        0.265725980392809                        0        0.247692521728048        0.247692521728048                        0
       800                        0        0.265731311959442                        0        0.247818909613816        0.247818909613816                        0
       816                        0        0.265736406447628                        0         0.24794187479885         0.24794187479885                        0
       832                        0        0.265741278766922                        0        0.248061576015216        0.248061576015216                        0
       848                        0        0.265745942624783                        0        0.248178161695773        0.248178161695773                        0
       864                        0        0.265750410644025                        0        0.248291770824908        0.248291770824908                        0
       880                        0        0.265754694466882                        0        0.248402533706482        0.248402533706482                        0
       896                        0         0.26575880484737                        0        0.248510572653311        0.248510572653311                        0
       912                        0        0.265762751733498                        0        0.248616002613381        0.248616002613381                        0
       928                        0        0.265766544340577                        0        0.248718931735214        0.248718931735214                        0
       944                        0        0.265770191216709                        0        0.248819461881291        0.248819461881291                        0
