#square and square, nu_xymn_2
#MM NN: 2 3
#quadrature order: 16
#numpanels            c*(gradu.n)^2                      BEM        0.5*(gradu)^2 ex.       Boundary Formula 1       Boundary Formula 2
        16                        0        0.228659179836722                        0        0.161759532716027        0.161759532716027                        0
        32                        0        0.254560197750054                        0        0.200956527165015        0.200956527165015                        0
        48                        0        0.259724829644402                        0        0.212875420635869        0.212875420635869                        0
        64                        0        0.261755439410253                        0        0.219315839878563        0.219315839878563                        0
        80                        0        0.262827148715454                        0        0.223542430535966        0.223542430535966                        0
        96                        0         0.26348469664922                        0        0.226602094646382        0.226602094646382                        0
       112                        0         0.26392648585641                        0        0.228955839995588        0.228955839995588                        0
       128                        0        0.264242190300432                        0        0.230843561855019        0.230843561855019                        0
       144                        0        0.264478132488087                        0        0.232404184268117        0.232404184268117                        0
       160                        0        0.264660582082264                        0        0.233724523408385        0.233724523408385                        0
       176                        0        0.264805508572996                        0        0.234862032089442        0.234862032089442                        0
       192                        0        0.264923157698722                        0        0.235856472802565        0.235856472802565                        0
       208                        0        0.265020392764326                        0        0.236736373725352        0.236736373725352                        0
       224                        0        0.265101976746952                        0          0.2375228176248          0.2375228176248                        0
       240                        0        0.265171314106936                        0          0.2382317756254          0.2382317756254                        0
       256                        0        0.265230899997155                        0        0.238875603656848        0.238875603656848                        0
       272                        0        0.265282602928647                        0        0.239464035172212        0.239464035172212                        0
       288                        0         0.26532784857015                        0        0.240004859164505        0.240004859164505                        0
       304                        0        0.265367742702025                        0        0.240504395087402        0.240504395087402                        0
       320                        0        0.265403155533264                        0        0.240967832950988        0.240967832950988                        0
       336                        0        0.265434780802011                        0        0.241399481668686        0.241399481668686                        0
       352                        0        0.265463178014559                        0        0.241802953581333        0.241802953581333                        0
       368                        0        0.265488803163514                        0        0.242181303708486        0.242181303708486                        0
       384                        0        0.265512031420245                        0         0.24253713631607         0.24253713631607                        0
       400                        0        0.265533174137995                        0        0.242872687511594        0.242872687511594                        0
       416                        0        0.265552491757506                        0        0.243189890000728        0.243189890000728                        0
       432                        0        0.265570203718713                        0        0.243490424398098        0.243490424398098                        0
       448                        0         0.26558649615589                        0        0.243775760275505        0.243775760275505                        0
       464                        0        0.265601527931627                        0        0.244047189296253        0.244047189296253                        0
       480                        0        0.265615435412006                        0         0.24430585218027         0.24430585218027                        0
       496                        0        0.265628336277904                        0         0.24455276081665         0.24455276081665                        0
       512                        0        0.265640332591191                        0        0.244788816525344        0.244788816525344                        0
       528                        0        0.265651513279707                        0        0.245014825239198        0.245014825239198                        0
       544                        0        0.265661956165174                        0        0.245231510201111        0.245231510201111                        0
       560                        0        0.265671729628812                        0        0.245439522647642        0.245439522647642                        0
       576                        0        0.265680893987627                        0         0.24563945084314         0.24563945084314                        0
       592                        0        0.265689502638225                        0        0.245831827761715        0.245831827761715                        0
       608                        0        0.265697603012435                        0        0.246017137647509        0.246017137647509                        0
       624                        0        0.265705237379785                        0        0.246195821644045        0.246195821644045                        0
       640                        0        0.265712443524635                        0        0.246368282645223        0.246368282645223                        0
       656                        0        0.265719255320048                        0        0.246534889491283        0.246534889491283                        0
       672                        0        0.265725703216329                        0        0.246695980613931        0.246695980613931                        0
       688                        0        0.265731814658573                        0        0.246851867212312        0.246851867212312                        0
       704                        0        0.265737614444901                        0        0.247002836031295        0.247002836031295                        0
       720                        0        0.265743125034978                        0        0.247149151799036        0.247149151799036                        0
       736                        0         0.26574836681664                        0        0.247291059373163        0.247291059373163                        0
       752                        0        0.265753358337082                        0        0.247428785634055        0.247428785634055                        0
       768                        0        0.265758116503949                        0        0.247562541162511        0.247562541162511                        0
       784                        0        0.265762656760808                        0        0.247692521728028        0.247692521728028                        0
       800                        0        0.265766993240707                        0        0.247818909613799        0.247818909613799                        0
       816                        0        0.265771138900909                        0         0.24794187479885         0.24794187479885                        0
       832                        0        0.265775105641468                        0         0.24806157601521         0.24806157601521                        0
       848                        0        0.265778904409812                        0        0.248178161695522        0.248178161695522                        0
       864                        0        0.265782545293241                        0        0.248291770824995        0.248291770824995                        0
       880                        0        0.265786037600943                        0        0.248402533706351        0.248402533706351                        0
       896                        0        0.265789389936821                        0        0.248510572653228        0.248510572653228                        0
       912                        0        0.265792610264383                        0        0.248616002613372        0.248616002613372                        0
       928                        0        0.265795705964633                        0         0.24871893173528         0.24871893173528                        0
       944                        0        0.265798683887818                        0        0.248819461881359        0.248819461881359                        0
