#square and square, nu_xymn_2
#MM NN: 4 2
#quadrature order: 16
#numpanels            c*(gradu.n)^2                      BEM        0.5*(gradu)^2 ex.       Boundary Formula 1       Boundary Formula 2
        16                        0        0.177251728018247                        0       0.0978734792074841       0.0978734792074841                        0
        32                        0        0.200101911546343                        0        0.140078327978263        0.140078327978263                        0
        48                        0        0.205580179557701                        0        0.154734380220098        0.154734380220098                        0
        64                        0        0.207962812395436                        0          0.1627245190052          0.1627245190052                        0
        80                        0        0.209293984138411                        0        0.167899758988528        0.167899758988528                        0
        96                        0        0.210140442861745                        0        0.171588376919877        0.171588376919877                        0
       112                        0         0.21072340046498                        0        0.174385128998164        0.174385128998164                        0
       128                        0        0.211147659972845                        0        0.176599502290504        0.176599502290504                        0
       144                        0        0.211469236973185                        0        0.178409688492052        0.178409688492052                        0
       160                        0        0.211720730637496                        0           0.179926157681           0.179926157681                        0
       176                        0        0.211922365329705                        0        0.181221382353477        0.181221382353477                        0
       192                        0        0.212087331740326                        0        0.182345082083662        0.182345082083662                        0
       208                        0        0.212224586881774                        0         0.18333262636093         0.18333262636093                        0
       224                        0        0.212340418351559                        0        0.184209942242505        0.184209942242505                        0
       240                        0        0.212439364663435                        0         0.18499652034754         0.18499652034754                        0
       256                        0        0.212524780536739                        0        0.185707330908848        0.185707330908848                        0
       272                        0        0.212599196983928                        0        0.186354087156083        0.186354087156083                        0
       288                        0        0.212664557960944                        0        0.186946102991206        0.186946102991206                        0
       304                        0        0.212722380167117                        0        0.187490890195076        0.187490890195076                        0
       320                        0        0.212773863545325                        0        0.187994583629193        0.187994583629193                        0
       336                        0        0.212819969313744                        0        0.188462249998096        0.188462249998096                        0
       352                        0        0.212861476110018                        0         0.18889811603015         0.18889811603015                        0
       368                        0        0.212899021070689                        0        0.189305739784884        0.189305739784884                        0
       384                        0        0.212933130346275                        0        0.189688141102676        0.189688141102676                        0
       400                        0        0.212964242081938                        0        0.190047902228956        0.190047902228956                        0
       416                        0        0.212992723941693                        0        0.190387246346604        0.190387246346604                        0
       432                        0        0.213018886625335                        0        0.190708099530042        0.190708099530042                        0
       448                        0        0.213042994404553                        0        0.191012140100937        0.191012140100937                        0
       464                        0        0.213065273415359                        0        0.191300838308273        0.191300838308273                        0
       480                        0        0.213085918243345                        0        0.191575488496326        0.191575488496326                        0
       496                        0        0.213105097196794                        0        0.191837235386435        0.191837235386435                        0
       512                        0        0.213122956561828                        0           0.192087095705           0.192087095705                        0
       528                        0        0.213139624060896                        0          0.1923259761028          0.1923259761028                        0
       544                        0        0.213155211682742                        0        0.192554688092753        0.192554688092753                        0
       560                        0        0.213169818012746                        0        0.192773960578947        0.192773960578947                        0
       576                        0        0.213183530163151                        0        0.192984450419631        0.192984450419631                        0
       592                        0        0.213196425380909                        0        0.193186751382756        0.193186751382756                        0
       608                        0        0.213208572393943                        0         0.19338140177266         0.19338140177266                        0
       624                        0        0.213220032544012                        0        0.193568890956752        0.193568890956752                        0
       640                        0        0.213230860744508                        0        0.193749664975095        0.193749664975095                        0
       656                        0        0.213241106293748                        0        0.193924131380454        0.193924131380454                        0
       672                        0        0.213250813568579                        0        0.194092663432593        0.194092663432593                        0
       688                        0        0.213260022618216                        0        0.194255603744349        0.194255603744349                        0
       704                        0        0.213268769674587                        0        0.194413267463842        0.194413267463842                        0
       720                        0        0.213277087592551                        0        0.194565945060351        0.194565945060351                        0
       736                        0        0.213285006230913                        0        0.194713904771897        0.194713904771897                        0
       752                        0        0.213292552783293                        0        0.194857394760175        0.194857394760175                        0
       768                        0        0.213299752066343                        0        0.194996645016069        0.194996645016069                        0
       784                        0        0.213306626771566                        0        0.195131869046951        0.195131869046951                        0
       800                        0        0.213313197685996                        0        0.195263265376011        0.195263265376011                        0
       816                        0         0.21331948388607                        0        0.195391018877515        0.195391018877515                        0
       832                        0        0.213325502908456                        0        0.195515301968827        0.195515301968827                        0
       848                        0        0.213331270900905                        0        0.195636275677088        0.195636275677088                        0
       864                        0        0.213336802755831                        0        0.195754090596529        0.195754090596529                        0
       880                        0         0.21334211222887                        0        0.195868887746921        0.195868887746921                        0
       896                        0        0.213347212044296                        0        0.195980799350072        0.195980799350072                        0
       912                        0         0.21335211398902                        0        0.196089949527091        0.196089949527091                        0
       928                        0        0.213356828996554                        0         0.19619645493116         0.19619645493116                        0
       944                        0        0.213361367222136                        0        0.196300425319851        0.196300425319851                        0
