#square and square, nu_xymn_2
#MM NN: 5 5
#quadrature order: 16
#numpanels            c*(gradu.n)^2                      BEM        0.5*(gradu)^2 ex.       Boundary Formula 1       Boundary Formula 2
        16                        0        0.147007647313908                        0       0.0816748103920518       0.0816748103920518                        0
        32                        0        0.178590488154895                        0        0.122276006145016        0.122276006145016                        0
        48                        0        0.186799799696502                        0        0.137616849235713        0.137616849235713                        0
        64                        0        0.190451972925762                        0        0.146151253683531        0.146151253683531                        0
        80                        0        0.192490350345462                        0        0.151699359631534        0.151699359631534                        0
        96                        0        0.193778719992765                        0         0.15564937209611         0.15564937209611                        0
       112                        0        0.194660313224655                        0        0.158636379192032        0.158636379192032                        0
       128                        0        0.195298094494519                        0        0.160994058456736        0.160994058456736                        0
       144                        0        0.195778953530779                        0        0.162915362113659        0.162915362113659                        0
       160                        0        0.196153256513841                        0        0.164520102121187        0.164520102121187                        0
       176                        0        0.196452112904859                        0        0.165886887315584        0.165886887315584                        0
       192                        0        0.196695723847967                        0        0.167069606389444        0.167069606389444                        0
       208                        0         0.19689774921699                        0        0.168106546883446        0.168106546883446                        0
       224                        0        0.197067740181051                        0        0.169025732068199        0.169025732068199                        0
       240                        0        0.197212565742943                        0        0.169848193073261        0.169848193073261                        0
       256                        0        0.197337286027034                        0        0.170590055136916        0.170590055136916                        0
       272                        0        0.197445706724438                        0        0.171263912907881        0.171263912907881                        0
       288                        0        0.197540742309988                        0        0.171879763576534        0.171879763576534                        0
       304                        0        0.197624660555363                        0        0.172445656106164        0.172445656106164                        0
       320                        0        0.197699251114278                        0         0.17296815303396         0.17296815303396                        0
       336                        0        0.197765944242506                        0        0.173452665453049        0.173452665453049                        0
       352                        0        0.197825895993569                        0        0.173903700288629        0.173903700288629                        0
       368                        0         0.19788005039994                        0         0.17432504572172         0.17432504572172                        0
       384                        0        0.197929185554826                        0        0.174719912217917        0.174719912217917                        0
       400                        0        0.197973948238961                        0        0.175091041179393        0.175091041179393                        0
       416                        0        0.198014880270195                        0        0.175440789639414        0.175440789639414                        0
       432                        0        0.198052438787202                        0        0.175771196996732        0.175771196996732                        0
       448                        0        0.198087012030211                        0        0.176084038116087        0.176084038116087                        0
       464                        0        0.198118931738908                        0        0.176380865968561        0.176380865968561                        0
       480                        0         0.19814848298114                        0        0.176663046159473        0.176663046159473                        0
       496                        0        0.198175912010396                        0        0.176931785106268        0.176931785106268                        0
       512                        0        0.198201432596601                        0        0.177188153201194        0.177188153201194                        0
       528                        0        0.198225231164009                        0        0.177433103981289        0.177433103981289                        0
       544                        0        0.198247470989445                        0        0.177667490091943        0.177667490091943                        0
       560                        0        0.198268295654688                        0        0.177892076662376        0.177892076662376                        0
       576                        0        0.198287831902364                        0        0.178107552571087        0.178107552571087                        0
       592                        0        0.198306192011933                        0        0.178314539987457        0.178314539987457                        0
       608                        0        0.198323475786735                        0        0.178513602489896        0.178513602489896                        0
       624                        0        0.198339772224165                        0        0.178705252006632        0.178705252006632                        0
       640                        0        0.198355160926203                        0        0.178889954775789        0.178889954775789                        0
       656                        0        0.198369713295857                        0        0.179068136483393        0.179068136483393                        0
       672                        0        0.198383493556503                        0        0.179240186711981        0.179240186711981                        0
       688                        0        0.198396559623753                        0        0.179406462804603        0.179406462804603                        0
       704                        0        0.198408963854026                        0        0.179567293234451        0.179567293234451                        0
       720                        0        0.198420753689663                        0        0.179722980552502        0.179722980552502                        0
       736                        0        0.198431972216807                        0        0.179873803975194        0.179873803975194                        0
       752                        0        0.198442658649438                        0        0.180020021661072        0.180020021661072                        0
       768                        0        0.198452848750655                        0        0.180161872722367        0.180161872722367                        0
       784                        0        0.198462575200487                        0        0.180299579005013        0.180299579005013                        0
       800                        0        0.198471867917949                        0        0.180433346669243        0.180433346669243                        0
       816                        0        0.198480754343774                        0        0.180563367596262        0.180563367596262                        0
       832                        0        0.198489259689365                        0        0.180689820643216        0.180689820643216                        0
       848                        0        0.198497407156459                        0        0.180812872765467        0.180812872765467                        0
       864                        0        0.198505218131538                        0        0.180932680023141        0.180932680023141                        0
       880                        0        0.198512712358237                        0        0.181049388483279        0.181049388483279                        0
       896                        0        0.198519908090555                        0        0.181163135035202        0.181163135035202                        0
       912                        0        0.198526822229384                        0        0.181274048122433        0.181274048122433                        0
       928                        0        0.198533470444387                        0         0.18138224840642         0.18138224840642                        0
