#square and square, nu_xymn_2
#MM NN: 5 1
#quadrature order: 16
#numpanels            c*(gradu.n)^2                      BEM        0.5*(gradu)^2 ex.       Boundary Formula 1       Boundary Formula 2
        16                        0        0.162910541825707                        0       0.0816748103920518       0.0816748103920518                        0
        32                        0        0.184186810479327                        0        0.122276006145016        0.122276006145016                        0
        48                        0        0.189856660921052                        0        0.137616849235713        0.137616849235713                        0
        64                        0        0.192440754153922                        0        0.146151253683531        0.146151253683531                        0
        80                        0        0.193918525220059                        0        0.151699359631534        0.151699359631534                        0
        96                        0        0.194870789732921                        0         0.15564937209611         0.15564937209611                        0
       112                        0        0.195532250526549                        0        0.158636379192032        0.158636379192032                        0
       128                        0        0.196016514825779                        0        0.160994058456736        0.160994058456736                        0
       144                        0        0.196385184369216                        0        0.162915362113659        0.162915362113659                        0
       160                        0         0.19667447859111                        0        0.164520102121187        0.164520102121187                        0
       176                        0         0.19690704005584                        0        0.165886887315584        0.165886887315584                        0
       192                        0        0.197097723930914                        0        0.167069606389444        0.167069606389444                        0
       208                        0         0.19725666480017                        0        0.168106546883446        0.168106546883446                        0
       224                        0        0.197391004011799                        0        0.169025732068199        0.169025732068199                        0
       240                        0        0.197505912623307                        0        0.169848193073261        0.169848193073261                        0
       256                        0         0.19760522308742                        0        0.170590055136916        0.170590055136916                        0
       272                        0        0.197691833429118                        0        0.171263912907881        0.171263912907881                        0
       288                        0        0.197767973872506                        0        0.171879763576534        0.171879763576534                        0
       304                        0        0.197835387462809                        0        0.172445656106164        0.172445656106164                        0
       320                        0        0.197895455313048                        0         0.17296815303396         0.17296815303396                        0
       336                        0        0.197949285264702                        0        0.173452665453049        0.173452665453049                        0
       352                        0        0.197997775816361                        0        0.173903700288629        0.173903700288629                        0
       368                        0        0.198041662988021                        0         0.17432504572172         0.17432504572172                        0
       384                        0        0.198081555192688                        0        0.174719912217917        0.174719912217917                        0
       400                        0          0.1981179595382                        0        0.175091041179393        0.175091041179393                        0
       416                        0        0.198151301911861                        0        0.175440789639414        0.175440789639414                        0
       432                        0         0.19818194249188                        0        0.175771196996732        0.175771196996732                        0
       448                        0        0.198210187852098                        0        0.176084038116087        0.176084038116087                        0
       464                        0        0.198236300499104                        0        0.176380865968561        0.176380865968561                        0
       480                        0        0.198260506453323                        0        0.176663046159473        0.176663046159473                        0
       496                        0        0.198283001325029                        0        0.176931785106268        0.176931785106268                        0
       512                        0        0.198303955221496                        0        0.177188153201194        0.177188153201194                        0
       528                        0        0.198323516738549                        0        0.177433103981289        0.177433103981289                        0
       544                        0        0.198341816229091                        0        0.177667490091943        0.177667490091943                        0
       560                        0        0.198358968496418                        0        0.177892076662376        0.177892076662376                        0
       576                        0        0.198375075026538                        0        0.178107552571087        0.178107552571087                        0
       592                        0        0.198390225848758                        0        0.178314539987457        0.178314539987457                        0
       608                        0        0.198404501094476                        0        0.178513602489896        0.178513602489896                        0
       624                        0        0.198417972309578                        0        0.178705252006632        0.178705252006632                        0
       640                        0        0.198430703564588                        0        0.178889954775789        0.178889954775789                        0
       656                        0        0.198442752397798                        0        0.179068136483393        0.179068136483393                        0
       672                        0        0.198454170619959                        0        0.179240186711981        0.179240186711981                        0
       688                        0        0.198465005003529                        0        0.179406462804603        0.179406462804603                        0
       704                        0        0.198475297875267                        0        0.179567293234451        0.179567293234451                        0
       720                        0        0.198485087627595                        0        0.179722980552502        0.179722980552502                        0
       736                        0        0.198494409161365                        0        0.179873803975194        0.179873803975194                        0
       752                        0        0.198503294270486                        0        0.180020021661072        0.180020021661072                        0
       768                        0        0.198511771977086                        0        0.180161872722367        0.180161872722367                        0
       784                        0        0.198519868824453                        0        0.180299579005013        0.180299579005013                        0
       800                        0        0.198527609133831                        0        0.180433346669243        0.180433346669243                        0
       816                        0        0.198535015230082                        0        0.180563367596262        0.180563367596262                        0
       832                        0        0.198542107640601                        0        0.180689820643216        0.180689820643216                        0
       848                        0        0.198548905271006                        0        0.180812872765467        0.180812872765467                        0
       864                        0        0.198555425560773                        0        0.180932680023141        0.180932680023141                        0
       880                        0        0.198561684621379                        0        0.181049388483279        0.181049388483279                        0
       896                        0        0.198567697359197                        0        0.181163135035202        0.181163135035202                        0
       912                        0         0.19857347758508                        0        0.181274048122433        0.181274048122433                        0
       928                        0        0.198579038112284                        0         0.18138224840642         0.18138224840642                        0
