#square and square, nu_xymn_1
#MM NN: 4 2
#quadrature order: 16
#numpanels            c*(gradu.n)^2                      BEM        0.5*(gradu)^2 ex.       Boundary Formula 1       Boundary Formula 2
        16                        0        0.223364942752588                        0        0.161759532716023        0.161759532716023                        0
        32                        0        0.252757477013336                        0        0.200956527165015        0.200956527165015                        0
        48                        0        0.258751037789186                        0        0.212875420635873        0.212875420635873                        0
        64                        0         0.26112402905083                        0         0.21931583987857         0.21931583987857                        0
        80                        0        0.262374221183403                        0        0.223542430535957        0.223542430535957                        0
        96                        0         0.26313845370815                        0        0.226602094646314        0.226602094646314                        0
       112                        0        0.263650017001774                        0         0.22895583999561         0.22895583999561                        0
       128                        0         0.26401434919465                        0        0.230843561855011        0.230843561855011                        0
       144                        0        0.264285819428233                        0        0.232404184268143        0.232404184268143                        0
       160                        0        0.264495188641911                        0        0.233724523408363        0.233724523408363                        0
       176                        0        0.264661110551755                        0        0.234862032089464        0.234862032089464                        0
       192                        0        0.264795524183111                        0        0.235856472802496        0.235856472802496                        0
       208                        0        0.264906408812328                        0         0.23673637372534         0.23673637372534                        0
       224                        0        0.264999290012868                        0        0.237522817624836        0.237522817624836                        0
       240                        0        0.265078109463835                        0         0.23823177562542         0.23823177562542                        0
       256                        0        0.265145750712354                        0        0.238875603656873        0.238875603656873                        0
       272                        0        0.265204369421301                        0         0.23946403517219         0.23946403517219                        0
       288                        0        0.265255607739564                        0        0.240004859164515        0.240004859164515                        0
       304                        0        0.265300737470747                        0        0.240504395087337        0.240504395087337                        0
       320                        0        0.265340758099129                        0        0.240967832951026        0.240967832951026                        0
       336                        0        0.265376465397216                        0         0.24139948166876         0.24139948166876                        0
       352                        0        0.265408500390389                        0        0.241802953581303        0.241802953581303                        0
       368                        0        0.265437384918781                        0        0.242181303708435        0.242181303708435                        0
       384                        0        0.265463547874758                        0        0.242537136316154        0.242537136316154                        0
       400                        0         0.26548734483872                        0        0.242872687511502        0.242872687511502                        0
       416                        0        0.265509072966025                        0        0.243189890000751        0.243189890000751                        0
       432                        0         0.26552898240804                        0        0.243490424398086        0.243490424398086                        0
       448                        0        0.265547285169979                        0        0.243775760275522        0.243775760275522                        0
       464                        0        0.265564162049829                        0        0.244047189296332        0.244047189296332                        0
       480                        0        0.265579768124551                        0         0.24430585218037         0.24430585218037                        0
       496                        0        0.265594237125031                        0        0.244552760816618        0.244552760816618                        0
       512                        0        0.265607684952718                        0        0.244788816525437        0.244788816525437                        0
       528                        0        0.265620212527386                        0        0.245014825239141        0.245014825239141                        0
       544                        0        0.265631908109272                        0        0.245231510201158        0.245231510201158                        0
       560                        0        0.265642849204945                        0        0.245439522647542        0.245439522647542                        0
       576                        0        0.265653104141013                        0        0.245639450843122        0.245639450843122                        0
       592                        0        0.265662733371082                        0        0.245831827761702        0.245831827761702                        0
       608                        0        0.265671790566991                        0        0.246017137647449        0.246017137647449                        0
       624                        0        0.265680323534579                        0        0.246195821644041        0.246195821644041                        0
       640                        0         0.26568837498593                        0        0.246368282645118        0.246368282645118                        0
       656                        0        0.265695983193499                        0        0.246534889491321        0.246534889491321                        0
       672                        0        0.265703182546633                        0        0.246695980614001        0.246695980614001                        0
       688                        0        0.265710004026963                        0        0.246851867212319        0.246851867212319                        0
       704                        0        0.265716475616067                        0        0.247002836031247        0.247002836031247                        0
       720                        0        0.265722622646374                        0        0.247149151799147        0.247149151799147                        0
       736                        0        0.265728468104259                        0         0.24729105937317         0.24729105937317                        0
       752                        0        0.265734032892733                        0        0.247428785634103        0.247428785634103                        0
       768                        0        0.265739336059844                        0         0.24756254116254         0.24756254116254                        0
       784                        0         0.26574439499787                        0        0.247692521728048        0.247692521728048                        0
       800                        0        0.265749225617568                        0        0.247818909613816        0.247818909613816                        0
       816                        0        0.265753842501004                        0         0.24794187479885         0.24794187479885                        0
       832                        0        0.265758259035988                        0        0.248061576015216        0.248061576015216                        0
       848                        0        0.265762487534611                        0        0.248178161695773        0.248178161695773                        0
       864                        0        0.265766539338035                        0        0.248291770824908        0.248291770824908                        0
       880                        0        0.265770424909365                        0        0.248402533706482        0.248402533706482                        0
       896                        0        0.265774153916116                        0        0.248510572653311        0.248510572653311                        0
       912                        0        0.265777735303627                        0        0.248616002613381        0.248616002613381                        0
       928                        0        0.265781177360561                        0        0.248718931735214        0.248718931735214                        0
       944                        0        0.265784487777422                        0        0.248819461881291        0.248819461881291                        0
