#square and square, nu_xymn_2
#MM NN: 3 3
#quadrature order: 16
#numpanels            c*(gradu.n)^2                      BEM        0.5*(gradu)^2 ex.       Boundary Formula 1       Boundary Formula 2
        16                        0        0.193634463674837                        0         0.12200111585191         0.12200111585191                        0
        32                        0        0.220458304364928                        0        0.164242432994622        0.164242432994622                        0
        48                        0        0.226338467790948                        0        0.177863599542194        0.177863599542194                        0
        64                        0        0.228767762632871                        0        0.185190612684206        0.185190612684206                        0
        80                        0        0.230082990086286                        0        0.189940547364834        0.189940547364834                        0
        96                        0        0.230902235971651                        0        0.193340309716814        0.193340309716814                        0
       112                        0        0.231458290314048                        0         0.19593064060592         0.19593064060592                        0
       128                        0         0.23185859026413                        0        0.197991355420396        0.197991355420396                        0
       144                        0        0.232159445814865                        0        0.199683363043725        0.199683363043725                        0
       160                        0        0.232393135363719                        0        0.201106504461795        0.201106504461795                        0
       176                        0        0.232579444604936                        0        0.202326404132038        0.202326404132038                        0
       192                        0        0.232731152033032                        0        0.203388193067305        0.203388193067305                        0
       208                        0        0.232856864139524                        0        0.204324062290704        0.204324062290704                        0
       224                        0        0.232962580807117                        0        0.205157673817492        0.205157673817492                        0
       240                        0        0.233052607207615                        0        0.205906864237376        0.205906864237376                        0
       256                        0        0.233130109175878                        0         0.20658537003313         0.20658537003313                        0
       272                        0        0.233197464391029                        0        0.207203966904075        0.207203966904075                        0
       288                        0        0.233256491694775                        0        0.207771244532734        0.207771244532734                        0
       304                        0        0.233308605064068                        0        0.208294147039377        0.208294147039377                        0
       320                        0          0.2333549195454                        0        0.208778358498401        0.208778358498401                        0
       336                        0        0.233396325724288                        0        0.209228583414389        0.209228583414389                        0
       352                        0        0.233433543087908                        0        0.209648754391684        0.209648754391684                        0
       368                        0        0.233467158924799                        0        0.210042188335301        0.210042188335301                        0
       384                        0        0.233497657123161                        0        0.210411705616452        0.210411705616452                        0
       400                        0        0.233525439791454                        0        0.210759722158324        0.210759722158324                        0
       416                        0        0.233550843698441                        0        0.211088321430881        0.211088321430881                        0
       432                        0        0.233574152920435                        0        0.211399311344724        0.211399311344724                        0
       448                        0          0.2335956086754                        0        0.211694269650614        0.211694269650614                        0
       464                        0        0.233615417045228                        0        0.211974580497736        0.211974580497736                        0
       480                        0        0.233633755095189                        0        0.212241464117027        0.212241464117027                        0
       496                        0        0.233650775764281                        0        0.212496001109511        0.212496001109511                        0
       512                        0        0.233666611804146                        0        0.212739152462988        0.212739152462988                        0
       528                        0        0.233681378974875                        0        0.212971776159831        0.212971776159831                        0
       544                        0        0.233695178655711                        0        0.213194641040213        0.213194641040213                        0
       560                        0        0.233708099991458                        0        0.213408438445375        0.213408438445375                        0
       576                        0        0.233720221667699                        0        0.213613792046228        0.213613792046228                        0
       592                        0        0.233731613387462                        0         0.21381126618671         0.21381126618671                        0
       608                        0        0.233742337105965                        0        0.214001372997501        0.214001372997501                        0
       624                        0        0.233752448068323                        0        0.214184578490829        0.214184578490829                        0
       640                        0        0.233761995685826                        0        0.214361307804727        0.214361307804727                        0
       656                        0        0.233771024279139                        0        0.214531949732741        0.214531949732741                        0
       672                        0        0.233779573711433                        0        0.214696860653487        0.214696860653487                        0
       688                        0        0.233787679929863                        0        0.214856367950002        0.214856367950002                        0
       704                        0        0.233795375430449                        0         0.21501077299705         0.21501077299705                        0
       720                        0        0.233802689658668                        0        0.215160353778878        0.215160353778878                        0
       736                        0        0.233809649355865                        0        0.215305367191252        0.215305367191252                        0
       752                        0         0.23381627885979                        0            0.21544605107            0.21544605107                        0
       768                        0        0.233822600366156                        0        0.215582625986426        0.215582625986426                        0
       784                        0        0.233828634156995                        0        0.215715296838407        0.215715296838407                        0
       800                        0        0.233834398800594                        0        0.215844254265436        0.215844254265436                        0
       816                        0        0.233839911327014                        0        0.215969675909812        0.215969675909812                        0
       832                        0        0.233845187382632                        0        0.216091727543435        0.216091727543435                        0
       848                        0        0.233850241366501                        0        0.216210564076858        0.216210564076858                        0
       864                        0        0.233855086551025                        0        0.216326330465606        0.216326330465606                        0
       880                        0        0.233859735188982                        0        0.216439162523357        0.216439162523357                        0
       896                        0        0.233864198608617                        0        0.216549187658205        0.216549187658205                        0
       912                        0        0.233868487298394                        0        0.216656525534042        0.216656525534042                        0
       928                        0        0.233872610982638                        0        0.216761288671299        0.216761288671299                        0
