#square and square, nu_xymn_2
#MM NN: 2 5
#quadrature order: 16
#numpanels            c*(gradu.n)^2                      BEM        0.5*(gradu)^2 ex.       Boundary Formula 1       Boundary Formula 2
        16                        0        0.218757812489968                        0        0.161759532716027        0.161759532716027                        0
        32                        0        0.250958377145125                        0        0.200956527165015        0.200956527165015                        0
        48                        0        0.257750124419883                        0        0.212875420635869        0.212875420635869                        0
        64                        0        0.260470314421277                        0        0.219315839878563        0.219315839878563                        0
        80                        0        0.261904772910419                        0        0.223542430535966        0.223542430535966                        0
        96                        0        0.262779904447956                        0        0.226602094646382        0.226602094646382                        0
       112                        0        0.263364171680681                        0        0.228955839995588        0.228955839995588                        0
       128                        0        0.263779192380396                        0        0.230843561855019        0.230843561855019                        0
       144                        0         0.26408767436485                        0        0.232404184268117        0.232404184268117                        0
       160                        0        0.264325057812208                        0        0.233724523408385        0.233724523408385                        0
       176                        0         0.26451280120073                        0        0.234862032089442        0.234862032089442                        0
       192                        0        0.264664615509605                        0        0.235856472802565        0.235856472802565                        0
       208                        0        0.264789648524352                        0        0.236736373725352        0.236736373725352                        0
       224                        0        0.264894224337412                        0          0.2375228176248          0.2375228176248                        0
       240                        0        0.264982846963411                        0          0.2382317756254          0.2382317756254                        0
       256                        0        0.265058806270643                        0        0.238875603656848        0.238875603656848                        0
       272                        0        0.265124558111825                        0        0.239464035172212        0.239464035172212                        0
       288                        0        0.265181970761664                        0        0.240004859164505        0.240004859164505                        0
       304                        0         0.26523248929456                        0        0.240504395087402        0.240504395087402                        0
       320                        0        0.265277247993099                        0        0.240967832950988        0.240967832950988                        0
       336                        0        0.265317148927446                        0        0.241399481668686        0.241399481668686                        0
       352                        0        0.265352917971864                        0        0.241802953581333        0.241802953581333                        0
       368                        0        0.265385145442889                        0        0.242181303708486        0.242181303708486                        0
       384                        0         0.26541431605002                        0         0.24253713631607         0.24253713631607                        0
       400                        0        0.265440831287489                        0        0.242872687511594        0.242872687511594                        0
       416                        0        0.265465026393979                        0        0.243189890000728        0.243189890000728                        0
       432                        0        0.265487183351674                        0        0.243490424398098        0.243490424398098                        0
       448                        0          0.2655075409589                        0        0.243775760275505        0.243775760275505                        0
       464                        0        0.265526302713876                        0        0.244047189296253        0.244047189296253                        0
       480                        0        0.265543643042831                        0         0.24430585218027         0.24430585218027                        0
       496                        0        0.265559712262634                        0         0.24455276081665         0.24455276081665                        0
       512                        0        0.265574640566829                        0        0.244788816525344        0.244788816525344                        0
       528                        0        0.265588541251147                        0        0.245014825239198        0.245014825239198                        0
       544                        0        0.265601513341842                        0        0.245231510201111        0.245231510201111                        0
       560                        0        0.265613643751445                        0        0.245439522647642        0.245439522647642                        0
       576                        0        0.265625009057611                        0         0.24563945084314         0.24563945084314                        0
       592                        0        0.265635676979583                        0        0.245831827761715        0.245831827761715                        0
       608                        0        0.265645707610181                        0        0.246017137647509        0.246017137647509                        0
       624                        0        0.265655154449109                        0        0.246195821644045        0.246195821644045                        0
       640                        0        0.265664065273853                        0        0.246368282645223        0.246368282645223                        0
       656                        0        0.265672482876931                        0        0.246534889491283        0.246534889491283                        0
       672                        0        0.265680445692854                        0        0.246695980613931        0.246695980613931                        0
       688                        0        0.265687988333406                        0        0.246851867212312        0.246851867212312                        0
       704                        0        0.265695142046441                        0        0.247002836031295        0.247002836031295                        0
       720                        0        0.265701935110604                        0        0.247149151799036        0.247149151799036                        0
       736                        0        0.265708393176145                        0        0.247291059373163        0.247291059373163                        0
       752                        0         0.26571453956016                        0        0.247428785634055        0.247428785634055                        0
       768                        0        0.265720395503169                        0        0.247562541162511        0.247562541162511                        0
       784                        0         0.26572598039281                        0        0.247692521728028        0.247692521728028                        0
       800                        0        0.265731311959443                        0        0.247818909613799        0.247818909613799                        0
       816                        0        0.265736406447627                        0         0.24794187479885         0.24794187479885                        0
       832                        0        0.265741278766923                        0         0.24806157601521         0.24806157601521                        0
       848                        0        0.265745942624784                        0        0.248178161695522        0.248178161695522                        0
       864                        0        0.265750410644024                        0        0.248291770824995        0.248291770824995                        0
       880                        0        0.265754694466883                        0        0.248402533706351        0.248402533706351                        0
       896                        0        0.265758804847371                        0        0.248510572653228        0.248510572653228                        0
       912                        0        0.265762751733496                        0        0.248616002613372        0.248616002613372                        0
       928                        0        0.265766544340574                        0         0.24871893173528         0.24871893173528                        0
       944                        0        0.265770191216708                        0        0.248819461881359        0.248819461881359                        0
