#square and square, nu_xymn_1
#MM NN: 1 1
#quadrature order: 16
#numpanels            c*(gradu.n)^2                      BEM        0.5*(gradu)^2 ex.       Boundary Formula 1       Boundary Formula 2
        16                        0        0.303495199418993                        0        0.239913433814476        0.239913433814476                        0
        32                        0        0.323668495372383                        0        0.273032718390664        0.273032718390664                        0
        48                        0        0.326497056750905                        0        0.281627157335081        0.281627157335081                        0
        64                        0        0.327373829302619                        0        0.286364438891447        0.286364438891447                        0
        80                        0        0.327778093300444                        0        0.289592991531194        0.289592991531194                        0
        96                        0        0.328006599586807                        0        0.292006590095937        0.292006590095937                        0
       112                        0        0.328151858602457                        0        0.293911973573919        0.293911973573919                        0
       128                        0        0.328251597439342                        0        0.295472365770292        0.295472365770292                        0
       144                        0        0.328323916278752                        0        0.296784660684909        0.296784660684909                        0
       160                        0        0.328378524034642                        0        0.297910852248683        0.297910852248683                        0
       176                        0        0.328421072374658                        0        0.298892855283497        0.298892855283497                        0
       192                        0        0.328455063637926                        0        0.299760241595418        0.299760241595418                        0
       208                        0        0.328482778234716                        0        0.300534595534837        0.300534595534837                        0
       224                        0        0.328505761666445                        0        0.301232115318273        0.301232115318273                        0
       240                        0        0.328525096658193                        0        0.301865242212343        0.301865242212343                        0
       256                        0         0.32854156316927                        0        0.302443721623685        0.302443721623685                        0
       272                        0         0.32855573657468                        0        0.302975317307139        0.302975317307139                        0
       288                        0         0.32856805012904                        0        0.303466305781975        0.303466305781975                        0
       304                        0        0.328578835963126                        0        0.303921827001975        0.303921827001975                        0
       320                        0        0.328588352728925                        0        0.304346138401706        0.304346138401706                        0
       336                        0        0.328596804689452                        0        0.304742802412995        0.304742802412995                        0
       352                        0         0.32860435518081                        0        0.305114827193524        0.305114827193524                        0
       368                        0        0.328611136285065                        0        0.305464773821771        0.305464773821771                        0
       384                        0        0.328617255898213                        0        0.305794839048303        0.305794839048303                        0
       400                        0        0.328622802973615                        0        0.306106919955756        0.306106919955756                        0
       416                        0        0.328627851465709                        0         0.30640266504314         0.30640266504314                        0
       432                        0        0.328632463333535                        0        0.306683514990561        0.306683514990561                        0
       448                        0        0.328636690854597                        0        0.306950735493639        0.306950735493639                        0
       464                        0        0.328640578426236                        0        0.307205443933893        0.307205443933893                        0
       480                        0        0.328644163981716                        0        0.307448631214256        0.307448631214256                        0
       496                        0        0.328647480113451                        0         0.30768117976628         0.30768117976628                        0
       512                        0        0.328650554971387                        0         0.30790387850157         0.30790387850157                        0
       528                        0        0.328653412987107                        0        0.308117435303097        0.308117435303097                        0
       544                        0        0.328656075461721                        0         0.30832248752525         0.30832248752525                        0
       560                        0        0.328658561046381                        0        0.308519610865736        0.308519610865736                        0
       576                        0        0.328660886137509                        0        0.308709326903797        0.308709326903797                        0
       592                        0        0.328663065203836                        0        0.308892109533568        0.308892109533568                        0
       608                        0        0.328665111058514                        0        0.309068390482178        0.309068390482178                        0
       624                        0        0.328667035086714                        0        0.309238564061596        0.309238564061596                        0
       640                        0        0.328668847436962                        0        0.309402991277912        0.309402991277912                        0
       656                        0        0.328670557182718                        0        0.309562003399409        0.309562003399409                        0
       672                        0        0.328672172459457                        0          0.3097159050643          0.3097159050643                        0
       688                        0         0.32867370058145                        0        0.309864976999255        0.309864976999255                        0
       704                        0        0.328675148141645                        0        0.310009478403551        0.310009478403551                        0
       720                        0        0.328676521097424                        0        0.310149649047192        0.310149649047192                        0
       736                        0        0.328677824844501                        0        0.310285711122676        0.310285711122676                        0
       752                        0        0.328679064280826                        0         0.31041787088505         0.31041787088505                        0
       768                        0        0.328680243862016                        0        0.310546320106268        0.310546320106268                        0
       784                        0          0.3286813676496                        0        0.310671237370688        0.310671237370688                        0
       800                        0        0.328682439353133                        0        0.310792789230126        0.310792789230126                        0
       816                        0        0.328683462367063                        0         0.31091113123714         0.31091113123714                        0
       832                        0        0.328684439803099                        0        0.311026408871157        0.311026408871157                        0
       848                        0        0.328685374518688                        0        0.311138758370491        0.311138758370491                        0
       864                        0        0.328686269142159                        0        0.311248307480673        0.311248307480673                        0
       880                        0        0.328687126094962                        0        0.311355176131588        0.311355176131588                        0
       896                        0        0.328687947611376                        0        0.311459477046228        0.311459477046228                        0
       912                        0        0.328688735756037                        0        0.311561316294993        0.311561316294993                        0
       928                        0        0.328689492439542                        0        0.311660793796857        0.311660793796857                        0
       944                        0        0.328690219432372                        0        0.311758003775363        0.311758003775363                        0
       960                        0        0.328690918377351                        0        0.311853035173435        0.311853035173435                        0
       976                        0        0.328691590800808                        0        0.311945972031792        0.311945972031792                        0
