#square and square, nu_xymn_1
#MM NN: 1 3
#quadrature order: 16
#numpanels            c*(gradu.n)^2                      BEM        0.5*(gradu)^2 ex.       Boundary Formula 1       Boundary Formula 2
        16                        0        0.199635990839883                        0        0.122001115851907        0.122001115851907                        0
        32                        0        0.222452806084431                        0        0.164242432994622        0.164242432994622                        0
        48                        0        0.227420623790978                        0        0.177863599542197        0.177863599542197                        0
        64                        0        0.229471418872055                        0        0.185190612684213        0.185190612684213                        0
        80                        0        0.230588789155847                        0        0.189940547364825        0.189940547364825                        0
        96                        0        0.231289513510542                        0        0.193340309716747        0.193340309716747                        0
       112                        0        0.231767913440213                        0        0.195930640605942        0.195930640605942                        0
       128                        0        0.232114012675353                        0        0.197991355420387        0.197991355420387                        0
       144                        0        0.232375218530065                        0        0.199683363043751        0.199683363043751                        0
       160                        0        0.232578833170933                        0        0.201106504461774        0.201106504461774                        0
       176                        0         0.23274166438365                        0        0.202326404132059        0.202326404132059                        0
       192                        0        0.232874609926862                        0        0.203388193067237        0.203388193067237                        0
       208                        0        0.232985035482729                        0        0.204324062290692        0.204324062290692                        0
       224                        0        0.233078092228325                        0        0.205157673817528        0.205157673817528                        0
       240                        0        0.233157486944454                        0        0.205906864237396        0.205906864237396                        0
       256                        0        0.233225952509752                        0        0.206585370033154        0.206585370033154                        0
       272                        0        0.233285546278887                        0        0.207203966904054        0.207203966904054                        0
       288                        0        0.233337845448806                        0        0.207771244532744        0.207771244532744                        0
       304                        0         0.23338407856405                        0        0.208294147039313        0.208294147039313                        0
       320                        0        0.233425216204006                        0        0.208778358498439        0.208778358498439                        0
       336                        0        0.233462034871918                        0        0.209228583414462        0.209228583414462                        0
       352                        0        0.233495162868004                        0        0.209648754391654        0.209648754391654                        0
       368                        0        0.233525113792254                        0         0.21004218833525         0.21004218833525                        0
       384                        0        0.233552311390798                        0        0.210411705616536        0.210411705616536                        0
       400                        0        0.233577108240187                        0        0.210759722158232        0.210759722158232                        0
       416                        0        0.233599799976579                        0        0.211088321430904        0.211088321430904                        0
       432                        0        0.233620636258075                        0        0.211399311344712        0.211399311344712                        0
       448                        0        0.233639829300296                        0        0.211694269650631        0.211694269650631                        0
       464                        0        0.233657560587672                        0        0.211974580497815        0.211974580497815                        0
       480                        0        0.233673986198197                        0        0.212241464117127        0.212241464117127                        0
       496                        0        0.233689241063643                        0         0.21249600110948         0.21249600110948                        0
       512                        0        0.233703442404679                        0         0.21273915246308         0.21273915246308                        0
       528                        0        0.233716692520855                        0        0.212971776159774        0.212971776159774                        0
       544                        0        0.233729081072026                        0         0.21319464104026         0.21319464104026                        0
       560                        0        0.233740686955821                        0        0.213408438445275        0.213408438445275                        0
       576                        0        0.233751579861857                        0        0.213613792046211        0.213613792046211                        0
       592                        0        0.233761821565644                        0        0.213811266186697        0.213811266186697                        0
       608                        0        0.233771467011452                        0        0.214001372997441        0.214001372997441                        0
       624                        0         0.23378056522306                        0        0.214184578490825        0.214184578490825                        0
       640                        0        0.233789160073428                        0        0.214361307804623        0.214361307804623                        0
       656                        0        0.233797290937964                        0        0.214531949732778        0.214531949732778                        0
       672                        0        0.233804993251413                        0        0.214696860653557        0.214696860653557                        0
       688                        0        0.233812298984473                        0        0.214856367950009        0.214856367950009                        0
       704                        0         0.23381923705323                        0        0.215010772997003        0.215010772997003                        0
       720                        0        0.233825833672225                        0        0.215160353778989        0.215160353778989                        0
       736                        0        0.233832112659929                        0        0.215305367191259        0.215305367191259                        0
       752                        0        0.233838095703916                        0        0.215446051070049        0.215446051070049                        0
       768                        0        0.233843802591805                        0        0.215582625986454        0.215582625986454                        0
       784                        0        0.233849251412963                        0        0.215715296838428        0.215715296838428                        0
       800                        0        0.233854458735212                        0        0.215844254265452        0.215844254265452                        0
       816                        0        0.233859439760041                        0        0.215969675909812        0.215969675909812                        0
       832                        0        0.233864208459323                        0        0.216091727543441        0.216091727543441                        0
       848                        0         0.23386877769602                        0        0.216210564077107        0.216210564077107                        0
       864                        0        0.233873159331043                        0        0.216326330465519        0.216326330465519                        0
       880                        0        0.233877364318064                        0        0.216439162523488        0.216439162523488                        0
       896                        0        0.233881402787809                        0        0.216549187658287        0.216549187658287                        0
       912                        0        0.233885284123205                        0        0.216656525534051        0.216656525534051                        0
       928                        0        0.233889017026478                        0        0.216761288671234        0.216761288671234                        0
       944                        0        0.233892609579193                        0        0.216863582990531        0.216863582990531                        0
