#square and square, nu_xymn_1
#MM NN: 5 4
#quadrature order: 16
#numpanels            c*(gradu.n)^2                      BEM        0.5*(gradu)^2 ex.       Boundary Formula 1       Boundary Formula 2
        16                        0        0.162002432888014                        0       0.0978734792074817       0.0978734792074817                        0
        32                        0        0.194703318780069                        0        0.140078327978262        0.140078327978262                        0
        48                        0        0.202636729608795                        0        0.154734380220101        0.154734380220101                        0
        64                        0        0.206049692908667                        0        0.162724519005206        0.162724519005206                        0
        80                        0        0.207921042920785                        0        0.167899758988519        0.167899758988519                        0
        96                        0        0.209091108550062                        0        0.171588376919811        0.171588376919811                        0
       112                        0        0.209885888016082                        0        0.174385128998185        0.174385128998185                        0
       128                        0        0.210457799813838                        0        0.176599502290495        0.176599502290495                        0
       144                        0        0.210887239395618                        0        0.178409688492077        0.178409688492077                        0
       160                        0        0.211220437431507                        0        0.179926157680979        0.179926157680979                        0
       176                        0        0.211485773159231                        0        0.181221382353497        0.181221382353497                        0
       192                        0        0.211701584259486                        0        0.182345082083595        0.182345082083595                        0
       208                        0        0.211880220684352                        0        0.183332626360919        0.183332626360919                        0
       224                        0        0.212030288700002                        0         0.18420994224254         0.18420994224254                        0
       240                        0          0.2121579601159                        0        0.184996520347559        0.184996520347559                        0
       256                        0        0.212267770305766                        0        0.185707330908871        0.185707330908871                        0
       272                        0        0.212363123005161                        0        0.186354087156062        0.186354087156062                        0
       288                        0        0.212446619955474                        0        0.186946102991215        0.186946102991215                        0
       304                        0        0.212520282201623                        0        0.187490890195011        0.187490890195011                        0
       320                        0        0.212585702298437                        0         0.18799458362923         0.18799458362923                        0
       336                        0        0.212644151263933                        0        0.188462249998168        0.188462249998168                        0
       352                        0        0.212696655181857                        0         0.18889811603012         0.18889811603012                        0
       368                        0        0.212744051013112                        0        0.189305739784834        0.189305739784834                        0
       384                        0        0.212787027891306                        0        0.189688141102759        0.189688141102759                        0
       400                        0         0.21282615810813                        0        0.190047902228865        0.190047902228865                        0
       416                        0        0.212861920660683                        0        0.190387246346627        0.190387246346627                        0
       432                        0        0.212894719355915                        0        0.190708099530029        0.190708099530029                        0
       448                        0        0.212924896879985                        0        0.191012140100954        0.191012140100954                        0
       464                        0        0.212952745840118                        0        0.191300838308352        0.191300838308352                        0
       480                        0        0.212978517509721                        0        0.191575488496425        0.191575488496425                        0
       496                        0        0.213002428813292                        0        0.191837235386404        0.191837235386404                        0
       512                        0        0.213024667949358                        0        0.192087095705092        0.192087095705092                        0
       528                        0        0.213045398950284                        0        0.192325976102744        0.192325976102744                        0
       544                        0        0.213064765405345                        0        0.192554688092799        0.192554688092799                        0
       560                        0        0.213082893520176                        0        0.192773960578847        0.192773960578847                        0
       576                        0        0.213099894645967                        0        0.192984450419613        0.192984450419613                        0
       592                        0        0.213115867382277                        0        0.193186751382743        0.193186751382743                        0
       608                        0        0.213130899334599                        0        0.193381401772599        0.193381401772599                        0
       624                        0        0.213145068590788                        0        0.193568890956749        0.193568890956749                        0
       640                        0        0.213158444967277                        0        0.193749664974991        0.193749664974991                        0
       656                        0         0.21317109106563                        0        0.193924131380491        0.193924131380491                        0
       672                        0        0.213183063172224                        0        0.194092663432662        0.194092663432662                        0
       688                        0        0.213194412027412                        0        0.194255603744357        0.194255603744357                        0
       704                        0        0.213205183485613                        0        0.194413267463795        0.194413267463795                        0
       720                        0        0.213215419083945                        0        0.194565945060461        0.194565945060461                        0
       736                        0        0.213225156533739                        0        0.194713904771904        0.194713904771904                        0
       752                        0        0.213234430146813                        0        0.194857394760223        0.194857394760223                        0
       768                        0        0.213243271206379                        0        0.194996645016097        0.194996645016097                        0
       784                        0        0.213251708290711                        0        0.195131869046971        0.195131869046971                        0
       800                        0        0.213259767556462                        0        0.195263265376028        0.195263265376028                        0
       816                        0        0.213267472987309                        0        0.195391018877514        0.195391018877514                        0
       832                        0          0.2132748466128                        0        0.195515301968833        0.195515301968833                        0
       848                        0        0.213281908701423                        0        0.195636275677336        0.195636275677336                        0
       864                        0        0.213288677931388                        0        0.195754090596443        0.195754090596443                        0
       880                        0        0.213295171542052                        0        0.195868887747052        0.195868887747052                        0
       896                        0        0.213301405468458                        0        0.195980799350154        0.195980799350154                        0
       912                        0        0.213307394461172                        0          0.1960899495271          0.1960899495271                        0
       928                        0        0.213313152193225                        0        0.196196454931094        0.196196454931094                        0
