#square and square, nu_xymn_1
#MM NN: 2 1
#quadrature order: 16
#numpanels            c*(gradu.n)^2                      BEM        0.5*(gradu)^2 ex.       Boundary Formula 1       Boundary Formula 2
        16                        0        0.302841600037426                        0        0.239913433814476        0.239913433814476                        0
        32                        0        0.323470765814224                        0        0.273032718390664        0.273032718390664                        0
        48                        0         0.32638364547526                        0        0.281627157335081        0.281627157335081                        0
        64                        0        0.327298167561227                        0        0.286364438891447        0.286364438891447                        0
        80                        0        0.327722859643472                        0        0.289592991531194        0.289592991531194                        0
        96                        0        0.327963864158335                        0        0.292006590095937        0.292006590095937                        0
       112                        0        0.328117433749461                        0        0.293911973573919        0.293911973573919                        0
       128                        0        0.328223037267088                        0        0.295472365770292        0.295472365770292                        0
       144                        0        0.328299683017883                        0        0.296784660684909        0.296784660684909                        0
       160                        0        0.328357595163361                        0        0.297910852248683        0.297910852248683                        0
       176                        0        0.328402737394152                        0        0.298892855283497        0.298892855283497                        0
       192                        0        0.328438811035816                        0        0.299760241595418        0.299760241595418                        0
       208                        0        0.328468228848955                        0        0.300534595534837        0.300534595534837                        0
       224                        0        0.328492627487253                        0        0.301232115318273        0.301232115318273                        0
       240                        0        0.328513154325364                        0        0.301865242212343        0.301865242212343                        0
       256                        0        0.328530636339858                        0        0.302443721623685        0.302443721623685                        0
       272                        0        0.328545683848765                        0        0.302975317307139        0.302975317307139                        0
       288                        0        0.328558756571992                        0        0.303466305781975        0.303466305781975                        0
       304                        0        0.328570207021174                        0        0.303921827001975        0.303921827001975                        0
       320                        0        0.328580309777044                        0        0.304346138401706        0.304346138401706                        0
       336                        0        0.328589281717065                        0        0.304742802412995        0.304742802412995                        0
       352                        0        0.328597296286179                        0        0.305114827193524        0.305114827193524                        0
       368                        0        0.328604493754561                        0        0.305464773821771        0.305464773821771                        0
       384                        0        0.328610988715318                        0        0.305794839048303        0.305794839048303                        0
       400                        0        0.328616875648183                        0        0.306106919955756        0.306106919955756                        0
       416                        0         0.32862223310505                        0         0.30640266504314         0.30640266504314                        0
       432                        0        0.328627126898277                        0        0.306683514990561        0.306683514990561                        0
       448                        0        0.328631612557278                        0        0.306950735493639        0.306950735493639                        0
       464                        0        0.328635737241283                        0        0.307205443933893        0.307205443933893                        0
       480                        0        0.328639541243156                        0        0.307448631214256        0.307448631214256                        0
       496                        0        0.328643059182321                        0         0.30768117976628         0.30768117976628                        0
       512                        0         0.32864632095896                        0         0.30790387850157         0.30790387850157                        0
       528                        0        0.328649352523177                        0        0.308117435303097        0.308117435303097                        0
       544                        0        0.328652176499474                        0         0.30832248752525         0.30832248752525                        0
       560                        0        0.328654812697223                        0        0.308519610865736        0.308519610865736                        0
       576                        0        0.328657278530522                        0        0.308709326903797        0.308709326903797                        0
       592                        0        0.328659589365643                        0        0.308892109533568        0.308892109533568                        0
       608                        0        0.328661758810115                        0        0.309068390482178        0.309068390482178                        0
       624                        0        0.328663798954528                        0        0.309238564061596        0.309238564061596                        0
       640                        0         0.32866572057581                        0        0.309402991277912        0.309402991277912                        0
       656                        0        0.328667533308895                        0        0.309562003399409        0.309562003399409                        0
       672                        0        0.328669245792356                        0          0.3097159050643          0.3097159050643                        0
       688                        0        0.328670865792482                        0        0.309864976999255        0.309864976999255                        0
       704                        0        0.328672400309382                        0        0.310009478403551        0.310009478403551                        0
       720                        0        0.328673855668099                        0        0.310149649047192        0.310149649047192                        0
       736                        0         0.32867523759712                        0        0.310285711122676        0.310285711122676                        0
       752                        0        0.328676551296259                        0         0.31041787088505         0.31041787088505                        0
       768                        0        0.328677801495547                        0        0.310546320106268        0.310546320106268                        0
       784                        0        0.328678992506486                        0        0.310671237370688        0.310671237370688                        0
       800                        0        0.328680128266783                        0        0.310792789230126        0.310792789230126                        0
       816                        0        0.328681212379517                        0         0.31091113123714         0.31091113123714                        0
       832                        0        0.328682248147518                        0        0.311026408871157        0.311026408871157                        0
       848                        0        0.328683238603621                        0        0.311138758370491        0.311138758370491                        0
       864                        0        0.328684186537369                        0        0.311248307480673        0.311248307480673                        0
       880                        0        0.328685094518638                        0        0.311355176131588        0.311355176131588                        0
       896                        0        0.328685964918571                        0        0.311459477046228        0.311459477046228                        0
       912                        0         0.32868679992819                        0        0.311561316294993        0.311561316294993                        0
       928                        0        0.328687601574977                        0        0.311660793796857        0.311660793796857                        0
