#square and square, nu_xymn_1
#MM NN: 2 4
#quadrature order: 16
#numpanels            c*(gradu.n)^2                      BEM        0.5*(gradu)^2 ex.       Boundary Formula 1       Boundary Formula 2
        16                        0        0.177251728018247                        0       0.0978734792074817       0.0978734792074817                        0
        32                        0        0.200101911546342                        0        0.140078327978262        0.140078327978262                        0
        48                        0          0.2055801795577                        0        0.154734380220101        0.154734380220101                        0
        64                        0        0.207962812395435                        0        0.162724519005206        0.162724519005206                        0
        80                        0         0.20929398413841                        0        0.167899758988519        0.167899758988519                        0
        96                        0        0.210140442861745                        0        0.171588376919811        0.171588376919811                        0
       112                        0         0.21072340046498                        0        0.174385128998185        0.174385128998185                        0
       128                        0        0.211147659972844                        0        0.176599502290495        0.176599502290495                        0
       144                        0        0.211469236973185                        0        0.178409688492077        0.178409688492077                        0
       160                        0        0.211720730637496                        0        0.179926157680979        0.179926157680979                        0
       176                        0        0.211922365329705                        0        0.181221382353497        0.181221382353497                        0
       192                        0        0.212087331740324                        0        0.182345082083595        0.182345082083595                        0
       208                        0        0.212224586881772                        0        0.183332626360919        0.183332626360919                        0
       224                        0        0.212340418351559                        0         0.18420994224254         0.18420994224254                        0
       240                        0        0.212439364663435                        0        0.184996520347559        0.184996520347559                        0
       256                        0         0.21252478053674                        0        0.185707330908871        0.185707330908871                        0
       272                        0        0.212599196983927                        0        0.186354087156062        0.186354087156062                        0
       288                        0        0.212664557960944                        0        0.186946102991215        0.186946102991215                        0
       304                        0        0.212722380167117                        0        0.187490890195011        0.187490890195011                        0
       320                        0        0.212773863545326                        0         0.18799458362923         0.18799458362923                        0
       336                        0        0.212819969313743                        0        0.188462249998168        0.188462249998168                        0
       352                        0        0.212861476110017                        0         0.18889811603012         0.18889811603012                        0
       368                        0        0.212899021070689                        0        0.189305739784834        0.189305739784834                        0
       384                        0        0.212933130346274                        0        0.189688141102759        0.189688141102759                        0
       400                        0        0.212964242081938                        0        0.190047902228865        0.190047902228865                        0
       416                        0        0.212992723941692                        0        0.190387246346627        0.190387246346627                        0
       432                        0        0.213018886625335                        0        0.190708099530029        0.190708099530029                        0
       448                        0        0.213042994404553                        0        0.191012140100954        0.191012140100954                        0
       464                        0         0.21306527341536                        0        0.191300838308352        0.191300838308352                        0
       480                        0        0.213085918243345                        0        0.191575488496425        0.191575488496425                        0
       496                        0        0.213105097196794                        0        0.191837235386404        0.191837235386404                        0
       512                        0        0.213122956561827                        0        0.192087095705092        0.192087095705092                        0
       528                        0        0.213139624060896                        0        0.192325976102744        0.192325976102744                        0
       544                        0        0.213155211682743                        0        0.192554688092799        0.192554688092799                        0
       560                        0        0.213169818012747                        0        0.192773960578847        0.192773960578847                        0
       576                        0        0.213183530163152                        0        0.192984450419613        0.192984450419613                        0
       592                        0        0.213196425380908                        0        0.193186751382743        0.193186751382743                        0
       608                        0        0.213208572393943                        0        0.193381401772599        0.193381401772599                        0
       624                        0        0.213220032544013                        0        0.193568890956749        0.193568890956749                        0
       640                        0        0.213230860744508                        0        0.193749664974991        0.193749664974991                        0
       656                        0        0.213241106293749                        0        0.193924131380491        0.193924131380491                        0
       672                        0         0.21325081356858                        0        0.194092663432662        0.194092663432662                        0
       688                        0        0.213260022618218                        0        0.194255603744357        0.194255603744357                        0
       704                        0        0.213268769674588                        0        0.194413267463795        0.194413267463795                        0
       720                        0        0.213277087592552                        0        0.194565945060461        0.194565945060461                        0
       736                        0        0.213285006230914                        0        0.194713904771904        0.194713904771904                        0
       752                        0        0.213292552783293                        0        0.194857394760223        0.194857394760223                        0
       768                        0        0.213299752066342                        0        0.194996645016097        0.194996645016097                        0
       784                        0        0.213306626771565                        0        0.195131869046971        0.195131869046971                        0
       800                        0        0.213313197685995                        0        0.195263265376028        0.195263265376028                        0
       816                        0         0.21331948388607                        0        0.195391018877514        0.195391018877514                        0
       832                        0        0.213325502908456                        0        0.195515301968833        0.195515301968833                        0
       848                        0        0.213331270900904                        0        0.195636275677336        0.195636275677336                        0
       864                        0        0.213336802755831                        0        0.195754090596443        0.195754090596443                        0
       880                        0         0.21334211222887                        0        0.195868887747052        0.195868887747052                        0
       896                        0        0.213347212044295                        0        0.195980799350154        0.195980799350154                        0
       912                        0        0.213352113989021                        0          0.1960899495271          0.1960899495271                        0
       928                        0        0.213356828996555                        0        0.196196454931094        0.196196454931094                        0
       944                        0        0.213361367222136                        0        0.196300425319783        0.196300425319783                        0
