#square and square, nu_xymn_1
#MM NN: 1 2
#quadrature order: 16
#numpanels            c*(gradu.n)^2                      BEM        0.5*(gradu)^2 ex.       Boundary Formula 1       Boundary Formula 2
        16                        0        0.234660707001768                        0        0.161759532716023        0.161759532716023                        0
        32                        0        0.256554699469557                        0        0.200956527165015        0.200956527165015                        0
        48                        0        0.260806985644432                        0        0.212875420635873        0.212875420635873                        0
        64                        0        0.262459095649437                        0         0.21931583987857         0.21931583987857                        0
        80                        0        0.263332947785016                        0        0.223542430535957        0.223542430535957                        0
        96                        0        0.263871974188112                        0        0.226602094646314        0.226602094646314                        0
       112                        0        0.264236108982575                        0         0.22895583999561         0.22895583999561                        0
       128                        0        0.264497612711656                        0        0.230843561855011        0.230843561855011                        0
       144                        0        0.264693905203287                        0        0.232404184268143        0.232404184268143                        0
       160                        0        0.264846279889478                        0        0.233724523408363        0.233724523408363                        0
       176                        0         0.26496772835171                        0        0.234862032089464        0.234862032089464                        0
       192                        0        0.265066615592552                        0        0.235856472802496        0.235856472802496                        0
       208                        0        0.265148564107531                        0         0.23673637372534         0.23673637372534                        0
       224                        0         0.26521748816816                        0        0.237522817624836        0.237522817624836                        0
       240                        0        0.265276193843776                        0         0.23823177562542         0.23823177562542                        0
       256                        0         0.26532674333103                        0        0.238875603656873        0.238875603656873                        0
       272                        0        0.265370684816505                        0         0.23946403517219         0.23946403517219                        0
       288                        0        0.265409202324181                        0        0.240004859164515        0.240004859164515                        0
       304                        0        0.265443216202007                        0        0.240504395087337        0.240504395087337                        0
       320                        0        0.265473452191869                        0        0.240967832951026        0.240967832951026                        0
       336                        0        0.265500489949641                        0         0.24139948166876         0.24139948166876                        0
       352                        0        0.265524797794656                        0        0.241802953581303        0.241802953581303                        0
       368                        0        0.265546758030969                        0        0.242181303708435        0.242181303708435                        0
       384                        0        0.265566685687882                        0        0.242537136316154        0.242537136316154                        0
       400                        0        0.265584842586728                        0        0.242872687511502        0.242872687511502                        0
       416                        0        0.265601448035644                        0        0.243189890000751        0.243189890000751                        0
       432                        0        0.265616687056353                        0        0.243490424398086        0.243490424398086                        0
       448                        0        0.265630716780787                        0        0.243775760275522        0.243775760275522                        0
       464                        0        0.265643671474072                        0        0.244047189296332        0.244047189296332                        0
       480                        0        0.265655666515014                        0         0.24430585218037         0.24430585218037                        0
       496                        0        0.265666801577266                        0        0.244552760816618        0.244552760816618                        0
       512                        0        0.265677163191724                        0        0.244788816525437        0.244788816525437                        0
       528                        0        0.265686826825687                        0        0.245014825239141        0.245014825239141                        0
       544                        0        0.265695858581488                        0        0.245231510201158        0.245231510201158                        0
       560                        0        0.265704316593175                        0        0.245439522647542        0.245439522647542                        0
       576                        0        0.265712252181785                        0        0.245639450843122        0.245639450843122                        0
       592                        0        0.265719710816408                        0        0.245831827761702        0.245831827761702                        0
       608                        0        0.265726732917922                        0        0.246017137647449        0.246017137647449                        0
       624                        0        0.265733354534522                        0        0.246195821644041        0.246195821644041                        0
       640                        0        0.265739607912238                        0        0.246368282645118        0.246368282645118                        0
       656                        0        0.265745521978873                        0        0.246534889491321        0.246534889491321                        0
       672                        0         0.26575112275631                        0        0.246695980614001        0.246695980614001                        0
       688                        0        0.265756433713183                        0        0.246851867212319        0.246851867212319                        0
       704                        0        0.265761476067681                        0        0.247002836031247        0.247002836031247                        0
       720                        0        0.265766269048535                        0        0.247149151799147        0.247149151799147                        0
       736                        0        0.265770830120703                        0         0.24729105937317         0.24729105937317                        0
       752                        0        0.265775175181208                        0        0.247428785634103        0.247428785634103                        0
       768                        0        0.265779318729598                        0         0.24756254116254         0.24756254116254                        0
       784                        0        0.265783274016776                        0        0.247692521728048        0.247692521728048                        0
       800                        0        0.265787053175325                        0        0.247818909613816        0.247818909613816                        0
       816                        0        0.265790667333935                        0         0.24794187479885         0.24794187479885                        0
       832                        0        0.265794126718159                        0        0.248061576015216        0.248061576015216                        0
       848                        0        0.265797440739331                        0        0.248178161695773        0.248178161695773                        0
       864                        0        0.265800618073259                        0        0.248291770824908        0.248291770824908                        0
       880                        0        0.265803666730025                        0        0.248402533706482        0.248402533706482                        0
       896                        0        0.265806594116013                        0        0.248510572653311        0.248510572653311                        0
       912                        0        0.265809407089193                        0        0.248616002613381        0.248616002613381                        0
       928                        0        0.265812112008472                        0        0.248718931735214        0.248718931735214                        0
       944                        0        0.265814714777828                        0        0.248819461881291        0.248819461881291                        0
       960                        0        0.265817220885898                        0        0.248917689094336        0.248917689094336                        0
