#square and square, nu_xymn_1
#MM NN: 5 4
#quadrature order: 16
#numpanels            c*(gradu.n)^2                      BEM        0.5*(gradu)^2 ex.       Boundary Formula 1       Boundary Formula 2
        56                        0        0.489841086995372                        0        0.392670933048714        0.392670933048714                        0
        84                        0        0.549673446460692                        0        0.468991325956727        0.468991325956727                        0
       112                        0        0.572799591191428                        0        0.499278963156602        0.499278963156602                        0
       140                        0        0.590792429296629                        0        0.523097181992823        0.523097181992823                        0
       168                        0        0.602326237035106                        0        0.539065310040936        0.539065310040936                        0
       196                        0         0.61118983316443                        0        0.551472908312439        0.551472908312439                        0
       224                        0        0.619377167507254                        0        0.562581743995039        0.562581743995039                        0
       252                        0        0.625232756863915                        0        0.570925161673869        0.570925161673869                        0
       280                        0        0.629972665176571                        0          0.5777246804446          0.5777246804446                        0
       308                        0        0.634837441165651                        0        0.584387465998113        0.584387465998113                        0
       336                        0        0.638397999077284                        0        0.589547651826148        0.589547651826148                        0
       364                        0        0.641460288060154                        0        0.594003955991293        0.594003955991293                        0
       392                        0        0.644817615366146                        0        0.598619884454103        0.598619884454103                        0
       420                        0        0.647290086141367                        0        0.602241859210924        0.602241859210924                        0
       448                        0        0.649476036317322                        0        0.605454841858798        0.605454841858798                        0
       476                        0        0.651985033730232                        0        0.608910385348876        0.608910385348876                        0
       504                        0         0.65382897035741                        0        0.611633639534696        0.611633639534696                        0
       532                        0        0.655492448803639                        0        0.614097199410734        0.614097199410734                        0
       560                        0        0.657469801444558                        0        0.616822332002103        0.616822332002103                        0
       588                        0        0.658915118184797                        0        0.618970579411677        0.618970579411677                        0
       616                        0        0.660237398799423                        0        0.620940730625221        0.620940730625221                        0
       644                        0        0.661854197084791                        0        0.623169164797352        0.623169164797352                        0
       672                        0         0.66302763244181                        0        0.624922560070309        0.624922560070309                        0
       700                        0        0.664112577267487                        0        0.626547269533699        0.626547269533699                        0
       728                        0        0.665470970837752                        0        0.628419100856343        0.628419100856343                        0
       756                        0        0.666449179620224                        0        0.629887388114618        0.629887388114618                        0
       784                        0        0.667361066421584                        0        0.631258865492841        0.631258865492841                        0
       812                        0        0.668526345448654                        0        0.632863890105633        0.632863890105633                        0
       840                        0        0.669358701796075                        0        0.634118175283614        0.634118175283614                        0
       868                        0        0.670139732523359                        0        0.635297306078719        0.635297306078719                        0
       896                        0        0.671155913281845                        0        0.636696184051485        0.636696184051485                        0
       924                        0        0.671875855682243                        0        0.637784861935577        0.637784861935577                        0
       952                        0        0.672555042132219                        0        0.638813703369423        0.638813703369423                        0
       980                        0        0.673453065304875                        0        0.640049138686363        0.640049138686363                        0
      1008                        0         0.67408415599952                        0         0.64100645567701         0.64100645567701                        0
      1036                        0        0.674682193748337                        0         0.64191513382981         0.64191513382981                        0
      1064                        0        0.675484558113303                        0        0.643018213675225        0.643018213675225                        0
      1092                        0        0.676043947058196                        0        0.643869189169191        0.643869189169191                        0
      1120                        0        0.676576054152257                        0        0.644679937318967        0.644679937318967                        0
      1148                        0         0.67729958376542                        0        0.645673927397016        0.645673927397016                        0
      1176                        0        0.677800094339905                        0        0.646437330802847        0.646437330802847                        0
      1204                        0        0.678277748400639                        0        0.647166971892474        0.647166971892474                        0
      1232                        0        0.678935322740835                        0        0.648069694174555        0.648069694174555                        0
      1260                        0        0.679386763710042                        0        0.648759925099069        0.648759925099069                        0
      1288                        0        0.679818809419091                        0        0.649421460731936        0.649421460731936                        0
      1316                        0         0.68042048729369                        0         0.65024684055907         0.65024684055907                        0
      1344                        0        0.680830508820787                        0        0.650875159957691        0.650875159957691                        0
      1372                        0        0.681223888906304                        0        0.651478822907474        0.651478822907474                        0
      1400                        0        0.681777662656974                        0        0.652237928567873        0.652237928567873                        0
      1428                        0        0.682152332556939                        0        0.652813290191182        0.652813290191182                        0
      1456                        0        0.682512584816021                        0        0.653367262307647        0.653367262307647                        0
      1484                        0        0.683024900769655                        0        0.654069023200381        0.654069023200381                        0
      1512                        0        0.683369103041037                        0        0.654598650279921        0.654598650279921                        0
      1540                        0        0.683700707087609                        0        0.655109564773828        0.655109564773828                        0
      1568                        0        0.684176833526905                        0        0.655761279631388        0.655761279631388                        0
      1596                        0        0.684494550535374                        0        0.656251074286091        0.656251074286091                        0
      1624                        0        0.684801175212982                        0        0.656724375059435        0.656724375059435                        0
      1652                        0        0.685245468139105                        0        0.657332079285548        0.657332079285548                        0
      1680                        0        0.685539984598459                        0        0.657786919184507        0.657786919184507                        0
      1708                        0        0.685824668054872                        0        0.658227122992215        0.658227122992215                        0
      1736                        0        0.686240766780762                        0        0.658795859185118        0.658795859185118                        0
      1764                        0        0.686514819936585                        0        0.659219816458737        0.659219816458737                        0
      1792                        0        0.686780103019638                        0        0.659630707545043        0.659630707545043                        0
      1820                        0        0.687171076555476                        0         0.66016472806984         0.66016472806984                        0
      1848                        0        0.687426968587336                        0        0.660561233491258        0.660561233491258                        0
      1876                        0        0.687674995233993                        0        0.660946010368748        0.660946010368748                        0
      1904                        0        0.688043453504714                        0        0.661448931333945        0.661448931333945                        0
      1932                        0        0.688283136899205                        0        0.661820899261677        0.661820899261677                        0
      1960                        0         0.68851573076589                        0        0.662182286968516        0.662182286968516                        0
      1988                        0        0.688863910262468                        0        0.662657206851351        0.662657206851351                        0
      2016                        0        0.689089053524809                        0         0.66300713157235         0.66300713157235                        0
      2044                        0        0.689307777238732                        0        0.663347468628461        0.663347468628461                        0
      2072                        0        0.689637607795501                        0        0.663797060789759        0.663797060789759                        0
      2100                        0        0.689849646642591                        0        0.664127091704505        0.664127091704505                        0
      2128                        0        0.690055848153403                        0        0.664448398251669        0.664448398251669                        0
      2156                        0        0.690369005596244                        0         0.66487498389525         0.66487498389525                        0
      2184                        0        0.690569183280029                        0        0.665186984834488        0.665186984834488                        0
      2212                        0        0.690764032509161                        0        0.665491016599494        0.665491016599494                        0
      2240                        0        0.691061980590158                        0        0.665896622897835        0.665896622897835                        0
      2268                        0        0.691251379981589                        0        0.666192219391487        0.666192219391487                        0
      2296                        0        0.691435898085183                        0        0.666480510839055        0.666480510839055                        0
      2324                        0        0.691719922198339                        0        0.666866917673896        0.666866917673896                        0
      2352                        0        0.691899491552308                        0        0.667147534964532        0.667147534964532                        0
      2380                        0        0.692074574497663                        0        0.667421434115149        0.667421434115149                        0
      2408                        0        0.692345809023202                        0        0.667790211992565        0.667790211992565                        0
      2436                        0        0.692516382846728                        0        0.668057105866495        0.668057105866495                        0
      2464                        0         0.69268282056523                        0        0.668317802619721        0.668317802619721                        0
      2492                        0        0.692942271222676                        0        0.668670343666666        0.668670343666666                        0
      2520                        0         0.69310458731162                        0        0.668924625658118        0.668924625658118                        0
      2548                        0        0.693263079378501                        0        0.669173175010376        0.669173175010376                        0
      2576                        0        0.693511641635775                        0        0.669510718504343        0.669510718504343                        0
      2604                        0        0.693666355085331                        0        0.669753376648313        0.669753376648313                        0
      2632                        0        0.693817523648397                        0        0.669990717860816        0.669990717860816                        0
