#square and square, nu_xymn_1
#MM NN: 4 5
#quadrature order: 16
#numpanels            c*(gradu.n)^2                      BEM        0.5*(gradu)^2 ex.       Boundary Formula 1       Boundary Formula 2
        56                        0        0.450996295129987                        0        0.348200735861499        0.348200735861499                        0
        84                        0        0.505285541538354                        0        0.419308114299462        0.419308114299462                        0
       112                        0        0.528313575688718                        0        0.450652299231214        0.450652299231214                        0
       140                        0        0.546062121917507                        0        0.475088716647514        0.475088716647514                        0
       168                        0        0.557992824057867                        0        0.492059575961107        0.492059575961107                        0
       196                        0        0.567190030956273                        0        0.505243474147744        0.505243474147744                        0
       224                        0        0.575258251536394                        0        0.516559773722492        0.516559773722492                        0
       252                        0        0.581329753149851                        0        0.525359011921276        0.525359011921276                        0
       280                        0         0.58631752666411                        0        0.532618600901008        0.532618600901008                        0
       308                        0        0.591106829253032                        0        0.539372938448429        0.539372938448429                        0
       336                        0         0.59483561289502                        0        0.544831565223947        0.544831565223947                        0
       364                        0        0.598069226477343                        0        0.549576608221635        0.549576608221635                        0
       392                        0         0.60135261216266                        0        0.554214363461317        0.554214363461317                        0
       420                        0        0.603947702566919                        0         0.55803635625835         0.55803635625835                        0
       448                        0        0.606260614237222                        0        0.561449289124044        0.561449289124044                        0
       476                        0        0.608700294303498                        0        0.564896599763569        0.564896599763569                        0
       504                        0        0.610639617299035                        0        0.567765833818096        0.567765833818096                        0
       532                        0        0.612401785454018                        0        0.570377060123993        0.570377060123993                        0
       560                        0        0.614314357524412                        0        0.573079128594255        0.573079128594255                        0
       588                        0        0.615836611669039                        0        0.575339467404582        0.575339467404582                        0
       616                        0        0.617238658806441                        0        0.577424166782892        0.577424166782892                        0
       644                        0        0.618795179958309                        0         0.57962233212324         0.57962233212324                        0
       672                        0         0.62003262817879                        0        0.581465349716058        0.581465349716058                        0
       700                        0        0.621183989639681                        0        0.583182254858013        0.583182254858013                        0
       728                        0        0.622486293908169                        0        0.585020452194854        0.585020452194854                        0
       756                        0        0.623519046184535                        0        0.586562630030507        0.586562630030507                        0
       784                        0        0.624487538038573                        0        0.588010469024126        0.588010469024126                        0
       812                        0        0.625600534177903                        0        0.589580546856501        0.589580546856501                        0
       840                        0        0.626480256619431                        0        0.590897244639679        0.590897244639679                        0
       868                        0        0.627310433510967                        0        0.592141074367451        0.592141074367451                        0
       896                        0        0.628277753101789                        0        0.593504816920771        0.593504816920771                        0
       924                        0        0.629039463541646                        0        0.594647244595393        0.594647244595393                        0
       952                        0        0.629761966383894                        0        0.595731918022979        0.595731918022979                        0
       980                        0        0.630614193052683                        0        0.596932652458405        0.596932652458405                        0
      1008                        0        0.631282580782347                        0        0.597936996726304        0.597936996726304                        0
      1036                        0        0.631919271974092                        0        0.598894586183664        0.598894586183664                        0
      1064                        0        0.632678584622462                        0         0.59996374151475         0.59996374151475                        0
      1092                        0        0.633271627744223                        0        0.600856404724826        0.600856404724826                        0
      1120                        0        0.633838585355353                        0        0.601710542229683        0.601710542229683                        0
      1148                        0        0.634521526238324                        0        0.602671563646823        0.602671563646823                        0
      1176                        0        0.635052672123266                        0        0.603472329371444        0.603472329371444                        0
      1204                        0        0.635562023378938                        0        0.604240870659216        0.604240870659216                        0
      1232                        0        0.636181225509574                        0        0.605111664148025        0.605111664148025                        0
      1260                        0        0.636660763366287                        0        0.605835694039029        0.605835694039029                        0
      1288                        0        0.637121854080244                        0        0.606532421195473        0.606532421195473                        0
      1316                        0        0.637687161186965                        0        0.607326939414725        0.607326939414725                        0
      1344                        0        0.638123118110596                        0        0.607986079205254        0.607986079205254                        0
      1372                        0        0.638543284762254                        0        0.608621826791797        0.608621826791797                        0
      1400                        0         0.63906250139784                        0        0.609351131700237        0.609351131700237                        0
      1428                        0        0.639461245824468                        0        0.609954792195664        0.609954792195664                        0
      1456                        0        0.639846340601375                        0        0.610538214294559        0.610538214294559                        0
      1484                        0        0.640325748789143                        0        0.611211209284688        0.611211209284688                        0
      1512                        0        0.640692407972352                        0        0.611766976751005        0.611766976751005                        0
      1540                        0        0.641047165096545                        0        0.612305082923579        0.612305082923579                        0
      1568                        0        0.641491888939534                        0        0.612929029632236        0.612929029632236                        0
      1596                        0        0.641830644622893                        0        0.613443098687659        0.613443098687659                        0
      1624                        0        0.642158941742798                        0        0.613941636920586        0.613941636920586                        0
      1652                        0        0.642573210290321                        0        0.614522527892847        0.614522527892847                        0
      1680                        0        0.642887512483504                        0        0.615000014889654        0.615000014889654                        0
      1708                        0        0.643192560924109                        0        0.615463750663964        0.615463750663964                        0
      1736                        0        0.643579901301587                        0        0.616006583188767        0.616006583188767                        0
      1764                        0        0.643872625703472                        0        0.616451757256238        0.616451757256238                        0
      1792                        0        0.644157111398344                        0        0.616884680513209        0.616884680513209                        0
      1820                        0        0.644520493110191                        0        0.617393661246314        0.617393661246314                        0
      1848                        0        0.644794058947333                        0        0.617810117427611        0.617810117427611                        0
      1876                        0        0.645060248496799                        0        0.618215598489325        0.618215598489325                        0
      1904                        0        0.645402192887343                        0        0.618694298680705        0.618694298680705                        0
      1932                        0        0.645658652428426                        0        0.619085089589476        0.619085089589476                        0
      1960                        0        0.645908474055164                        0        0.619465998296225        0.619465998296225                        0
      1988                        0        0.646231138478223                        0        0.619917473155302        0.619917473155302                        0
      2016                        0         0.64647224594211                        0        0.620285210423461        0.620285210423461                        0
      2044                        0        0.646707352085087                        0        0.620644008339152        0.620644008339152                        0
      2072                        0        0.647012595429565                        0         0.62107088996174         0.62107088996174                        0
      2100                        0        0.647239860675063                        0        0.621417823355748        0.621417823355748                        0
      2128                        0        0.647461676954857                        0        0.621756635962943        0.621756635962943                        0
      2156                        0        0.647751111232968                        0        0.622161206492458        0.622161206492458                        0
      2184                        0        0.647965842053759                        0        0.622489286293165        0.622489286293165                        0
      2212                        0        0.648175605987658                        0         0.62280996012444         0.62280996012444                        0
      2240                        0        0.648450637369329                        0        0.623194209945289        0.623194209945289                        0
      2268                        0         0.64865397315049                        0         0.62350513662934         0.62350513662934                        0
      2296                        0        0.648852765064333                        0        0.623809284921599        0.623809284921599                        0
      2324                        0        0.649114626825845                        0        0.624174959383168        0.624174959383168                        0
      2352                        0        0.649307565574741                        0        0.624470223555454        0.624470223555454                        0
      2380                        0         0.64949633350759                        0        0.624759263061791        0.624759263061791                        0
      2408                        0        0.649746112719994                        0        0.625107900325188        0.625107900325188                        0
      2436                        0        0.649929532962352                        0        0.625388815090376        0.625388815090376                        0
      2464                        0        0.650109112898381                        0        0.625663996007215        0.625663996007215                        0
      2492                        0        0.650347772217796                        0        0.625996957943229        0.625996957943229                        0
      2520                        0         0.65052245087562                        0        0.626264685357025        0.626264685357025                        0
      2548                        0        0.650693583307228                        0        0.626527115842571        0.626527115842571                        0
      2576                        0        0.650921978899344                        0        0.626845613446556        0.626845613446556                        0
      2604                        0        0.651088605994934                        0        0.627101186286127        0.627101186286127                        0
