#square and square, nu_xymn_1
#MM NN: 3 1
#quadrature order: 16
#numpanels            c*(gradu.n)^2                      BEM        0.5*(gradu)^2 ex.       Boundary Formula 1       Boundary Formula 2
        56                        0        0.819799936328235                        0        0.727662900098558        0.727662900098558                        0
        84                        0        0.884693731993003                        0        0.819238251623399        0.819238251623399                        0
       112                        0         0.89120002905158                        0        0.827977189882786        0.827977189882786                        0
       140                        0        0.904752856357664                        0        0.844489123794455        0.844489123794455                        0
       168                        0        0.909339447037912                        0        0.851862648998677        0.851862648998677                        0
       196                        0        0.913656362206412                        0        0.858673847528564        0.858673847528564                        0
       224                        0        0.922776670181958                        0        0.870039656391853        0.870039656391853                        0
       252                        0        0.926267890808282                        0        0.875632946145446        0.875632946145446                        0
       280                        0        0.928468851886074                        0        0.879365722936608        0.879365722936608                        0
       308                        0        0.934302303172461                        0        0.886621935884587        0.886621935884587                        0
       336                        0        0.936260060351884                        0        0.889941701384333        0.889941701384333                        0
       364                        0        0.937708617067243                        0        0.892497110065584        0.892497110065584                        0
       392                        0        0.942052188556782                        0        0.897891508633624        0.897891508633624                        0
       420                        0        0.943407119310428                        0        0.900260793749933        0.900260793749933                        0
       448                        0        0.944428067472388                        0        0.902128274628725        0.902128274628725                        0
       476                        0        0.947842913725671                        0        0.906356647577717        0.906356647577717                        0
       504                        0        0.948827201609957                        0        0.908131979249033        0.908131979249033                        0
       532                        0        0.949591533314451                        0        0.909574240581491        0.909574240581491                        0
       560                        0        0.952393270790219                        0        0.913032927496239        0.913032927496239                        0
       588                        0        0.953145025122062                        0        0.914426723414041        0.914426723414041                        0
       616                        0        0.953739739043538                        0         0.91558172410006         0.91558172410006                        0
       644                        0        0.956106155996564                        0        0.918494287223701        0.918494287223701                        0
       672                        0        0.956699516250745                        0        0.919623465799227        0.919623465799227                        0
       700                        0        0.957175845276227                        0        0.920574052411077        0.920574052411077                        0
       728                        0        0.959218704295037                        0        0.923081220603378        0.923081220603378                        0
       756                        0        0.959699116311457                        0        0.924018523846634        0.924018523846634                        0
       784                        0        0.960089126654243                        0          0.9248174875204          0.9248174875204                        0
       812                        0        0.961882648645503                        0        0.927012725848697        0.927012725848697                        0
       840                        0        0.962279375135664                        0        0.927805688834883        0.927805688834883                        0
       868                        0        0.962604313089448                        0        0.928488542046375        0.928488542046375                        0
       896                        0        0.964200218470287                        0        0.930436956707826        0.930436956707826                        0
       924                        0        0.964533069312865                        0        0.931118175655057        0.931118175655057                        0
       952                        0        0.964807619543587                        0        0.931709799453847        0.931709799453847                        0
       980                        0        0.966243305937972                        0        0.933458433554542        0.933458433554542                        0
      1008                        0        0.966526204141778                        0        0.934051091332183        0.934051091332183                        0
      1036                        0        0.966760873351627                        0        0.934569508911988        0.934569508911988                        0
      1064                        0        0.968064213888034                        0        0.936153392906829        0.936153392906829                        0
      1092                        0        0.968307255513116                        0        0.936674485693232        0.936674485693232                        0
      1120                        0        0.968509777650937                        0         0.93713311594576         0.93713311594576                        0
      1148                        0         0.96970207427799                        0        0.938578994407323        0.938578994407323                        0
      1176                        0        0.969912772750742                        0        0.939041301433228        0.939041301433228                        0
      1204                        0        0.970088978092136                        0        0.939450368537975        0.939450368537975                        0
      1232                        0        0.971186858704753                        0        0.940779094990199        0.940779094990199                        0
      1260                        0        0.971370929795644                        0        0.941192432915492        0.941192432915492                        0
      1288                        0        0.971525303583695                        0        0.941559881746325        0.941559881746325                        0
      1316                        0        0.972541984214259                        0        0.942788012073977        0.942788012073977                        0
      1344                        0         0.97270385892861                        0        0.943160061772438        0.943160061772438                        0
      1372                        0         0.97283991250433                        0        0.943492171761103        0.943492171761103                        0
      1400                        0        0.973786062702678                        0        0.944633056505996        0.944633056505996                        0
      1428                        0        0.973929232716623                        0        0.944969924459511        0.944969924459511                        0
      1456                        0         0.97404975713676                        0        0.945271732735129        0.945271732735129                        0
      1484                        0        0.974934108838687                        0        0.946336285377484        0.946336285377484                        0
      1512                        0        0.975061365320385                        0        0.946642894777729        0.946642894777729                        0
      1540                        0        0.975168608972148                        0        0.946918494904119        0.946918494904119                        0
      1568                        0        0.975998394657476                        0        0.947915744502753        0.947915744502753                        0
      1596                        0        0.976111997199883                        0        0.948196113905879        0.948196113905879                        0
      1624                        0        0.976207792888969                        0          0.9484488712641          0.9484488712641                        0
      1652                        0        0.976989067201557                        0         0.94938636790147         0.94938636790147                        0
      1680                        0        0.977090865750951                        0        0.949643813732071        0.949643813732071                        0
      1708                        0        0.977176723379885                        0        0.949876523719756        0.949876523719756                        0
      1736                        0        0.977914603387319                        0        0.950760641208552        0.950760641208552                        0
      1764                        0        0.978006127836116                        0        0.950997927536353        0.950997927536353                        0
      1792                        0        0.978083303140976                        0        0.951212933703692        0.951212933703692                        0
      1820                        0        0.978782150649177                        0        0.952049099144671        0.952049099144671                        0
      1848                        0        0.978864677730834                        0        0.952268550220367        0.952268550220367                        0
      1876                        0        0.978934224039105                        0        0.952467833807615        0.952467833807615                        0
      1904                        0        0.979597785897014                        0        0.953260704137466        0.953260704137466                        0
      1932                        0        0.979672389857289                        0        0.953464290151603        0.953464290151603                        0
      1960                        0        0.979735197596954                        0        0.953649538866491        0.953649538866491                        0
      1988                        0        0.980366715051014                        0        0.954403138366985        0.954403138366985                        0
      2016                        0         0.98043430653309                        0        0.954592541645745        0.954592541645745                        0
      2044                        0        0.980491133767278                        0        0.954765203140902        0.954765203140902                        0
      2072                        0        0.981093428681074                        0        0.955483031782188        0.955483031782188                        0
      2100                        0        0.981154784921588                        0        0.955659698481966        0.955659698481966                        0
      2128                        0        0.981206281214241                        0        0.955821022396729        0.955821022396729                        0
      2156                        0        0.981781824765845                        0        0.956506142101722        0.956506142101722                        0
      2184                        0        0.981837613297684                        0        0.956671323010079        0.956671323010079                        0
      2212                        0        0.981884338559891                        0        0.956822394358156        0.956822394358156                        0
      2240                        0        0.982435306506373                        0        0.957477498350326        0.957477498350326                        0
      2268                        0        0.982486103950143                        0        0.957632281405734        0.957632281405734                        0
      2296                        0        0.982528543464444                        0        0.957774047338654        0.957774047338654                        0
      2324                        0        0.983056860994246                        0        0.958401516383064        0.958401516383064                        0
      2352                        0         0.98310316809158                        0        0.958546852825522        0.958546852825522                        0
      2380                        0        0.983141744594188                        0        0.958680144270987        0.958680144270987                        0
      2408                        0        0.983649123028195                        0        0.959282092663622        0.959282092663622                        0
      2436                        0        0.983691376770248                        0         0.95941881823917         0.95941881823917                        0
      2464                        0        0.983726460245286                        0        0.959544367533063        0.959544367533063                        0
      2492                        0        0.984214427293495                        0        0.960122680986485        0.960122680986485                        0
      2520                        0        0.984253010782835                        0        0.960251533275082        0.960251533275082                        0
      2548                        0        0.984284926461688                        0        0.960369988636094        0.960369988636094                        0
      2576                        0        0.984754851342372                        0        0.960926355710004        0.960926355710004                        0
      2604                        0        0.984790101869529                        0        0.961047988385043        0.961047988385043                        0
      2632                        0        0.984819136809905                        0         0.96115992587865         0.96115992587865                        0
      2660                        0        0.985272251240714                        0        0.961695864228251        0.961695864228251                        0
