#square and square, nu_xymn_1
#MM NN: 1 2
#quadrature order: 16
#numpanels            c*(gradu.n)^2                      BEM        0.5*(gradu)^2 ex.       Boundary Formula 1       Boundary Formula 2
        56                        0        0.652717009623047                        0        0.545487892921929        0.545487892921929                        0
        84                        0        0.709960934220357                        0        0.630180741111343        0.630180741111343                        0
       112                        0        0.723927945599266                        0        0.651388387664063        0.651388387664063                        0
       140                        0        0.738812381848012                        0         0.67199124692569         0.67199124692569                        0
       168                        0        0.746547379001378                        0        0.684085319687601        0.684085319687601                        0
       196                        0        0.752886189991515                        0        0.693908574245545        0.693908574245545                        0
       224                        0        0.761100768011299                        0        0.705017124242924        0.705017124242924                        0
       252                        0        0.765637844123652                        0        0.712064027222451        0.712064027222451                        0
       280                        0        0.769041552123668                        0        0.717434671859756        0.717434671859756                        0
       308                        0        0.774155221877174                        0        0.724287527974678        0.724287527974678                        0
       336                        0        0.776872878016849                        0        0.728583697988919        0.728583697988919                        0
       364                        0        0.779109402861767                        0        0.732153577369096        0.732153577369096                        0
       392                        0        0.782801141755449                        0        0.737066121022676        0.737066121022676                        0
       420                        0        0.784702107668652                        0        0.740101753401384        0.740101753401384                        0
       448                        0        0.786305634839452                        0        0.742689691853412        0.742689691853412                        0
       476                        0        0.789150455812153                        0        0.746453886753694        0.746453886753694                        0
       504                        0          0.7905649971441                        0        0.748735990653049        0.748735990653049                        0
       532                        0        0.791786835990229                        0        0.750727175400755        0.750727175400755                        0
       560                        0        0.794084115697528                        0        0.753752459516903        0.753752459516903                        0
       588                        0        0.795189117610545                        0        0.755551498527172        0.755551498527172                        0
       616                        0        0.796159005957432                        0        0.757146244010374        0.757146244010374                        0
       644                        0        0.798074742929309                        0          0.7596587124311          0.7596587124311                        0
       672                        0         0.79896753913167                        0        0.761124614505366        0.761124614505366                        0
       700                        0        0.799761009782521                        0        0.762440092959471        0.762440092959471                        0
       728                        0         0.80139730148238                        0        0.764578282519972        0.764578282519972                        0
       756                        0        0.802137394069045                        0        0.765803088547127        0.765803088547127                        0
       784                        0        0.802801645400721                        0        0.766912876285262        0.766912876285262                        0
       812                        0        0.804225238774068                        0        0.768767067356506        0.768767067356506                        0
       840                        0        0.804851140360983                        0        0.769810626642042        0.769810626642042                        0
       868                        0        0.805417406262328                        0        0.770763630257637        0.770763630257637                        0
       896                        0        0.806674187069458                        0        0.772395710994529        0.772395710994529                        0
       924                        0        0.807212085179294                        0          0.7732988914366          0.7732988914366                        0
       952                        0        0.807701964986432                        0        0.774129073977482        0.774129073977482                        0
       980                        0        0.808824732371955                        0        0.775583169438404        0.775583169438404                        0
      1008                        0        0.809293128992665                        0        0.776374961383364        0.776374961383364                        0
      1036                        0        0.809722100912495                        0        0.777106757550227        0.777106757550227                        0
      1064                        0         0.81073505693702                        0        0.778415351574923        0.778415351574923                        0
      1092                        0        0.811147442823454                        0        0.779116974136592        0.779116974136592                        0
      1120                        0        0.811526927832839                        0        0.779768481516264        0.779768481516264                        0
      1148                        0        0.812448406260767                        0        0.780956129104382        0.780956129104382                        0
      1176                        0        0.812814879464212                        0        0.781583522940235        0.781583522940235                        0
      1204                        0        0.813153513765455                        0        0.782168475378037        0.782168475378037                        0
      1232                        0        0.813997713387846                        0         0.78325415584106         0.78325415584106                        0
      1260                        0        0.814326001964849                        0        0.783819562768188        0.783819562768188                        0
      1288                        0        0.814630453294071                        0        0.784348599969086        0.784348599969086                        0
      1316                        0        0.815408579811449                        0        0.785347264166604        0.785347264166604                        0
      1344                        0        0.815704711508041                        0        0.785860264374017        0.785860264374017                        0
      1372                        0        0.815980220777755                        0        0.786341776635369        0.786341776635369                        0
      1400                        0        0.816701262810109                        0        0.787265396589793        0.787265396589793                        0
      1428                        0           0.816970017206                        0        0.787733610784057        0.787733610784057                        0
      1456                        0        0.817220768432153                        0        0.788174317450168        0.788174317450168                        0
      1484                        0        0.817892039178929                        0        0.789032617770839        0.789032617770839                        0
      1512                        0        0.818137261126926                        0        0.789462195170383        0.789462195170383                        0
      1540                        0        0.818366640487612                        0        0.789867550752896        0.789867550752896                        0
      1568                        0         0.81899416471185                        0          0.7906685303854          0.7906685303854                        0
      1596                        0        0.819218986693202                        0        0.791064495763326        0.791064495763326                        0
      1624                        0        0.819429767968576                        0        0.791438981363191        0.791438981363191                        0
      1652                        0        0.820018564181356                        0         0.79218929348653         0.79218929348653                        0
      1680                        0        0.820225567281219                        0        0.792555799014131        0.792555799014131                        0
      1708                        0        0.820420047191603                        0         0.79290313551178         0.79290313551178                        0
      1736                        0        0.820974337173759                        0        0.793608369222349        0.793608369222349                        0
      1764                        0        0.821165669740691                        0        0.793948880539668        0.793948880539668                        0
      1792                        0        0.821345768434833                        0        0.794272187250504        0.794272187250504                        0
      1820                        0        0.821869135335261                        0        0.794937079831751        0.794937079831751                        0
      1848                        0        0.822046601868884                        0        0.795254515745928        0.795254515745928                        0
      1876                        0        0.822213938695905                        0        0.795556430317502        0.795556430317502                        0
      1904                        0        0.822709448066197                        0        0.796185029544026        0.796185029544026                        0
      1932                        0        0.822874576773777                        0        0.796481868433783        0.796481868433783                        0
      1960                        0         0.82303052821767                        0        0.796764638714725        0.796764638714725                        0
      1988                        0        0.823500821889096                        0        0.797360428587545        0.797360428587545                        0
      2016                        0        0.823654916706426                        0        0.797638790511392        0.797638790511392                        0
      2044                        0        0.823800661243106                        0        0.797904345832271        0.797904345832271                        0
      2072                        0        0.824248031006533                        0        0.798470345150145        0.798470345150145                        0
      2100                        0        0.824392212135429                        0        0.798732055961101        0.798732055961101                        0
      2128                        0        0.824528765363672                        0        0.798982063072702        0.798982063072702                        0
      2156                        0        0.824955211424973                        0        0.799520903549726        0.799520903549726                        0
      2184                        0        0.825090447266476                        0        0.799767545502444        0.799767545502444                        0
      2212                        0        0.825218689710832                        0         0.80000345293292         0.80000345293292                        0
      2240                        0        0.825625967526958                        0        0.800517441722558        0.800517441722558                        0
      2268                        0        0.825753100088415                        0        0.800750393816981        0.800750393816981                        0
      2296                        0        0.825873799415049                        0        0.800973467383754        0.800973467383754                        0
      2324                        0        0.826263457561443                        0        0.801464637577396        0.801464637577396                        0
      2352                        0        0.826383222856048                        0        0.801685108011986        0.801685108011986                        0
      2380                        0        0.826497051781807                        0        0.801896459503436        0.801896459503436                        0
      2408                        0        0.826870462826647                        0        0.802366611264473        0.802366611264473                        0
      2436                        0        0.826983507391344                        0        0.802575663762893        0.802575663762893                        0
      2464                        0        0.827091058238693                        0        0.802776274290544        0.802776274290544                        0
      2492                        0        0.827449444108849                        0        0.803227008616154        0.803227008616154                        0
      2520                        0        0.827556338484532                        0        0.803425583952065        0.803425583952065                        0
      2548                        0        0.827658135100644                        0        0.803616323108282        0.803616323108282                        0
      2576                        0         0.82800258807221                        0        0.804049069741736        0.804049069741736                        0
      2604                        0        0.828103837884337                        0        0.804238003463118        0.804238003463118                        0
      2632                        0         0.82820034547069                        0        0.804419645147868        0.804419645147868                        0
      2660                        0        0.828531845655796                        0        0.804835685812372        0.804835685812372                        0
      2688                        0        0.828627900784099                        0        0.805015722934732        0.805015722934732                        0
      2716                        0        0.828719534055612                        0        0.805188958515272        0.805188958515272                        0
