#square and square, nu_xymn_1
#MM NN: 2 3
#quadrature order: 16
#numpanels            c*(gradu.n)^2                      BEM        0.5*(gradu)^2 ex.       Boundary Formula 1       Boundary Formula 2
        56                        0        0.564385037116504                        0        0.453201463467462        0.453201463467462                        0
        84                        0        0.619476506708537                        0        0.534230924279446        0.534230924279446                        0
       112                        0        0.637838166205227                        0         0.56170489828618         0.56170489828618                        0
       140                        0        0.653761920269275                        0        0.584400513471351        0.584400513471351                        0
       168                        0        0.663298525369986                        0        0.598893203415359        0.598893203415359                        0
       196                        0        0.670806285572389                        0        0.610262197996181        0.610262197996181                        0
       224                        0        0.678672839035647                        0        0.621265268113868        0.621265268113868                        0
       252                        0        0.683809191349064                        0        0.629055579973395        0.629055579973395                        0
       280                        0        0.687878104493549                        0        0.635266301578155        0.635266301578155                        0
       308                        0        0.692677989810569                        0        0.641930203682975        0.641930203682975                        0
       336                        0        0.695812727762514                        0          0.6467247630482          0.6467247630482                        0
       364                        0        0.698476474234573                        0        0.650814370254214        0.650814370254214                        0
       392                        0        0.701867018340607                        0        0.655493332851234        0.655493332851234                        0
       420                        0        0.704062260684232                        0        0.658868550143853        0.658868550143853                        0
       448                        0        0.705977120655253                        0         0.66182488531415         0.66182488531415                        0
       476                        0        0.708551960828519                        0        0.665361642807559        0.665361642807559                        0
       504                        0        0.710195237634808                        0        0.667901538019603        0.667901538019603                        0
       532                        0        0.711659097254425                        0        0.670172905584263        0.670172905584263                        0
       560                        0        0.713714054532438                        0        0.672984601043271        0.672984601043271                        0
       588                        0          0.7150050551239                        0        0.674989454390396        0.674989454390396                        0
       616                        0        0.716171903590169                        0        0.676808293333563        0.676808293333563                        0
       644                        0        0.717869214896697                        0         0.67912288889124         0.67912288889124                        0
       672                        0        0.718918543599579                        0        0.680759569833573        0.680759569833573                        0
       700                        0         0.71987753112128                        0        0.682260733833892        0.682260733833892                        0
       728                        0        0.721315574146144                        0        0.684216001679254        0.684216001679254                        0
       756                        0        0.722190665372342                        0         0.68558645183427         0.68558645183427                        0
       784                        0        0.722997376873635                        0        0.686854216311915        0.686854216311915                        0
       812                        0        0.724239793861034                        0        0.688539040951229        0.688539040951229                        0
       840                        0        0.724984313738321                        0        0.689709421407273        0.689709421407273                        0
       868                        0        0.725675468957313                        0        0.690799581881317        0.690799581881317                        0
       896                        0        0.726765611442249                        0        0.692274365123666        0.692274365123666                        0
       924                        0        0.727409264307546                        0        0.693289779453323        0.693289779453323                        0
       952                        0        0.728010231761907                        0        0.694240965867938        0.694240965867938                        0
       980                        0        0.728978843970782                        0        0.695548453747156        0.695548453747156                        0
      1008                        0        0.729542634862412                        0        0.696440863170323        0.696440863170323                        0
      1036                        0        0.730071585133725                        0        0.697280801844275        0.697280801844275                        0
      1064                        0        0.730941196005998                        0        0.698452258957085        0.698452258957085                        0
      1092                        0        0.731440457647787                        0        0.699245040759602        0.699245040759602                        0
      1120                        0         0.73191079723541                        0        0.699994229114695        0.699994229114695                        0
      1148                        0        0.732698368180182                        0        0.701053153325883        0.701053153325883                        0
      1176                        0        0.733144592132363                        0        0.701763862321242        0.701763862321242                        0
      1204                        0        0.733566460842344                        0        0.702437832831375        0.702437832831375                        0
      1232                        0        0.734285055225209                        0        0.703402293245342        0.703402293245342                        0
      1260                        0        0.734687048487572                        0        0.704044408376141        0.704044408376141                        0
      1288                        0        0.735068278509863                        0        0.704655180627597        0.704655180627597                        0
      1316                        0        0.735728154297077                        0         0.70553934523502         0.70553934523502                        0
      1344                        0        0.736092796617378                        0        0.706123414756325        0.706123414756325                        0
      1372                        0        0.736439548110813                        0        0.706680459042892        0.706680459042892                        0
      1400                        0        0.737048896038614                        0         0.70749562522743         0.70749562522743                        0
      1428                        0        0.737381651280522                        0        0.708030041024937        0.708030041024937                        0
      1456                        0        0.737698846053548                        0        0.708540936718754        0.708540936718754                        0
      1484                        0        0.738264302114552                        0        0.709296245719603        0.709296245719603                        0
      1512                        0        0.738569572855907                        0        0.709787780953837        0.709787780953837                        0
      1540                        0        0.738861197862836                        0        0.710258677845723        0.710258677845723                        0
      1568                        0        0.739388207652084                        0        0.710961622050043        0.710961622050043                        0
      1596                        0        0.739669586844831                        0        0.711415813219197        0.711415813219197                        0
      1624                        0        0.739938911330855                        0        0.711851762019004        0.711851762019004                        0
      1652                        0        0.740431994523591                        0        0.712508552766245        0.712508552766245                        0
      1680                        0        0.740692447781262                        0         0.71292997679864         0.71292997679864                        0
      1708                        0        0.740942181711186                        0         0.71333517056957         0.71333517056957                        0
      1736                        0        0.741405127617028                        0        0.713951009802797        0.713951009802797                        0
      1764                        0        0.741647127667126                        0        0.714343488688383        0.714343488688383                        0
      1792                        0        0.741879539339961                        0        0.714721442301653        0.714721442301653                        0
      1820                        0        0.742315553888623                        0        0.715300726535517        0.715300726535517                        0
      1848                        0        0.742541181360418                        0        0.715667480906593        0.715667480906593                        0
      1876                        0        0.742758186092637                        0        0.716021166513635        0.716021166513635                        0
      1904                        0         0.74317000395309                        0        0.716567642265478        0.716567642265478                        0
      1932                        0        0.743381024036286                        0        0.716911408346429        0.716911408346429                        0
      1960                        0        0.743584251973498                        0        0.717243359087515        0.717243359087515                        0
      1988                        0         0.74397422322039                        0         0.71776024290923         0.71776024290923                        0
      2016                        0        0.744172144742429                        0        0.718083362747649        0.718083362747649                        0
      2044                        0         0.74436299337313                        0        0.718395753156115        0.718395753156115                        0
      2072                        0        0.744733151290113                        0        0.718885825456626        0.718885825456626                        0
      2100                        0        0.744919272791325                        0        0.719190317374651        0.719190317374651                        0
      2128                        0        0.745098948084864                        0        0.719485026432642        0.719485026432642                        0
      2156                        0        0.745451062795599                        0        0.719950705625814        0.719950705625814                        0
      2184                        0        0.745626508856736                        0        0.720238319827559        0.720238319827559                        0
      2212                        0        0.745796057830906                        0        0.720516980938642        0.720516980938642                        0
      2240                        0        0.746131679147209                        0        0.720960382634736        0.720960382634736                        0
      2268                        0        0.746297429319079                        0        0.721232645537394        0.721232645537394                        0
      2296                        0        0.746457766073224                        0        0.721496686514723        0.721496686514723                        0
      2324                        0        0.746778258044562                        0        0.721919671208951        0.721919671208951                        0
      2352                        0         0.74693517009771                        0        0.722177921106564        0.722177921106564                        0
      2380                        0        0.747087096808294                        0        0.722428596456661        0.722428596456661                        0
      2408                        0        0.747393665818594                        0        0.722832808283386        0.722832808283386                        0
      2436                        0        0.747542494587059                        0        0.723078224281513        0.723078224281513                        0
      2464                        0        0.747686718579505                        0        0.723316641480509        0.723316641480509                        0
      2492                        0        0.747980436374681                        0        0.723703539950637        0.723703539950637                        0
      2520                        0        0.748121849149292                        0        0.723937165627063        0.723937165627063                        0
      2548                        0        0.748258996885596                        0         0.72416430667124         0.72416430667124                        0
      2576                        0        0.748540819584534                        0        0.724535192855161        0.724535192855161                        0
      2604                        0        0.748675408778625                        0        0.724757955746786        0.724757955746786                        0
      2632                        0        0.748806037399425                        0        0.724974694952194        0.724974694952194                        0
      2660                        0        0.749076821296418                        0        0.725330733230125        0.725330733230125                        0
      2688                        0        0.749205114937846                        0        0.725543460990927        0.725543460990927                        0
      2716                        0        0.749329721848818                        0        0.725750579790986        0.725750579790986                        0
