#square and square, nu_xymn_1
#MM NN: 3 2
#quadrature order: 16
#numpanels            c*(gradu.n)^2                      BEM        0.5*(gradu)^2 ex.       Boundary Formula 1       Boundary Formula 2
        56                        0        0.646521031747014                        0        0.545487892921929        0.545487892921929                        0
        84                        0        0.706858667531738                        0        0.630180741111343        0.630180741111343                        0
       112                        0        0.721911124254752                        0        0.651388387664063        0.651388387664063                        0
       140                        0        0.737381031220892                        0         0.67199124692569         0.67199124692569                        0
       168                        0        0.745461972656495                        0        0.684085319687601        0.684085319687601                        0
       196                        0        0.752025852280219                        0        0.693908574245545        0.693908574245545                        0
       224                        0        0.760396250572098                        0        0.705017124242924        0.705017124242924                        0
       252                        0        0.765046478441147                        0        0.712064027222451        0.712064027222451                        0
       280                        0         0.76853543368632                        0        0.717434671859756        0.717434671859756                        0
       308                        0        0.773715242568024                        0        0.724287527974678        0.724287527974678                        0
       336                        0          0.7764854565231                        0        0.728583697988919        0.728583697988919                        0
       364                        0        0.778764585737063                        0        0.732153577369096        0.732153577369096                        0
       392                        0        0.782491444698367                        0        0.737066121022676        0.737066121022676                        0
       420                        0        0.784421778984433                        0        0.740101753401384        0.740101753401384                        0
       448                        0        0.786050170726376                        0        0.742689691853412        0.742689691853412                        0
       476                        0        0.788916271732095                        0        0.746453886753694        0.746453886753694                        0
       504                        0         0.79034919918343                        0        0.748735990653049        0.748735990653049                        0
       532                        0         0.79158705814569                        0        0.750727175400755        0.750727175400755                        0
       560                        0        0.793898401740091                        0        0.753752459516903        0.753752459516903                        0
       588                        0        0.795015833775167                        0        0.755551498527172        0.755551498527172                        0
       616                        0        0.795996775379237                        0        0.757146244010374        0.757146244010374                        0
       644                        0        0.797922395698515                        0          0.7596587124311          0.7596587124311                        0
       672                        0        0.798824073749313                        0        0.761124614505366        0.761124614505366                        0
       700                        0        0.799625563061179                        0        0.762440092959471        0.762440092959471                        0
       728                        0          0.8012691247867                        0        0.764578282519972        0.764578282519972                        0
       756                        0        0.802015834374288                        0        0.765803088547127        0.765803088547127                        0
       784                        0         0.80268613005425                        0        0.766912876285262        0.766912876285262                        0
       812                        0        0.804115263132389                        0        0.768767067356506        0.768767067356506                        0
       840                        0        0.804746257681371                        0        0.769810626642042        0.769810626642042                        0
       868                        0        0.805317219377908                        0        0.770763630257637        0.770763630257637                        0
       896                        0        0.806578341486786                        0        0.772395710994529        0.772395710994529                        0
       924                        0        0.807120263319313                        0          0.7732988914366          0.7732988914366                        0
       952                        0        0.807613881351071                        0        0.774129073977482        0.774129073977482                        0
       980                        0        0.808740129465199                        0        0.775583169438404        0.775583169438404                        0
      1008                        0        0.809211773860448                        0        0.776374961383364        0.776374961383364                        0
      1036                        0        0.809643782193214                        0        0.777106757550227        0.777106757550227                        0
      1064                        0        0.810659582335729                        0        0.778415351574923        0.778415351574923                        0
      1092                        0        0.811074636939495                        0        0.779116974136592        0.779116974136592                        0
      1120                        0        0.811456630283753                        0        0.779768481516264        0.779768481516264                        0
      1148                        0        0.812380470055781                        0        0.780956129104382        0.780956129104382                        0
      1176                        0        0.812749169588892                        0        0.781583522940235        0.781583522940235                        0
      1204                        0        0.813089905945778                        0        0.782168475378037        0.782168475378037                        0
      1232                        0        0.813936093007359                        0         0.78325415584106         0.78325415584106                        0
      1260                        0        0.814266263112936                        0        0.783819562768188        0.783819562768188                        0
      1288                        0        0.814572497926913                        0        0.784348599969086        0.784348599969086                        0
      1316                        0        0.815352317010207                        0        0.785347264166604        0.785347264166604                        0
      1344                        0        0.815650056821176                        0        0.785860264374017        0.785860264374017                        0
      1372                        0          0.8159270956364                        0        0.786341776635369        0.786341776635369                        0
      1400                        0        0.816649594007083                        0        0.787265396589793        0.787265396589793                        0
      1428                        0        0.816919736430388                        0        0.787733610784057        0.787733610784057                        0
      1456                        0        0.817171811852575                        0        0.788174317450168        0.788174317450168                        0
      1484                        0        0.817844347069572                        0        0.789032617770839        0.789032617770839                        0
      1512                        0        0.818090777531222                        0        0.789462195170383        0.789462195170383                        0
      1540                        0        0.818321312915159                        0        0.789867550752896        0.789867550752896                        0
      1568                        0        0.818949943864747                        0          0.7906685303854          0.7906685303854                        0
      1596                        0        0.819175826218473                        0        0.791064495763326        0.791064495763326                        0
      1624                        0        0.819387624233778                        0        0.791438981363191        0.791438981363191                        0
      1652                        0        0.819977396070847                        0         0.79218929348653         0.79218929348653                        0
      1680                        0        0.820185336010868                        0        0.792555799014131        0.792555799014131                        0
      1708                        0        0.820380716139985                        0         0.79290313551178         0.79290313551178                        0
      1736                        0        0.820935871728137                        0        0.793608369222349        0.793608369222349                        0
      1764                        0        0.821128037156262                        0        0.793948880539668        0.793948880539668                        0
      1792                        0        0.821308937705907                        0        0.794272187250504        0.794272187250504                        0
      1820                        0          0.8218330770772                        0        0.794937079831751        0.794937079831751                        0
      1848                        0        0.822011288209737                        0        0.795254515745928        0.795254515745928                        0
      1876                        0        0.822179343176815                        0        0.795556430317502        0.795556430317502                        0
      1904                        0        0.822675545549757                        0        0.796185029544026        0.796185029544026                        0
      1932                        0        0.822841343359577                        0        0.796481868433783        0.796481868433783                        0
      1960                        0        0.822997941164395                        0        0.796764638714725        0.796764638714725                        0
      1988                        0        0.823468859542566                        0        0.797360428587545        0.797360428587545                        0
      2016                        0         0.82362355843305                        0        0.797638790511392        0.797638790511392                        0
      2044                        0        0.823769887368279                        0        0.797904345832271        0.797904345832271                        0
      2072                        0        0.824217822757539                        0        0.798470345150145        0.798470345150145                        0
      2100                        0        0.824362551588478                        0        0.798732055961101        0.798732055961101                        0
      2128                        0        0.824499635394698                        0        0.798982063072702        0.798982063072702                        0
      2156                        0        0.824926595663898                        0        0.799520903549726        0.799520903549726                        0
      2184                        0        0.825062330054655                        0        0.799767545502444        0.799767545502444                        0
      2212                        0        0.825191056061404                        0         0.80000345293292         0.80000345293292                        0
      2240                        0        0.825598803087888                        0        0.800517441722558        0.800517441722558                        0
      2268                        0        0.825726391107998                        0        0.800750393816981        0.800750393816981                        0
      2296                        0        0.825847532709701                        0        0.800973467383754        0.800973467383754                        0
      2324                        0        0.826237620485577                        0        0.801464637577396        0.801464637577396                        0
      2352                        0        0.826357803273907                        0        0.801685108011986        0.801685108011986                        0
      2380                        0        0.826472038041082                        0        0.801896459503436        0.801896459503436                        0
      2408                        0        0.826845843733744                        0        0.802366611264473        0.802366611264473                        0
      2436                        0        0.826959272188211                        0        0.802575663762893        0.802575663762893                        0
      2464                        0        0.827067196581054                        0        0.802776274290544        0.802776274290544                        0
      2492                        0        0.827425946045758                        0        0.803227008616154        0.803227008616154                        0
      2520                        0        0.827533194439172                        0        0.803425583952065        0.803425583952065                        0
      2548                        0        0.827635335852254                        0        0.803616323108282        0.803616323108282                        0
      2576                        0        0.827980124739075                        0        0.804049069741736        0.804049069741736                        0
      2604                        0        0.828081701907769                        0        0.804238003463118        0.804238003463118                        0
      2632                        0        0.828178528599935                        0        0.804419645147868        0.804419645147868                        0
      2660                        0        0.828510339933784                        0        0.804835685812372        0.804835685812372                        0
      2688                        0        0.828606698534011                        0        0.805015722934732        0.805015722934732                        0
