#square and square, nu_xymn_1
#MM NN: 5 3
#quadrature order: 16
#numpanels            c*(gradu.n)^2                      BEM        0.5*(gradu)^2 ex.       Boundary Formula 1       Boundary Formula 2
        56                        0        0.548329164907199                        0        0.453201463467462        0.453201463467462                        0
        84                        0        0.611213938824511                        0        0.534230924279446        0.534230924279446                        0
       112                        0        0.632392431261631                        0         0.56170489828618         0.56170489828618                        0
       140                        0        0.649877935592394                        0        0.584400513471351        0.584400513471351                        0
       168                        0        0.660348021856864                        0        0.598893203415359        0.598893203415359                        0
       196                        0        0.668466861342714                        0        0.610262197996181        0.610262197996181                        0
       224                        0        0.676757821922139                        0        0.621265268113868        0.621265268113868                        0
       252                        0        0.682202846812683                        0        0.629055579973395        0.629055579973395                        0
       280                        0         0.68650445724248                        0        0.635266301578155        0.635266301578155                        0
       308                        0        0.691484895567194                        0        0.641930203682975        0.641930203682975                        0
       336                        0        0.694763075058278                        0          0.6467247630482          0.6467247630482                        0
       364                        0        0.697543045684826                        0        0.650814370254214        0.650814370254214                        0
       392                        0         0.70102934245594                        0        0.655493332851234        0.655493332851234                        0
       420                        0          0.7033046050139                        0        0.658868550143853        0.658868550143853                        0
       448                        0        0.705287168387544                        0         0.66182488531415         0.66182488531415                        0
       476                        0        0.707919912248672                        0        0.665361642807559        0.665361642807559                        0
       504                        0        0.709613184351696                        0        0.667901538019603        0.667901538019603                        0
       532                        0        0.711120576562189                        0        0.670172905584263        0.670172905584263                        0
       560                        0         0.71321372572603                        0        0.672984601043271        0.672984601043271                        0
       588                        0         0.71453846022126                        0        0.674989454390396        0.674989454390396                        0
       616                        0        0.715735287637382                        0        0.676808293333563        0.676808293333563                        0
       644                        0         0.71745938908536                        0         0.67912288889124         0.67912288889124                        0
       672                        0        0.718532779643033                        0        0.680759569833573        0.680759569833573                        0
       700                        0        0.719513478788793                        0        0.682260733833892        0.682260733833892                        0
       728                        0         0.72097119618285                        0        0.684216001679254        0.684216001679254                        0
       756                        0        0.721864185631203                        0         0.68558645183427         0.68558645183427                        0
       784                        0        0.722687238600519                        0        0.686854216311915        0.686854216311915                        0
       812                        0        0.723944625863109                        0        0.688539040951229        0.688539040951229                        0
       840                        0         0.72470290273207                        0        0.689709421407273        0.689709421407273                        0
       868                        0        0.725406736803747                        0        0.690799581881317        0.690799581881317                        0
       896                        0        0.726508596279137                        0        0.692274365123666        0.692274365123666                        0
       924                        0         0.72716310481312                        0        0.693289779453323        0.693289779453323                        0
       952                        0        0.727774153952959                        0        0.694240965867938        0.694240965867938                        0
       980                        0        0.728752150065816                        0        0.695548453747156        0.695548453747156                        0
      1008                        0        0.729324693838063                        0        0.696440863170323        0.696440863170323                        0
      1036                        0        0.729861824677883                        0        0.697280801844275        0.697280801844275                        0
      1064                        0        0.730739095629476                        0        0.698452258957085        0.698452258957085                        0
      1092                        0        0.731245542762074                        0        0.699245040759602        0.699245040759602                        0
      1120                        0        0.731722634040074                        0        0.699994229114695        0.699994229114695                        0
      1148                        0        0.732516559231999                        0        0.701053153325883        0.701053153325883                        0
      1176                        0        0.732968772491097                        0        0.701763862321242        0.701763862321242                        0
      1204                        0        0.733396294706311                        0        0.702437832831375        0.702437832831375                        0
      1232                        0          0.7341202329846                        0        0.703402293245342        0.703402293245342                        0
      1260                        0        0.734527284135433                        0        0.704044408376141        0.704044408376141                        0
      1288                        0        0.734913307360413                        0        0.704655180627597        0.704655180627597                        0
      1316                        0        0.735577730969066                        0         0.70553934523502         0.70553934523502                        0
      1344                        0        0.735946693246752                        0        0.706123414756325        0.706123414756325                        0
      1372                        0        0.736297552762433                        0        0.706680459042892        0.706680459042892                        0
      1400                        0        0.736910811291272                        0         0.70749562522743         0.70749562522743                        0
      1428                        0        0.737247292963291                        0        0.708030041024937        0.708030041024937                        0
      1456                        0        0.737568042114644                        0        0.708540936718754        0.708540936718754                        0
      1484                        0        0.738136891606564                        0        0.709296245719603        0.709296245719603                        0
      1512                        0        0.738445405023448                        0        0.709787780953837        0.709787780953837                        0
      1540                        0          0.7387401313206                        0        0.710258677845723        0.710258677845723                        0
      1568                        0         0.73927010964287                        0        0.710961622050043        0.710961622050043                        0
      1596                        0        0.739554332568483                        0        0.711415813219197        0.711415813219197                        0
      1624                        0        0.739826383336204                        0        0.711851762019004        0.711851762019004                        0
      1652                        0        0.740322082156525                        0        0.712508552766245        0.712508552766245                        0
      1680                        0        0.740585046682869                        0         0.71292997679864         0.71292997679864                        0
      1708                        0        0.740837193360681                        0         0.71333517056957         0.71333517056957                        0
      1736                        0        0.741302458914797                        0        0.713951009802797        0.713951009802797                        0
      1764                        0        0.741546690553784                        0        0.714343488688383        0.714343488688383                        0
      1792                        0        0.741781250447779                        0        0.714721442301653        0.714721442301653                        0
      1820                        0        0.742219334222133                        0        0.715300726535517        0.715300726535517                        0
      1848                        0        0.742446956003326                        0        0.715667480906593        0.715667480906593                        0
      1876                        0        0.742665883938532                        0        0.716021166513635        0.716021166513635                        0
      1904                        0        0.743079557457663                        0        0.716567642265478        0.716567642265478                        0
      1932                        0        0.743292368989078                        0        0.716911408346429        0.716911408346429                        0
      1960                        0        0.743497327287365                        0        0.717243359087515        0.717243359087515                        0
      1988                        0        0.743888970737078                        0         0.71776024290923         0.71776024290923                        0
      2016                        0        0.744088509052819                        0        0.718083362747649        0.718083362747649                        0
      2044                        0        0.744280921650855                        0        0.718395753156115        0.718395753156115                        0
      2072                        0        0.744652593137388                        0        0.718885825456626        0.718885825456626                        0
      2100                        0        0.744840180095942                        0        0.719190317374651        0.719190317374651                        0
      2128                        0        0.745021274887395                        0        0.719485026432642        0.719485026432642                        0
      2156                        0        0.745374765165957                        0        0.719950705625814        0.719950705625814                        0
      2184                        0        0.745551544779337                        0        0.720238319827559        0.720238319827559                        0
      2212                        0        0.745722387097718                        0        0.720516980938642        0.720516980938642                        0
      2240                        0         0.74605926325804                        0        0.720960382634736        0.720960382634736                        0
      2268                        0        0.746226231388562                        0        0.721232645537394        0.721232645537394                        0
      2296                        0         0.74638775074394                        0        0.721496686514723        0.721496686514723                        0
      2324                        0        0.746709391405843                        0        0.721919671208951        0.721919671208951                        0
      2352                        0        0.746867419609695                        0        0.722177921106564        0.722177921106564                        0
      2380                        0        0.747020431230815                        0        0.722428596456661        0.722428596456661                        0
      2408                        0        0.747328055144547                        0        0.722832808283386        0.722832808283386                        0
      2436                        0        0.747477909979935                        0        0.723078224281513        0.723078224281513                        0
      2464                        0        0.747623132314764                        0        0.723316641480509        0.723316641480509                        0
      2492                        0        0.747917821784687                        0        0.723703539950637        0.723703539950637                        0
      2520                        0        0.748060180571575                        0        0.723937165627063        0.723937165627063                        0
      2548                        0        0.748198249614194                        0         0.72416430667124         0.72416430667124                        0
      2576                        0        0.748480969824191                        0        0.724535192855161        0.724535192855161                        0
      2604                        0         0.74861643360166                        0        0.724757955746786        0.724757955746786                        0
      2632                        0        0.748747914705095                        0        0.724974694952194        0.724974694952194                        0
