#square and square, nu_xymn_1
#MM NN: 5 5
#quadrature order: 16
#numpanels            c*(gradu.n)^2                      BEM        0.5*(gradu)^2 ex.       Boundary Formula 1       Boundary Formula 2
        56                        0        0.446142107397726                        0        0.348200735861499        0.348200735861499                        0
        84                        0        0.502616381559548                        0        0.419308114299462        0.419308114299462                        0
       112                        0        0.526498658916267                        0        0.450652299231214        0.450652299231214                        0
       140                        0        0.544750075225518                        0        0.475088716647514        0.475088716647514                        0
       168                        0        0.556989496278072                        0        0.492059575961107        0.492059575961107                        0
       196                        0        0.566391885608986                        0        0.505243474147744        0.505243474147744                        0
       224                        0        0.574603884791579                        0        0.516559773722492        0.516559773722492                        0
       252                        0        0.580780529298563                        0        0.525359011921276        0.525359011921276                        0
       280                        0        0.585847835773398                        0        0.532618600901008        0.532618600901008                        0
       308                        0        0.590698978935108                        0        0.539372938448429        0.539372938448429                        0
       336                        0        0.594476954360696                        0        0.544831565223947        0.544831565223947                        0
       364                        0        0.597750453919719                        0        0.549576608221635        0.549576608221635                        0
       392                        0        0.601066710838323                        0        0.554214363461317        0.554214363461317                        0
       420                        0        0.603689273385106                        0         0.55803635625835         0.55803635625835                        0
       448                        0        0.606025425911701                        0        0.561449289124044        0.561449289124044                        0
       476                        0        0.608484977985844                        0        0.564896599763569        0.564896599763569                        0
       504                        0        0.610441453207428                        0        0.567765833818096        0.567765833818096                        0
       532                        0        0.612218550529232                        0        0.570377060123993        0.570377060123993                        0
       560                        0        0.614144214551295                        0        0.573079128594255        0.573079128594255                        0
       588                        0        0.615678027180608                        0        0.575339467404582        0.575339467404582                        0
       616                        0        0.617090341353656                        0        0.577424166782892        0.577424166782892                        0
       644                        0        0.618656033041219                        0         0.57962233212324         0.57962233212324                        0
       672                        0        0.619901713899191                        0        0.581465349716058        0.581465349716058                        0
       700                        0        0.621060500306758                        0        0.583182254858013        0.583182254858013                        0
       728                        0        0.622369529620946                        0        0.585020452194854        0.585020452194854                        0
       756                        0        0.623408396960016                        0        0.586562630030507        0.586562630030507                        0
       784                        0        0.624382469435463                        0        0.588010469024126        0.588010469024126                        0
       812                        0         0.62550057563584                        0        0.589580546856501        0.589580546856501                        0
       840                        0         0.62638499192773                        0        0.590897244639679        0.590897244639679                        0
       868                        0        0.627219492962016                        0        0.592141074367451        0.592141074367451                        0
       896                        0        0.628190806988077                        0        0.593504816920771        0.593504816920771                        0
       924                        0        0.628956216732641                        0        0.594647244595393        0.594647244595393                        0
       952                        0        0.629682153776937                        0        0.595731918022979        0.595731918022979                        0
       980                        0        0.630537575736093                        0        0.596932652458405        0.596932652458405                        0
      1008                        0        0.631208942782489                        0        0.597936996726304        0.597936996726304                        0
      1036                        0        0.631848417484126                        0        0.598894586183664        0.598894586183664                        0
      1064                        0        0.632610335630599                        0         0.59996374151475         0.59996374151475                        0
      1092                        0        0.633205821995096                        0        0.600856404724826        0.600856404724826                        0
      1120                        0        0.633775074590523                        0        0.601710542229683        0.601710542229683                        0
      1148                        0        0.634460174671782                        0        0.602671563646823        0.602671563646823                        0
      1176                        0        0.634993355115685                        0        0.603472329371444        0.603472329371444                        0
      1204                        0        0.635504626280704                        0        0.604240870659216        0.604240870659216                        0
      1232                        0        0.636125642647746                        0        0.605111664148025        0.605111664148025                        0
      1260                        0        0.636606897154751                        0        0.605835694039029        0.605835694039029                        0
      1288                        0        0.637069614235722                        0        0.606532421195473        0.606532421195473                        0
      1316                        0        0.637636464036275                        0        0.607326939414725        0.607326939414725                        0
      1344                        0        0.638073885976852                        0        0.607986079205254        0.607986079205254                        0
      1372                        0        0.638495445419571                        0        0.608621826791797        0.608621826791797                        0
      1400                        0         0.63901598758567                        0        0.609351131700237        0.609351131700237                        0
      1428                        0        0.639415994813994                        0        0.609954792195664        0.609954792195664                        0
      1456                        0        0.639802293807484                        0        0.610538214294559        0.610538214294559                        0
      1484                        0        0.640282851422398                        0        0.611211209284688        0.611211209284688                        0
      1512                        0        0.640650608726195                        0        0.611766976751005        0.611766976751005                        0
      1540                        0        0.641006415865549                        0        0.612305082923579        0.612305082923579                        0
      1568                        0        0.641452144565143                        0        0.612929029632236        0.612929029632236                        0
      1596                        0        0.641791862663521                        0        0.613443098687659        0.613443098687659                        0
      1624                        0        0.642121082265561                        0        0.613941636920586        0.613941636920586                        0
      1652                        0        0.642536235682052                        0        0.614522527892847        0.614522527892847                        0
      1680                        0        0.642851387278942                        0        0.615000014889654        0.615000014889654                        0
      1708                        0        0.643157251649467                        0        0.615463750663964        0.615463750663964                        0
      1736                        0        0.643545376331884                        0        0.616006583188767        0.616006583188767                        0
      1764                        0        0.643838855132211                        0        0.616451757256238        0.616451757256238                        0
      1792                        0        0.644124066918309                        0        0.616884680513209        0.616884680513209                        0
      1820                        0        0.644488147904223                        0        0.617393661246314        0.617393661246314                        0
      1848                        0        0.644762387588152                        0        0.617810117427611        0.617810117427611                        0
      1876                        0        0.645029226854958                        0        0.618215598489325        0.618215598489325                        0
      1904                        0        0.645371798046566                        0        0.618694298680705        0.618694298680705                        0
      1932                        0        0.645628862607632                        0        0.619085089589476        0.619085089589476                        0
      1960                        0        0.645879268536562                        0        0.619465998296225        0.619465998296225                        0
      1988                        0        0.646202497540916                        0        0.619917473155302        0.619917473155302                        0
      2016                        0        0.646444150800728                        0        0.620285210423461        0.620285210423461                        0
      2044                        0        0.646679784832998                        0        0.620644008339152        0.620644008339152                        0
      2072                        0        0.646985538986262                        0         0.62107088996174         0.62107088996174                        0
      2100                        0        0.647213298737365                        0        0.621417823355748        0.621417823355748                        0
      2128                        0        0.647435593951616                        0        0.621756635962943        0.621756635962943                        0
      2156                        0         0.64772549228297                        0        0.622161206492458        0.622161206492458                        0
      2184                        0         0.64794067292656                        0        0.622489286293165        0.622489286293165                        0
      2212                        0        0.648150873067121                        0         0.62280996012444         0.62280996012444                        0
      2240                        0        0.648426327619641                        0        0.623194209945289        0.623194209945289                        0
      2268                        0        0.648630074084454                        0         0.62350513662934         0.62350513662934                        0
      2296                        0        0.648829264713777                        0        0.623809284921599        0.623809284921599                        0
      2324                        0        0.649091513713949                        0        0.624174959383168        0.624174959383168                        0
      2352                        0        0.649284828690174                        0        0.624470223555454        0.624470223555454                        0
      2380                        0        0.649473962280291                        0        0.624759263061791        0.624759263061791                        0
      2408                        0        0.649724096998483                        0        0.625107900325188        0.625107900325188                        0
      2436                        0        0.649907862992466                        0        0.625388815090376        0.625388815090376                        0
      2464                        0        0.650087779303315                        0        0.625663996007215        0.625663996007215                        0
      2492                        0        0.650326765979362                        0        0.625996957943229        0.625996957943229                        0
      2520                        0        0.650501763316648                        0        0.626264685357025        0.626264685357025                        0
      2548                        0        0.650673206074998                        0        0.626527115842571        0.626527115842571                        0
      2576                        0        0.650901903950025                        0        0.626845613446556        0.626845613446556                        0
      2604                        0        0.651068825578898                        0        0.627101186286127        0.627101186286127                        0
      2632                        0        0.651232456227942                        0        0.627351852691262        0.627351852691262                        0
      2660                        0        0.651451632478031                        0        0.627656967135646        0.627656967135646                        0
