#square and square, nu_xymn_1
#MM NN: 3 5
#quadrature order: 16
#numpanels            c*(gradu.n)^2                      BEM        0.5*(gradu)^2 ex.       Boundary Formula 1       Boundary Formula 2
        56                        0        0.456574468261781                        0        0.348200735861499        0.348200735861499                        0
        84                        0        0.508082856657369                        0        0.419308114299462        0.419308114299462                        0
       112                        0        0.530132071575137                        0        0.450652299231214        0.450652299231214                        0
       140                        0        0.547351107932691                        0        0.475088716647514        0.475088716647514                        0
       168                        0        0.558968959426862                        0        0.492059575961107        0.492059575961107                        0
       196                        0        0.567962760650947                        0        0.505243474147744        0.505243474147744                        0
       224                        0         0.57589029086933                        0        0.516559773722492        0.516559773722492                        0
       252                        0        0.581859730338652                        0        0.525359011921276        0.525359011921276                        0
       280                        0        0.586770688058076                        0        0.532618600901008        0.532618600901008                        0
       308                        0        0.591500449812596                        0        0.539372938448429        0.539372938448429                        0
       336                        0        0.595181961290444                        0        0.544831565223947        0.544831565223947                        0
       364                        0         0.59837728700877                        0        0.549576608221635        0.549576608221635                        0
       392                        0        0.601629135156931                        0        0.554214363461317        0.554214363461317                        0
       420                        0         0.60419787178149                        0         0.55803635625835         0.55803635625835                        0
       448                        0         0.60648848586227                        0        0.561449289124044        0.561449289124044                        0
       476                        0        0.608909094442177                        0        0.564896599763569        0.564896599763569                        0
       504                        0        0.610831948821352                        0        0.567765833818096        0.567765833818096                        0
       532                        0        0.612579775125389                        0        0.570377060123993        0.570377060123993                        0
       560                        0        0.614479762767018                        0        0.573079128594255        0.573079128594255                        0
       588                        0        0.615990899422299                        0        0.575339467404582        0.575339467404582                        0
       616                        0        0.617383064714071                        0        0.577424166782892        0.577424166782892                        0
       644                        0        0.618930753432288                        0         0.57962233212324         0.57962233212324                        0
       672                        0         0.62016026715922                        0        0.581465349716058        0.581465349716058                        0
       700                        0        0.621304467725589                        0        0.583182254858013        0.583182254858013                        0
       728                        0        0.622600281763685                        0        0.585020452194854        0.585020452194854                        0
       756                        0        0.623627128596522                        0        0.586562630030507        0.586562630030507                        0
       784                        0        0.624590227633611                        0        0.588010469024126        0.588010469024126                        0
       812                        0        0.625698282546151                        0        0.589580546856501        0.589580546856501                        0
       840                        0        0.626573463406199                        0        0.590897244639679        0.590897244639679                        0
       868                        0        0.627399453901314                        0        0.592141074367451        0.592141074367451                        0
       896                        0        0.628362904023883                        0        0.593504816920771        0.593504816920771                        0
       924                        0         0.62912102884069                        0        0.594647244595393        0.594647244595393                        0
       952                        0        0.629840201162937                        0        0.595731918022979        0.595731918022979                        0
       980                        0        0.630689327334636                        0        0.596932652458405        0.596932652458405                        0
      1008                        0        0.631354822615419                        0        0.597936996726304        0.597936996726304                        0
      1036                        0        0.631988810078136                        0        0.598894586183664        0.598894586183664                        0
      1064                        0        0.632745590654494                        0         0.59996374151475         0.59996374151475                        0
      1092                        0        0.633336258246379                        0        0.600856404724826        0.600856404724826                        0
      1120                        0        0.633900983436697                        0        0.601710542229683        0.601710542229683                        0
      1148                        0        0.634581823032535                        0        0.602671563646823        0.602671563646823                        0
      1176                        0        0.635110988056754                        0        0.603472329371444        0.603472329371444                        0
      1204                        0        0.635618469277922                        0        0.604240870659216        0.604240870659216                        0
      1232                        0        0.636235903569801                        0        0.605111664148025        0.605111664148025                        0
      1260                        0        0.636713768005141                        0        0.605835694039029        0.605835694039029                        0
      1288                        0        0.637173272687788                        0        0.606532421195473        0.606532421195473                        0
      1316                        0        0.637737074789815                        0        0.607326939414725        0.607326939414725                        0
      1344                        0        0.638171601960372                        0        0.607986079205254        0.607986079205254                        0
      1372                        0        0.638590408858551                        0        0.608621826791797        0.608621826791797                        0
      1400                        0        0.639108330954198                        0        0.609351131700237        0.609351131700237                        0
      1428                        0        0.639505841684547                        0        0.609954792195664        0.609954792195664                        0
      1456                        0        0.639889759611526                        0        0.610538214294559        0.610538214294559                        0
      1484                        0        0.640368044132694                        0        0.611211209284688        0.611211209284688                        0
      1512                        0        0.640733629470184                        0        0.611766976751005        0.611766976751005                        0
      1540                        0        0.641087359477911                        0        0.612305082923579        0.612305082923579                        0
      1568                        0        0.641531100086559                        0        0.612929029632236        0.612929029632236                        0
      1596                        0        0.641868913791729                        0        0.613443098687659        0.613443098687659                        0
      1624                        0        0.642196307764033                        0        0.613941636920586        0.613941636920586                        0
      1652                        0        0.642609709750919                        0        0.614522527892847        0.614522527892847                        0
      1680                        0        0.642923179892239                        0        0.615000014889654        0.615000014889654                        0
      1708                        0        0.643227428862265                        0        0.615463750663964        0.615463750663964                        0
      1736                        0         0.64361400056044                        0        0.616006583188767        0.616006583188767                        0
      1764                        0        0.643905985409911                        0        0.616451757256238        0.616451757256238                        0
      1792                        0        0.644189759129829                        0        0.616884680513209        0.616884680513209                        0
      1820                        0        0.644552455000095                        0        0.617393661246314        0.617393661246314                        0
      1848                        0        0.644825359781619                        0        0.617810117427611        0.617810117427611                        0
      1876                        0        0.645090911802864                        0        0.618215598489325        0.618215598489325                        0
      1904                        0        0.645432241015756                        0        0.618694298680705        0.618694298680705                        0
      1932                        0        0.645688106628245                        0        0.619085089589476        0.619085089589476                        0
      1960                        0        0.645937354543407                        0        0.619465998296225        0.619465998296225                        0
      1988                        0        0.646259464504032                        0        0.619917473155302        0.619917473155302                        0
      2016                        0        0.646500035846074                        0        0.620285210423461        0.620285210423461                        0
      2044                        0        0.646734623354161                        0        0.620644008339152        0.620644008339152                        0
      2072                        0        0.647039364747963                        0         0.62107088996174         0.62107088996174                        0
      2100                        0        0.647266143971462                        0        0.621417823355748        0.621417823355748                        0
      2128                        0        0.647487489446247                        0        0.621756635962943        0.621756635962943                        0
      2156                        0          0.6477764674654                        0        0.622161206492458        0.622161206492458                        0
      2184                        0        0.647990755940273                        0        0.622489286293165        0.622489286293165                        0
      2212                        0        0.648200090843598                        0         0.62280996012444         0.62280996012444                        0
      2240                        0        0.648474705945272                        0        0.623194209945289        0.623194209945289                        0
      2268                        0         0.64867763766297                        0         0.62350513662934         0.62350513662934                        0
      2296                        0        0.648876037224536                        0        0.623809284921599        0.623809284921599                        0
      2324                        0        0.649137517866432                        0        0.624174959383168        0.624174959383168                        0
      2352                        0        0.649330086274933                        0        0.624470223555454        0.624470223555454                        0
      2380                        0        0.649518494216666                        0        0.624759263061791        0.624759263061791                        0
      2408                        0        0.649767923379301                        0        0.625107900325188        0.625107900325188                        0
      2436                        0        0.649951003125954                        0        0.625388815090376        0.625388815090376                        0
      2464                        0        0.650130251752425                        0        0.625663996007215        0.625663996007215                        0
      2492                        0        0.650368588598711                        0        0.625996957943229        0.625996957943229                        0
      2520                        0        0.650542953287218                        0        0.626264685357025        0.626264685357025                        0
      2548                        0        0.650713779936787                        0        0.626527115842571        0.626527115842571                        0
      2576                        0        0.650941877632744                        0        0.626845613446556        0.626845613446556                        0
      2604                        0        0.651108214430916                        0        0.627101186286127        0.627101186286127                        0
      2632                        0        0.651271275043532                        0        0.627351852691262        0.627351852691262                        0
      2660                        0        0.651489895523079                        0        0.627656967135646        0.627656967135646                        0
