#square and square, nu_xymn_1
#MM NN: 4 4
#quadrature order: 16
#numpanels            c*(gradu.n)^2                      BEM        0.5*(gradu)^2 ex.       Boundary Formula 1       Boundary Formula 2
        56                        0        0.494695274727633                        0        0.392670933048714        0.392670933048714                        0
        84                        0        0.552342606439499                        0        0.468991325956727        0.468991325956727                        0
       112                        0        0.574614507963878                        0        0.499278963156602        0.499278963156602                        0
       140                        0        0.592104475988617                        0        0.523097181992823        0.523097181992823                        0
       168                        0          0.6033295648149                        0        0.539065310040936        0.539065310040936                        0
       196                        0        0.611987978511718                        0        0.551472908312439        0.551472908312439                        0
       224                        0        0.620031534252069                        0        0.562581743995039        0.562581743995039                        0
       252                        0        0.625781980715203                        0        0.570925161673869        0.570925161673869                        0
       280                        0        0.630442356067284                        0          0.5777246804446          0.5777246804446                        0
       308                        0        0.635245291483575                        0        0.584387465998113        0.584387465998113                        0
       336                        0        0.638756657611608                        0        0.589547651826148        0.589547651826148                        0
       364                        0        0.641779060617778                        0        0.594003955991293        0.594003955991293                        0
       392                        0        0.645103516690483                        0        0.598619884454103        0.598619884454103                        0
       420                        0         0.64754851532318                        0        0.602241859210924        0.602241859210924                        0
       448                        0        0.649711224642843                        0        0.605454841858798        0.605454841858798                        0
       476                        0        0.652200350047886                        0        0.608910385348876        0.608910385348876                        0
       504                        0        0.654027134449017                        0        0.611633639534696        0.611633639534696                        0
       532                        0        0.655675683728424                        0        0.614097199410734        0.614097199410734                        0
       560                        0        0.657639944417675                        0        0.616822332002103        0.616822332002103                        0
       588                        0        0.659073702673228                        0        0.618970579411677        0.618970579411677                        0
       616                        0        0.660385716252208                        0        0.620940730625221        0.620940730625221                        0
       644                        0         0.66199334400188                        0        0.623169164797352        0.623169164797352                        0
       672                        0        0.663158546721409                        0        0.624922560070309        0.624922560070309                        0
       700                        0         0.66423606660041                        0        0.626547269533699        0.626547269533699                        0
       728                        0        0.665587735124975                        0        0.628419100856343        0.628419100856343                        0
       756                        0        0.666559828844743                        0        0.629887388114618        0.629887388114618                        0
       784                        0        0.667466135024692                        0        0.631258865492841        0.631258865492841                        0
       812                        0        0.668626303990715                        0        0.632863890105633        0.632863890105633                        0
       840                        0        0.669453966487775                        0        0.634118175283614        0.634118175283614                        0
       868                        0        0.670230673072311                        0        0.635297306078719        0.635297306078719                        0
       896                        0        0.671242859395556                        0        0.636696184051485        0.636696184051485                        0
       924                        0        0.671959102491248                        0        0.637784861935577        0.637784861935577                        0
       952                        0        0.672634854739177                        0        0.638813703369423        0.638813703369423                        0
       980                        0        0.673529682621465                        0        0.640049138686363        0.640049138686363                        0
      1008                        0        0.674157793999378                        0         0.64100645567701         0.64100645567701                        0
      1036                        0        0.674753048238304                        0         0.64191513382981         0.64191513382981                        0
      1064                        0        0.675552807105166                        0        0.643018213675225        0.643018213675225                        0
      1092                        0        0.676109752807322                        0        0.643869189169191        0.643869189169191                        0
      1120                        0        0.676639564917087                        0        0.644679937318967        0.644679937318967                        0
      1148                        0        0.677360935331962                        0        0.645673927397016        0.645673927397016                        0
      1176                        0        0.677859411347486                        0        0.646437330802847        0.646437330802847                        0
      1204                        0        0.678335145498873                        0        0.647166971892474        0.647166971892474                        0
      1232                        0        0.678990905602663                        0        0.648069694174555        0.648069694174555                        0
      1260                        0        0.679440629921578                        0        0.648759925099069        0.648759925099069                        0
      1288                        0        0.679871049263613                        0        0.649421460731936        0.649421460731936                        0
      1316                        0        0.680471184444379                        0         0.65024684055907         0.65024684055907                        0
      1344                        0        0.680879740954531                        0        0.650875159957691        0.650875159957691                        0
      1372                        0        0.681271728248987                        0        0.651478822907474        0.651478822907474                        0
      1400                        0        0.681824176469144                        0        0.652237928567873        0.652237928567873                        0
      1428                        0        0.682197583567411                        0        0.652813290191182        0.652813290191182                        0
      1456                        0        0.682556631609913                        0        0.653367262307647        0.653367262307647                        0
      1484                        0        0.683067798136399                        0        0.654069023200381        0.654069023200381                        0
      1512                        0        0.683410902287194                        0        0.654598650279921        0.654598650279921                        0
      1540                        0        0.683741456318607                        0        0.655109564773828        0.655109564773828                        0
      1568                        0        0.684216577901297                        0        0.655761279631388        0.655761279631388                        0
      1596                        0        0.684533332494748                        0        0.656251074286091        0.656251074286091                        0
      1624                        0        0.684839034690219                        0        0.656724375059435        0.656724375059435                        0
      1652                        0        0.685282442747374                        0        0.657332079285548        0.657332079285548                        0
      1680                        0        0.685576109803021                        0        0.657786919184507        0.657786919184507                        0
      1708                        0        0.685859977329512                        0        0.658227122992215        0.658227122992215                        0
      1736                        0        0.686275291750465                        0        0.658795859185118        0.658795859185118                        0
      1764                        0        0.686548590507846                        0        0.659219816458737        0.659219816458737                        0
      1792                        0        0.686813147499675                        0        0.659630707545043        0.659630707545043                        0
      1820                        0        0.687203421761444                        0         0.66016472806984         0.66016472806984                        0
      1848                        0        0.687458639946517                        0        0.660561233491258        0.660561233491258                        0
      1876                        0        0.687706016875834                        0        0.660946010368748        0.660946010368748                        0
      1904                        0        0.688073848345491                        0        0.661448931333945        0.661448931333945                        0
      1932                        0        0.688312926719998                        0        0.661820899261677        0.661820899261677                        0
      1960                        0        0.688544936284491                        0        0.662182286968516        0.662182286968516                        0
      1988                        0        0.688892551199777                        0        0.662657206851351        0.662657206851351                        0
      2016                        0        0.689117148666192                        0         0.66300713157235         0.66300713157235                        0
      2044                        0        0.689335344490821                        0        0.663347468628461        0.663347468628461                        0
      2072                        0        0.689664664238805                        0        0.663797060789759        0.663797060789759                        0
      2100                        0        0.689876208580287                        0        0.664127091704505        0.664127091704505                        0
      2128                        0        0.690081931156643                        0        0.664448398251669        0.664448398251669                        0
      2156                        0        0.690394624546242                        0         0.66487498389525         0.66487498389525                        0
      2184                        0        0.690594352407227                        0        0.665186984834488        0.665186984834488                        0
      2212                        0        0.690788765429698                        0        0.665491016599494        0.665491016599494                        0
      2240                        0        0.691086290339846                        0        0.665896622897835        0.665896622897835                        0
      2268                        0        0.691275279047623                        0        0.666192219391487        0.666192219391487                        0
      2296                        0        0.691459398435739                        0        0.666480510839055        0.666480510839055                        0
      2324                        0        0.691743035310233                        0        0.666866917673896        0.666866917673896                        0
      2352                        0        0.691922228436874                        0        0.667147534964532        0.667147534964532                        0
      2380                        0        0.692096945724962                        0        0.667421434115149        0.667421434115149                        0
      2408                        0        0.692367824744713                        0        0.667790211992565        0.667790211992565                        0
      2436                        0        0.692538052816615                        0        0.668057105866495        0.668057105866495                        0
      2464                        0        0.692704154160295                        0        0.668317802619721        0.668317802619721                        0
      2492                        0         0.69296327746111                        0        0.668670343666666        0.668670343666666                        0
      2520                        0        0.693125274870593                        0        0.668924625658118        0.668924625658118                        0
      2548                        0        0.693283456610727                        0        0.669173175010376        0.669173175010376                        0
      2576                        0        0.693531716585093                        0        0.669510718504343        0.669510718504343                        0
      2604                        0        0.693686135501365                        0        0.669753376648313        0.669753376648313                        0
      2632                        0        0.693837017000387                        0        0.669990717860816        0.669990717860816                        0
      2660                        0        0.694075211478252                        0         0.67031437140415         0.67031437140415                        0
