#square and square, nu_xymn_1
#MM NN: 1 3
#quadrature order: 16
#numpanels            c*(gradu.n)^2                      BEM        0.5*(gradu)^2 ex.       Boundary Formula 1       Boundary Formula 2
        56                        0        0.564957503647286                        0        0.453201463467462        0.453201463467462                        0
        84                        0        0.619782680610951                        0        0.534230924279446        0.534230924279446                        0
       112                        0        0.638042665265014                        0         0.56170489828618         0.56170489828618                        0
       140                        0        0.653910318926688                        0        0.584400513471351        0.584400513471351                        0
       168                        0        0.663412891350537                        0        0.598893203415359        0.598893203415359                        0
       196                        0        0.670898074095971                        0        0.610262197996181        0.610262197996181                        0
       224                        0         0.67874874543909                        0        0.621265268113868        0.621265268113868                        0
       252                        0        0.683873413535277                        0        0.629055579973395        0.629055579973395                        0
       280                        0        0.687933427964507                        0        0.635266301578155        0.635266301578155                        0
       308                        0        0.692726345753832                        0        0.641930203682975        0.641930203682975                        0
       336                        0        0.695855503481774                        0          0.6467247630482          0.6467247630482                        0
       364                        0        0.698514695898581                        0        0.650814370254214        0.650814370254214                        0
       392                        0         0.70190146383163                        0        0.655493332851234        0.655493332851234                        0
       420                        0        0.704093532094503                        0        0.658868550143853        0.658868550143853                        0
       448                        0        0.706005692451189                        0         0.66182488531415         0.66182488531415                        0
       476                        0        0.708578212785063                        0        0.665361642807559        0.665361642807559                        0
       504                        0         0.71021947792629                        0        0.667901538019603        0.667901538019603                        0
       532                        0        0.711681579002884                        0        0.670172905584263        0.670172905584263                        0
       560                        0        0.713734987899189                        0        0.672984601043271        0.672984601043271                        0
       588                        0        0.715024616298328                        0        0.674989454390396        0.674989454390396                        0
       616                        0        0.716190241575992                        0        0.676808293333563        0.676808293333563                        0
       644                        0        0.717886456707221                        0         0.67912288889124         0.67912288889124                        0
       672                        0        0.718934798285418                        0        0.680759569833573        0.680759569833573                        0
       700                        0        0.719892892928965                        0        0.682260733833892        0.682260733833892                        0
       728                        0         0.72133012502127                        0        0.684216001679254        0.684216001679254                        0
       756                        0        0.722204476962465                        0         0.68558645183427         0.68558645183427                        0
       784                        0        0.723010512145138                        0        0.686854216311915        0.686854216311915                        0
       812                        0        0.724252308415098                        0        0.688539040951229        0.688539040951229                        0
       840                        0        0.724996256890151                        0        0.689709421407273        0.689709421407273                        0
       868                        0        0.725686884627465                        0        0.690799581881317        0.690799581881317                        0
       896                        0        0.726776538897615                        0        0.692274365123666        0.692274365123666                        0
       924                        0        0.727419738781151                        0        0.693289779453323        0.693289779453323                        0
       952                        0         0.72802028497432                        0        0.694240965867938        0.694240965867938                        0
       980                        0        0.728988504571114                        0        0.695548453747156        0.695548453747156                        0
      1008                        0        0.729551928803211                        0        0.696440863170323        0.696440863170323                        0
      1036                        0        0.730080535991175                        0        0.697280801844275        0.697280801844275                        0
      1064                        0        0.730949825254662                        0        0.698452258957085        0.698452258957085                        0
      1092                        0        0.731448784897316                        0        0.699245040759602        0.699245040759602                        0
      1120                        0        0.731918840435335                        0        0.699994229114695        0.699994229114695                        0
      1148                        0        0.732706143797739                        0        0.701053153325883        0.701053153325883                        0
      1176                        0        0.733152115307486                        0        0.701763862321242        0.701763862321242                        0
      1204                        0        0.733573745523206                        0        0.702437832831375        0.702437832831375                        0
      1232                        0        0.734292114287142                        0        0.703402293245342        0.703402293245342                        0
      1260                        0        0.734693893837737                        0        0.704044408376141        0.704044408376141                        0
      1288                        0        0.735074921179637                        0        0.704655180627597        0.704655180627597                        0
      1316                        0        0.735734604523847                        0         0.70553934523502         0.70553934523502                        0
      1344                        0        0.736099063917137                        0        0.706123414756325        0.706123414756325                        0
      1372                        0        0.736445641342767                        0        0.706680459042892        0.706680459042892                        0
      1400                        0        0.737054823462827                        0         0.70749562522743         0.70749562522743                        0
      1428                        0        0.737387420609455                        0        0.708030041024937        0.708030041024937                        0
      1456                        0        0.737704464498264                        0        0.708540936718754        0.708540936718754                        0
      1484                        0        0.738269776426216                        0        0.709296245719603        0.709296245719603                        0
      1512                        0        0.738574909363141                        0        0.709787780953837        0.709787780953837                        0
      1540                        0        0.738866402505415                        0        0.710258677845723        0.710258677845723                        0
      1568                        0        0.739393286011388                        0        0.710961622050043        0.710961622050043                        0
      1596                        0        0.739674544171421                        0        0.711415813219197        0.711415813219197                        0
      1624                        0        0.739943752569475                        0        0.711851762019004        0.711851762019004                        0
      1652                        0        0.740436724335899                        0        0.712508552766245        0.712508552766245                        0
      1680                        0        0.740697070566517                        0         0.71292997679864         0.71292997679864                        0
      1708                        0        0.740946701625097                        0         0.71333517056957         0.71333517056957                        0
      1736                        0        0.741409548588977                        0        0.713951009802797        0.713951009802797                        0
      1764                        0        0.741651453415914                        0        0.714343488688383        0.714343488688383                        0
      1792                        0        0.741883773388225                        0        0.714721442301653        0.714721442301653                        0
      1820                        0        0.742319699576063                        0        0.715300726535517        0.715300726535517                        0
      1848                        0        0.742545241855941                        0        0.715667480906593        0.715667480906593                        0
      1876                        0        0.742762164405527                        0        0.716021166513635        0.716021166513635                        0
      1904                        0        0.743173902943293                        0        0.716567642265478        0.716567642265478                        0
      1932                        0        0.743384846423891                        0        0.716911408346429        0.716911408346429                        0
      1960                        0        0.743588000347486                        0        0.717243359087515        0.717243359087515                        0
      1988                        0        0.743977900046725                        0         0.71776024290923         0.71776024290923                        0
      2016                        0        0.744175752371541                        0        0.718083362747649        0.718083362747649                        0
      2044                        0        0.744366534046847                        0        0.718395753156115        0.718395753156115                        0
      2072                        0        0.744736627148084                        0        0.718885825456626        0.718885825456626                        0
      2100                        0        0.744922685876992                        0        0.719190317374651        0.719190317374651                        0
      2128                        0        0.745102300350999                        0        0.719485026432642        0.719485026432642                        0
      2156                        0         0.74545435610946                        0        0.719950705625814        0.719950705625814                        0
      2184                        0        0.745629745004872                        0        0.720238319827559        0.720238319827559                        0
      2212                        0        0.745799238523622                        0        0.720516980938642        0.720516980938642                        0
      2240                        0        0.746134806022743                        0        0.720960382634736        0.720960382634736                        0
      2268                        0        0.746300503947494                        0        0.721232645537394        0.721232645537394                        0
      2296                        0        0.746460789960049                        0        0.721496686514723        0.721496686514723                        0
      2324                        0        0.746781232634192                        0        0.721919671208951        0.721919671208951                        0
      2352                        0        0.746938096776593                        0        0.722177921106564        0.722177921106564                        0
      2380                        0        0.747089976907915                        0        0.722428596456661        0.722428596456661                        0
      2408                        0        0.747396500618266                        0        0.722832808283386        0.722832808283386                        0
      2436                        0        0.747545285316555                        0        0.723078224281513        0.723078224281513                        0
      2464                        0        0.747689466421514                        0        0.723316641480509        0.723316641480509                        0
      2492                        0        0.747983142467127                        0        0.723703539950637        0.723703539950637                        0
      2520                        0        0.748124514587508                        0        0.723937165627063        0.723937165627063                        0
      2548                        0        0.748261622724373                        0         0.72416430667124         0.72416430667124                        0
      2576                        0        0.748543406840044                        0        0.724535192855161        0.724535192855161                        0
      2604                        0        0.748677958430243                        0        0.724757955746786        0.724757955746786                        0
      2632                        0        0.748808550391438                        0        0.724974694952194        0.724974694952194                        0
      2660                        0        0.749079298539642                        0        0.725330733230125        0.725330733230125                        0
      2688                        0        0.749207557311149                        0        0.725543460990927        0.725543460990927                        0
