#square and square, nu_xymn_1
#MM NN: 4 2
#quadrature order: 16
#numpanels            c*(gradu.n)^2                      BEM        0.5*(gradu)^2 ex.       Boundary Formula 1       Boundary Formula 2
        56                        0         0.64094285861522                        0        0.545487892921929        0.545487892921929                        0
        84                        0        0.704061352412723                        0        0.630180741111343        0.630180741111343                        0
       112                        0        0.720092628368334                        0        0.651388387664063        0.651388387664063                        0
       140                        0        0.736092045205707                        0         0.67199124692569         0.67199124692569                        0
       168                        0          0.7444858372875                        0        0.684085319687601        0.684085319687601                        0
       196                        0        0.751253122585545                        0        0.693908574245545        0.693908574245545                        0
       224                        0        0.759764211239163                        0        0.705017124242924        0.705017124242924                        0
       252                        0        0.764516501252346                        0        0.712064027222451        0.712064027222451                        0
       280                        0        0.768082272292354                        0        0.717434671859756        0.717434671859756                        0
       308                        0         0.77332162200846                        0        0.724287527974678        0.724287527974678                        0
       336                        0        0.776139108127676                        0        0.728583697988919        0.728583697988919                        0
       364                        0        0.778456525205636                        0        0.732153577369096        0.732153577369096                        0
       392                        0        0.782214921704096                        0        0.737066121022676        0.737066121022676                        0
       420                        0        0.784171609769862                        0        0.740101753401384        0.740101753401384                        0
       448                        0        0.785822299101328                        0        0.742689691853412        0.742689691853412                        0
       476                        0        0.788707471593417                        0        0.746453886753694        0.746453886753694                        0
       504                        0        0.790156867661113                        0        0.748735990653049        0.748735990653049                        0
       532                        0        0.791409068474319                        0        0.750727175400755        0.750727175400755                        0
       560                        0        0.793732996497485                        0        0.753752459516903        0.753752459516903                        0
       588                        0        0.794861546021907                        0        0.755551498527172        0.755551498527172                        0
       616                        0        0.795852369471606                        0        0.757146244010374        0.757146244010374                        0
       644                        0        0.797786822224538                        0          0.7596587124311          0.7596587124311                        0
       672                        0        0.798696434768883                        0        0.761124614505366        0.761124614505366                        0
       700                        0        0.799505084975271                        0        0.762440092959471        0.762440092959471                        0
       728                        0        0.801155136931185                        0        0.764578282519972        0.764578282519972                        0
       756                        0        0.801907751962302                        0        0.765803088547127        0.765803088547127                        0
       784                        0        0.802583440459211                        0        0.766912876285262        0.766912876285262                        0
       812                        0         0.80401751476414                        0        0.768767067356506        0.768767067356506                        0
       840                        0        0.804653050894603                        0        0.769810626642042        0.769810626642042                        0
       868                        0        0.805228198987561                        0        0.770763630257637        0.770763630257637                        0
       896                        0        0.806493190564692                        0        0.772395710994529        0.772395710994529                        0
       924                        0        0.807038698020268                        0          0.7732988914366          0.7732988914366                        0
       952                        0        0.807535646572028                        0        0.774129073977482        0.774129073977482                        0
       980                        0        0.808664995183246                        0        0.775583169438404        0.775583169438404                        0
      1008                        0        0.809139532027376                        0        0.776374961383364        0.776374961383364                        0
      1036                        0        0.809574244089169                        0        0.777106757550227        0.777106757550227                        0
      1064                        0        0.810592576303697                        0        0.778415351574923        0.778415351574923                        0
      1092                        0        0.811010006437338                        0        0.779116974136592        0.779116974136592                        0
      1120                        0        0.811394232202409                        0        0.779768481516264        0.779768481516264                        0
      1148                        0        0.812320173261569                        0        0.780956129104382        0.780956129104382                        0
      1176                        0        0.812690853655403                        0        0.781583522940235        0.781583522940235                        0
      1204                        0        0.813033460046793                        0        0.782168475378037        0.782168475378037                        0
      1232                        0        0.813881414947133                        0         0.78325415584106         0.78325415584106                        0
      1260                        0        0.814213258474082                        0        0.783819562768188        0.783819562768188                        0
      1288                        0        0.814521079319368                        0        0.784348599969086        0.784348599969086                        0
      1316                        0        0.815302403407357                        0        0.785347264166604        0.785347264166604                        0
      1344                        0          0.8156015729714                        0        0.785860264374017        0.785860264374017                        0
      1372                        0        0.815879971540105                        0        0.786341776635369        0.786341776635369                        0
      1400                        0        0.816603764450724                        0        0.787265396589793        0.787265396589793                        0
      1428                        0        0.816875140570309                        0        0.787733610784057        0.787733610784057                        0
      1456                        0        0.817128392842425                        0        0.788174317450168        0.788174317450168                        0
      1484                        0        0.817802051726021                        0        0.789032617770839        0.789032617770839                        0
      1512                        0        0.818049556033391                        0        0.789462195170383        0.789462195170383                        0
      1540                        0        0.818281118533794                        0        0.789867550752896        0.789867550752896                        0
      1568                        0        0.818910732717725                        0          0.7906685303854          0.7906685303854                        0
      1596                        0        0.819137557049639                        0        0.791064495763326        0.791064495763326                        0
      1624                        0        0.819350258212542                        0        0.791438981363191        0.791438981363191                        0
      1652                        0        0.819940896610249                        0         0.79218929348653         0.79218929348653                        0
      1680                        0        0.820149668602133                        0        0.792555799014131        0.792555799014131                        0
      1708                        0         0.82034584820183                        0         0.79290313551178         0.79290313551178                        0
      1736                        0        0.820901772469284                        0        0.793608369222349        0.793608369222349                        0
      1764                        0        0.821094677449822                        0        0.793948880539668        0.793948880539668                        0
      1792                        0        0.821276289974422                        0        0.794272187250504        0.794272187250504                        0
      1820                        0        0.821801115187296                        0        0.794937079831751        0.794937079831751                        0
      1848                        0        0.821979987375449                        0        0.795254515745928        0.795254515745928                        0
      1876                        0        0.822148679870751                        0        0.795556430317502        0.795556430317502                        0
      1904                        0        0.822645497421344                        0        0.796185029544026        0.796185029544026                        0
      1932                        0        0.822811889159757                        0        0.796481868433783        0.796481868433783                        0
      1960                        0        0.822969060676152                        0        0.796764638714725        0.796764638714725                        0
      1988                        0        0.823440533516757                        0        0.797360428587545        0.797360428587545                        0
      2016                        0        0.823595768529085                        0        0.797638790511392        0.797638790511392                        0
      2044                        0        0.823742616099203                        0        0.797904345832271        0.797904345832271                        0
      2072                        0        0.824191053439142                        0        0.798470345150145        0.798470345150145                        0
      2100                        0        0.824336268292079                        0        0.798732055961101        0.798732055961101                        0
      2128                        0        0.824473822903307                        0        0.798982063072702        0.798982063072702                        0
      2156                        0        0.824901239431466                        0        0.799520903549726        0.799520903549726                        0
      2184                        0        0.825037416168141                        0        0.799767545502444        0.799767545502444                        0
      2212                        0        0.825166571205465                        0         0.80000345293292         0.80000345293292                        0
      2240                        0        0.825574734511945                        0        0.800517441722558        0.800517441722558                        0
      2268                        0        0.825702726595517                        0        0.800750393816981        0.800750393816981                        0
      2296                        0        0.825824260549495                        0        0.800973467383754        0.800973467383754                        0
      2324                        0        0.826214729444989                        0        0.801464637577396        0.801464637577396                        0
      2352                        0        0.826335282573717                        0        0.801685108011986        0.801685108011986                        0
      2380                        0        0.826449877332008                        0        0.801896459503436        0.801896459503436                        0
      2408                        0        0.826824033074437                        0        0.802366611264473        0.802366611264473                        0
      2436                        0        0.826937802024611                        0        0.802575663762893        0.802575663762893                        0
      2464                        0         0.82704605772701                        0        0.802776274290544        0.802776274290544                        0
      2492                        0        0.827405129664842                        0        0.803227008616154        0.803227008616154                        0
      2520                        0        0.827512692027573                        0        0.803425583952065        0.803425583952065                        0
      2548                        0        0.827615139222694                        0        0.803616323108282        0.803616323108282                        0
      2576                        0        0.827960226005674                        0        0.804049069741736        0.804049069741736                        0
