#square and square, nu_xymn_1
#MM NN: 3 3
#quadrature order: 16
#numpanels            c*(gradu.n)^2                      BEM        0.5*(gradu)^2 ex.       Boundary Formula 1       Boundary Formula 2
        56                        0        0.558761525771254                        0        0.453201463467462        0.453201463467462                        0
        84                        0        0.616680413922332                        0        0.534230924279446        0.534230924279446                        0
       112                        0        0.636025843920501                        0         0.56170489828618         0.56170489828618                        0
       140                        0        0.652478968299568                        0        0.584400513471351        0.584400513471351                        0
       168                        0        0.662327485005654                        0        0.598893203415359        0.598893203415359                        0
       196                        0        0.670037736384675                        0        0.610262197996181        0.610262197996181                        0
       224                        0         0.67804422799989                        0        0.621265268113868        0.621265268113868                        0
       252                        0        0.683282047852772                        0        0.629055579973395        0.629055579973395                        0
       280                        0        0.687427309527159                        0        0.635266301578155        0.635266301578155                        0
       308                        0        0.692286366444682                        0        0.641930203682975        0.641930203682975                        0
       336                        0        0.695468081988025                        0          0.6467247630482          0.6467247630482                        0
       364                        0        0.698169878773877                        0        0.650814370254214        0.650814370254214                        0
       392                        0        0.701591766774548                        0        0.655493332851234        0.655493332851234                        0
       420                        0        0.703813203410284                        0        0.658868550143853        0.658868550143853                        0
       448                        0        0.705750228338113                        0         0.66182488531415         0.66182488531415                        0
       476                        0        0.708344028705005                        0        0.665361642807559        0.665361642807559                        0
       504                        0         0.71000367996562                        0        0.667901538019603        0.667901538019603                        0
       532                        0        0.711481801158346                        0        0.670172905584263        0.670172905584263                        0
       560                        0        0.713549273941752                        0        0.672984601043271        0.672984601043271                        0
       588                        0        0.714851332462951                        0        0.674989454390396        0.674989454390396                        0
       616                        0        0.716028010997797                        0        0.676808293333563        0.676808293333563                        0
       644                        0        0.717734109476427                        0         0.67912288889124         0.67912288889124                        0
       672                        0        0.718791332903062                        0        0.680759569833573        0.680759569833573                        0
       700                        0        0.719757446207623                        0        0.682260733833892        0.682260733833892                        0
       728                        0        0.721201948325589                        0        0.684216001679254        0.684216001679254                        0
       756                        0        0.722082917267709                        0         0.68558645183427         0.68558645183427                        0
       784                        0        0.722894996798666                        0        0.686854216311915        0.686854216311915                        0
       812                        0        0.724142332773419                        0        0.688539040951229        0.688539040951229                        0
       840                        0         0.72489137421054                        0        0.689709421407273        0.689709421407273                        0
       868                        0        0.725586697743045                        0        0.690799581881317        0.690799581881317                        0
       896                        0        0.726680693314943                        0        0.692274365123666        0.692274365123666                        0
       924                        0         0.72732791692117                        0        0.693289779453323        0.693289779453323                        0
       952                        0        0.727932201338959                        0        0.694240965867938        0.694240965867938                        0
       980                        0        0.728903901664358                        0        0.695548453747156        0.695548453747156                        0
      1008                        0        0.729470573670994                        0        0.696440863170323        0.696440863170323                        0
      1036                        0        0.730002217271893                        0        0.697280801844275        0.697280801844275                        0
      1064                        0        0.730874350653371                        0        0.698452258957085        0.698452258957085                        0
      1092                        0        0.731375979013357                        0        0.699245040759602        0.699245040759602                        0
      1120                        0        0.731848542886248                        0        0.699994229114695        0.699994229114695                        0
      1148                        0        0.732638207592753                        0        0.701053153325883        0.701053153325883                        0
      1176                        0        0.733086405432166                        0        0.701763862321242        0.701763862321242                        0
      1204                        0        0.733510137703528                        0        0.702437832831375        0.702437832831375                        0
      1232                        0        0.734230493906655                        0        0.703402293245342        0.703402293245342                        0
      1260                        0        0.734634154985823                        0        0.704044408376141        0.704044408376141                        0
      1288                        0         0.73501696581248                        0        0.704655180627597        0.704655180627597                        0
      1316                        0        0.735678341722606                        0         0.70553934523502         0.70553934523502                        0
      1344                        0        0.736044409230271                        0        0.706123414756325        0.706123414756325                        0
      1372                        0        0.736392516201412                        0        0.706680459042892        0.706680459042892                        0
      1400                        0          0.7370031546598                        0         0.70749562522743         0.70749562522743                        0
      1428                        0        0.737337139833843                        0        0.708030041024937        0.708030041024937                        0
      1456                        0        0.737655507918686                        0        0.708540936718754        0.708540936718754                        0
      1484                        0        0.738222084316859                        0        0.709296245719603        0.709296245719603                        0
      1512                        0        0.738528425767436                        0        0.709787780953837        0.709787780953837                        0
      1540                        0        0.738821074932962                        0        0.710258677845723        0.710258677845723                        0
      1568                        0        0.739349065164286                        0        0.710961622050043        0.710961622050043                        0
      1596                        0        0.739631383696693                        0        0.711415813219197        0.711415813219197                        0
      1624                        0        0.739901608834676                        0        0.711851762019004        0.711851762019004                        0
      1652                        0        0.740395556225391                        0        0.712508552766245        0.712508552766245                        0
      1680                        0        0.740656839296166                        0         0.71292997679864         0.71292997679864                        0
      1708                        0        0.740907370573479                        0         0.71333517056957         0.71333517056957                        0
      1736                        0        0.741371083143355                        0        0.713951009802797        0.713951009802797                        0
      1764                        0        0.741613820831485                        0        0.714343488688383        0.714343488688383                        0
      1792                        0          0.7418469426593                        0        0.714721442301653        0.714721442301653                        0
      1820                        0        0.742283641318003                        0        0.715300726535517        0.715300726535517                        0
      1848                        0        0.742509928196794                        0        0.715667480906593        0.715667480906593                        0
      1876                        0        0.742727568886438                        0        0.716021166513635        0.716021166513635                        0
      1904                        0        0.743140000426852                        0        0.716567642265478        0.716567642265478                        0
      1932                        0         0.74335161300969                        0        0.716911408346429        0.716911408346429                        0
      1960                        0        0.743555413294211                        0        0.717243359087515        0.717243359087515                        0
      1988                        0        0.743945937700195                        0         0.71776024290923         0.71776024290923                        0
      2016                        0        0.744144394098164                        0        0.718083362747649        0.718083362747649                        0
      2044                        0        0.744335760172019                        0        0.718395753156115        0.718395753156115                        0
      2072                        0         0.74470641889909                        0        0.718885825456626        0.718885825456626                        0
      2100                        0        0.744893025330041                        0        0.719190317374651        0.719190317374651                        0
      2128                        0        0.745073170382024                        0        0.719485026432642        0.719485026432642                        0
      2156                        0        0.745425740348385                        0        0.719950705625814        0.719950705625814                        0
      2184                        0         0.74560162779305                        0        0.720238319827559        0.720238319827559                        0
      2212                        0        0.745771604874194                        0        0.720516980938642        0.720516980938642                        0
      2240                        0        0.746107641583672                        0        0.720960382634736        0.720960382634736                        0
      2268                        0        0.746273794967077                        0        0.721232645537394        0.721232645537394                        0
      2296                        0          0.7464345232547                        0        0.721496686514723        0.721496686514723                        0
      2324                        0        0.746755395558326                        0        0.721919671208951        0.721919671208951                        0
      2352                        0        0.746912677194454                        0        0.722177921106564        0.722177921106564                        0
      2380                        0        0.747064963167189                        0        0.722428596456661        0.722428596456661                        0
      2408                        0        0.747371881525364                        0        0.722832808283386        0.722832808283386                        0
      2436                        0        0.747521050113422                        0        0.723078224281513        0.723078224281513                        0
      2464                        0        0.747665604763874                        0        0.723316641480509        0.723316641480509                        0
      2492                        0        0.747959644404034                        0        0.723703539950637        0.723703539950637                        0
      2520                        0        0.748101370542149                        0        0.723937165627063        0.723937165627063                        0
      2548                        0        0.748238823475982                        0         0.72416430667124         0.72416430667124                        0
      2576                        0        0.748520943506909                        0        0.724535192855161        0.724535192855161                        0
      2604                        0        0.748655822453677                        0        0.724757955746786        0.724757955746786                        0
      2632                        0        0.748786733520684                        0        0.724974694952194        0.724974694952194                        0
      2660                        0        0.749057792817629                        0        0.725330733230125        0.725330733230125                        0
      2688                        0        0.749186355061061                        0        0.725543460990927        0.725543460990927                        0
