#square and square, nu_xymn_1
#MM NN: 4 3
#quadrature order: 16
#numpanels            c*(gradu.n)^2                      BEM        0.5*(gradu)^2 ex.       Boundary Formula 1       Boundary Formula 2
        56                        0        0.553183352639459                        0        0.453201463467462        0.453201463467462                        0
        84                        0        0.613883098803317                        0        0.534230924279446        0.534230924279446                        0
       112                        0        0.634207348034082                        0         0.56170489828618         0.56170489828618                        0
       140                        0        0.651189982284383                        0        0.584400513471351        0.584400513471351                        0
       168                        0        0.661351349636659                        0        0.598893203415359        0.598893203415359                        0
       196                        0        0.669265006690002                        0        0.610262197996181        0.610262197996181                        0
       224                        0        0.677412188666954                        0        0.621265268113868        0.621265268113868                        0
       252                        0        0.682752070663971                        0        0.629055579973395        0.629055579973395                        0
       280                        0        0.686974148133193                        0        0.635266301578155        0.635266301578155                        0
       308                        0        0.691892745885119                        0        0.641930203682975        0.641930203682975                        0
       336                        0        0.695121733592602                        0          0.6467247630482          0.6467247630482                        0
       364                        0         0.69786181824245                        0        0.650814370254214        0.650814370254214                        0
       392                        0        0.701315243780277                        0        0.655493332851234        0.655493332851234                        0
       420                        0        0.703563034195713                        0        0.658868550143853        0.658868550143853                        0
       448                        0        0.705522356713065                        0         0.66182488531415         0.66182488531415                        0
       476                        0        0.708135228566326                        0        0.665361642807559        0.665361642807559                        0
       504                        0        0.709811348443303                        0        0.667901538019603        0.667901538019603                        0
       532                        0        0.711303811486974                        0        0.670172905584263        0.670172905584263                        0
       560                        0        0.713383868699147                        0        0.672984601043271        0.672984601043271                        0
       588                        0         0.71469704470969                        0        0.674989454390396        0.674989454390396                        0
       616                        0        0.715883605090167                        0        0.676808293333563        0.676808293333563                        0
       644                        0        0.717598536002448                        0         0.67912288889124         0.67912288889124                        0
       672                        0        0.718663693922632                        0        0.680759569833573        0.680759569833573                        0
       700                        0        0.719636968121715                        0        0.682260733833892        0.682260733833892                        0
       728                        0        0.721087960470074                        0        0.684216001679254        0.684216001679254                        0
       756                        0        0.721974834855722                        0         0.68558645183427         0.68558645183427                        0
       784                        0        0.722792307203628                        0        0.686854216311915        0.686854216311915                        0
       812                        0         0.72404458440517                        0        0.688539040951229        0.688539040951229                        0
       840                        0        0.724798167423771                        0        0.689709421407273        0.689709421407273                        0
       868                        0        0.725497677352698                        0        0.690799581881317        0.690799581881317                        0
       896                        0        0.726595542392849                        0        0.692274365123666        0.692274365123666                        0
       924                        0        0.727246351622125                        0        0.693289779453323        0.693289779453323                        0
       952                        0        0.727853966559916                        0        0.694240965867938        0.694240965867938                        0
       980                        0        0.728828767382405                        0        0.695548453747156        0.695548453747156                        0
      1008                        0        0.729398331837922                        0        0.696440863170323        0.696440863170323                        0
      1036                        0        0.729932679167849                        0        0.697280801844275        0.697280801844275                        0
      1064                        0        0.730807344621339                        0        0.698452258957085        0.698452258957085                        0
      1092                        0        0.731311348511201                        0        0.699245040759602        0.699245040759602                        0
      1120                        0        0.731786144804905                        0        0.699994229114695        0.699994229114695                        0
      1148                        0        0.732577910798542                        0        0.701053153325883        0.701053153325883                        0
      1176                        0        0.733028089498678                        0        0.701763862321242        0.701763862321242                        0
      1204                        0        0.733453691804543                        0        0.702437832831375        0.702437832831375                        0
      1232                        0        0.734175815846428                        0        0.703402293245342        0.703402293245342                        0
      1260                        0         0.73458115034697                        0        0.704044408376141        0.704044408376141                        0
      1288                        0        0.734965547204934                        0        0.704655180627597        0.704655180627597                        0
      1316                        0        0.735628428119755                        0         0.70553934523502         0.70553934523502                        0
      1344                        0        0.735995925380495                        0        0.706123414756325        0.706123414756325                        0
      1372                        0        0.736345392105115                        0        0.706680459042892        0.706680459042892                        0
      1400                        0        0.736957325103441                        0         0.70749562522743         0.70749562522743                        0
      1428                        0        0.737292543973764                        0        0.708030041024937        0.708030041024937                        0
      1456                        0        0.737612088908537                        0        0.708540936718754        0.708540936718754                        0
      1484                        0        0.738179788973308                        0        0.709296245719603        0.709296245719603                        0
      1512                        0        0.738487204269605                        0        0.709787780953837        0.709787780953837                        0
      1540                        0        0.738780880551596                        0        0.710258677845723        0.710258677845723                        0
      1568                        0        0.739309854017263                        0        0.710961622050043        0.710961622050043                        0
      1596                        0        0.739593114527857                        0        0.711415813219197        0.711415813219197                        0
      1624                        0        0.739864242813441                        0        0.711851762019004        0.711851762019004                        0
      1652                        0        0.740359056764792                        0        0.712508552766245        0.712508552766245                        0
      1680                        0        0.740621171887431                        0         0.71292997679864         0.71292997679864                        0
      1708                        0        0.740872502635323                        0         0.71333517056957         0.71333517056957                        0
      1736                        0        0.741336983884501                        0        0.713951009802797        0.713951009802797                        0
      1764                        0        0.741580461125045                        0        0.714343488688383        0.714343488688383                        0
      1792                        0        0.741814294927816                        0        0.714721442301653        0.714721442301653                        0
      1820                        0        0.742251679428099                        0        0.715300726535517        0.715300726535517                        0
      1848                        0        0.742478627362506                        0        0.715667480906593        0.715667480906593                        0
      1876                        0        0.742696905580374                        0        0.716021166513635        0.716021166513635                        0
      1904                        0        0.743109952298439                        0        0.716567642265478        0.716567642265478                        0
      1932                        0         0.74332215880987                        0        0.716911408346429        0.716911408346429                        0
      1960                        0        0.743526532805967                        0        0.717243359087515        0.717243359087515                        0
      1988                        0        0.743917611674387                        0         0.71776024290923         0.71776024290923                        0
      2016                        0          0.7441166041942                        0        0.718083362747649        0.718083362747649                        0
      2044                        0        0.744308488902945                        0        0.718395753156115        0.718395753156115                        0
      2072                        0        0.744679649580694                        0        0.718885825456626        0.718885825456626                        0
      2100                        0        0.744866742033642                        0        0.719190317374651        0.719190317374651                        0
      2128                        0        0.745047357890636                        0        0.719485026432642        0.719485026432642                        0
      2156                        0        0.745400384115954                        0        0.719950705625814        0.719950705625814                        0
      2184                        0        0.745576713906537                        0        0.720238319827559        0.720238319827559                        0
      2212                        0        0.745747120018255                        0        0.720516980938642        0.720516980938642                        0
      2240                        0        0.746083573007728                        0        0.720960382634736        0.720960382634736                        0
      2268                        0        0.746250130454597                        0        0.721232645537394        0.721232645537394                        0
      2296                        0        0.746411251094495                        0        0.721496686514723        0.721496686514723                        0
      2324                        0        0.746732504517739                        0        0.721919671208951        0.721919671208951                        0
      2352                        0        0.746890156494262                        0        0.722177921106564        0.722177921106564                        0
      2380                        0        0.747042802458113                        0        0.722428596456661        0.722428596456661                        0
      2408                        0        0.747350070866057                        0        0.722832808283386        0.722832808283386                        0
      2436                        0        0.747499579949822                        0        0.723078224281513        0.723078224281513                        0
      2464                        0        0.747644465909831                        0        0.723316641480509        0.723316641480509                        0
      2492                        0         0.74793882802312                        0        0.723703539950637        0.723703539950637                        0
      2520                        0        0.748080868130548                        0        0.723937165627063        0.723937165627063                        0
      2548                        0        0.748218626846422                        0         0.72416430667124         0.72416430667124                        0
      2576                        0        0.748501044773508                        0        0.724535192855161        0.724535192855161                        0
      2604                        0        0.748636214017694                        0        0.724757955746786        0.724757955746786                        0
      2632                        0        0.748767408057086                        0        0.724974694952194        0.724974694952194                        0
      2660                        0        0.749038743262411                        0        0.725330733230125        0.725330733230125                        0
