#square and square, nu_xymn_1
#MM NN: 4 1
#quadrature order: 16
#numpanels            c*(gradu.n)^2                      BEM        0.5*(gradu)^2 ex.       Boundary Formula 1       Boundary Formula 2
        56                        0        0.814221763196441                        0        0.727662900098558        0.727662900098558                        0
        84                        0        0.881896416873987                        0        0.819238251623399        0.819238251623399                        0
       112                        0        0.889381533165162                        0        0.827977189882786        0.827977189882786                        0
       140                        0         0.90346387034248                        0        0.844489123794455        0.844489123794455                        0
       168                        0        0.908363311668917                        0        0.851862648998677        0.851862648998677                        0
       196                        0        0.912883632511738                        0        0.858673847528564        0.858673847528564                        0
       224                        0        0.922144630849023                        0        0.870039656391853        0.870039656391853                        0
       252                        0        0.925737913619482                        0        0.875632946145446        0.875632946145446                        0
       280                        0        0.928015690492109                        0        0.879365722936608        0.879365722936608                        0
       308                        0        0.933908682612897                        0        0.886621935884587        0.886621935884587                        0
       336                        0         0.93591371195646                        0        0.889941701384333        0.889941701384333                        0
       364                        0        0.937400556535816                        0        0.892497110065584        0.892497110065584                        0
       392                        0        0.941775665562511                        0        0.897891508633624        0.897891508633624                        0
       420                        0        0.943156950095858                        0        0.900260793749933        0.900260793749933                        0
       448                        0         0.94420019584734                        0        0.902128274628725        0.902128274628725                        0
       476                        0        0.947634113586991                        0        0.906356647577717        0.906356647577717                        0
       504                        0         0.94863487008764                        0        0.908131979249033        0.908131979249033                        0
       532                        0         0.94941354364308                        0        0.909574240581491        0.909574240581491                        0
       560                        0        0.952227865547613                        0        0.913032927496239        0.913032927496239                        0
       588                        0        0.952990737368802                        0        0.914426723414041        0.914426723414041                        0
       616                        0        0.953595333135908                        0         0.91558172410006         0.91558172410006                        0
       644                        0        0.955970582522585                        0        0.918494287223701        0.918494287223701                        0
       672                        0        0.956571877270315                        0        0.919623465799227        0.919623465799227                        0
       700                        0        0.957055367190319                        0        0.920574052411077        0.920574052411077                        0
       728                        0        0.959104716439521                        0        0.923081220603378        0.923081220603378                        0
       756                        0        0.959591033899472                        0        0.924018523846634        0.924018523846634                        0
       784                        0        0.959986437059205                        0          0.9248174875204          0.9248174875204                        0
       812                        0        0.961784900277254                        0        0.927012725848697        0.927012725848697                        0
       840                        0        0.962186168348896                        0        0.927805688834883        0.927805688834883                        0
       868                        0        0.962515292699102                        0        0.928488542046375        0.928488542046375                        0
       896                        0        0.964115067548193                        0        0.930436956707826        0.930436956707826                        0
       924                        0         0.96445150401382                        0        0.931118175655057        0.931118175655057                        0
       952                        0        0.964729384764543                        0        0.931709799453847        0.931709799453847                        0
       980                        0        0.966168171656019                        0        0.933458433554542        0.933458433554542                        0
      1008                        0        0.966453962308707                        0        0.934051091332183        0.934051091332183                        0
      1036                        0        0.966691335247584                        0        0.934569508911988        0.934569508911988                        0
      1064                        0        0.967997207856002                        0        0.936153392906829        0.936153392906829                        0
      1092                        0         0.96824262501096                        0        0.936674485693232        0.936674485693232                        0
      1120                        0        0.968447379569593                        0         0.93713311594576         0.93713311594576                        0
      1148                        0        0.969641777483778                        0        0.938578994407323        0.938578994407323                        0
      1176                        0        0.969854456817253                        0        0.939041301433228        0.939041301433228                        0
      1204                        0        0.970032532193151                        0        0.939450368537975        0.939450368537975                        0
      1232                        0        0.971132180644526                        0        0.940779094990199        0.940779094990199                        0
      1260                        0         0.97131792515679                        0        0.941192432915492        0.941192432915492                        0
      1288                        0         0.97147388497615                        0        0.941559881746325        0.941559881746325                        0
      1316                        0        0.972492070611408                        0        0.942788012073977        0.942788012073977                        0
      1344                        0        0.972655375078835                        0        0.943160061772438        0.943160061772438                        0
      1372                        0        0.972792788408032                        0        0.943492171761103        0.943492171761103                        0
      1400                        0        0.973740233146321                        0        0.944633056505996        0.944633056505996                        0
      1428                        0        0.973884636856546                        0        0.944969924459511        0.944969924459511                        0
      1456                        0        0.974006338126609                        0        0.945271732735129        0.945271732735129                        0
      1484                        0        0.974891813495137                        0        0.946336285377484        0.946336285377484                        0
      1512                        0        0.975020143822553                        0        0.946642894777729        0.946642894777729                        0
      1540                        0        0.975128414590783                        0        0.946918494904119        0.946918494904119                        0
      1568                        0        0.975959183510452                        0        0.947915744502753        0.947915744502753                        0
      1596                        0        0.976073728031048                        0        0.948196113905879        0.948196113905879                        0
      1624                        0        0.976170426867732                        0          0.9484488712641          0.9484488712641                        0
      1652                        0        0.976952567740959                        0         0.94938636790147         0.94938636790147                        0
      1680                        0        0.977055198342217                        0        0.949643813732071        0.949643813732071                        0
      1708                        0         0.97714185544173                        0        0.949876523719756        0.949876523719756                        0
      1736                        0        0.977880504128465                        0        0.950760641208552        0.950760641208552                        0
      1764                        0        0.977972768129676                        0        0.950997927536353        0.950997927536353                        0
      1792                        0        0.978050655409491                        0        0.951212933703692        0.951212933703692                        0
      1820                        0        0.978750188759272                        0        0.952049099144671        0.952049099144671                        0
      1848                        0        0.978833376896548                        0        0.952268550220367        0.952268550220367                        0
      1876                        0        0.978903560733041                        0        0.952467833807615        0.952467833807615                        0
      1904                        0        0.979567737768601                        0        0.953260704137466        0.953260704137466                        0
      1932                        0        0.979642935657468                        0        0.953464290151603        0.953464290151603                        0
      1960                        0        0.979706317108711                        0        0.953649538866491        0.953649538866491                        0
      1988                        0        0.980338389025205                        0        0.954403138366985        0.954403138366985                        0
      2016                        0        0.980406516629125                        0        0.954592541645745        0.954592541645745                        0
      2044                        0        0.980463862498204                        0        0.954765203140902        0.954765203140902                        0
      2072                        0        0.981066659362676                        0        0.955483031782188        0.955483031782188                        0
      2100                        0         0.98112850162519                        0        0.955659698481966        0.955659698481966                        0
      2128                        0        0.981180468722852                        0        0.955821022396729        0.955821022396729                        0
      2156                        0        0.981756468533413                        0        0.956506142101722        0.956506142101722                        0
      2184                        0         0.98181269941117                        0        0.956671323010079        0.956671323010079                        0
      2212                        0        0.981859853703953                        0        0.956822394358156        0.956822394358156                        0
      2240                        0         0.98241123793043                        0        0.957477498350326        0.957477498350326                        0
      2268                        0        0.982462439437664                        0        0.957632281405734        0.957632281405734                        0
      2296                        0        0.982505271304239                        0        0.957774047338654        0.957774047338654                        0
      2324                        0        0.983033969953658                        0        0.958401516383064        0.958401516383064                        0
      2352                        0        0.983080647391388                        0        0.958546852825522        0.958546852825522                        0
      2380                        0        0.983119583885112                        0        0.958680144270987        0.958680144270987                        0
      2408                        0        0.983627312368891                        0        0.959282092663622        0.959282092663622                        0
      2436                        0        0.983669906606646                        0         0.95941881823917         0.95941881823917                        0
      2464                        0        0.983705321391244                        0        0.959544367533063        0.959544367533063                        0
      2492                        0        0.984193610912581                        0        0.960122680986485        0.960122680986485                        0
      2520                        0        0.984232508371236                        0        0.960251533275082        0.960251533275082                        0
      2548                        0        0.984264729832128                        0        0.960369988636094        0.960369988636094                        0
      2576                        0        0.984734952608971                        0        0.960926355710004        0.960926355710004                        0
      2604                        0        0.984770493433547                        0        0.961047988385043        0.961047988385043                        0
      2632                        0        0.984799811346305                        0         0.96115992587865         0.96115992587865                        0
      2660                        0        0.985253201685494                        0        0.961695864228251        0.961695864228251                        0
      2688                        0        0.985285686481295                        0        0.961810858869191        0.961810858869191                        0
