#square and square, nu_xymn_1
#MM NN: 1 5
#quadrature order: 16
#numpanels            c*(gradu.n)^2                      BEM        0.5*(gradu)^2 ex.       Boundary Formula 1       Boundary Formula 2
        56                        0        0.462770446137813                        0        0.348200735861499        0.348200735861499                        0
        84                        0        0.511185123345989                        0        0.419308114299462        0.419308114299462                        0
       112                        0         0.53214889291965                        0        0.450652299231214        0.450652299231214                        0
       140                        0        0.548782458559811                        0        0.475088716647514        0.475088716647514                        0
       168                        0        0.560054365771745                        0        0.492059575961107        0.492059575961107                        0
       196                        0        0.568823098362243                        0        0.505243474147744        0.505243474147744                        0
       224                        0         0.57659480830853                        0        0.516559773722492        0.516559773722492                        0
       252                        0        0.582451096021157                        0        0.525359011921276        0.525359011921276                        0
       280                        0        0.587276806495425                        0        0.532618600901008        0.532618600901008                        0
       308                        0        0.591940429121746                        0        0.539372938448429        0.539372938448429                        0
       336                        0        0.595569382784192                        0        0.544831565223947        0.544831565223947                        0
       364                        0        0.598722104133474                        0        0.549576608221635        0.549576608221635                        0
       392                        0        0.601938832214013                        0        0.554214363461317        0.554214363461317                        0
       420                        0         0.60447820046571                        0         0.55803635625835         0.55803635625835                        0
       448                        0        0.606743949975346                        0        0.561449289124044        0.561449289124044                        0
       476                        0        0.609143278522235                        0        0.564896599763569        0.564896599763569                        0
       504                        0        0.611047746782022                        0        0.567765833818096        0.567765833818096                        0
       532                        0        0.612779552969926                        0        0.570377060123993        0.570377060123993                        0
       560                        0        0.614665476724455                        0        0.573079128594255        0.573079128594255                        0
       588                        0        0.616164183257676                        0        0.575339467404582        0.575339467404582                        0
       616                        0        0.617545295292266                        0        0.577424166782892        0.577424166782892                        0
       644                        0        0.619083100663081                        0         0.57962233212324         0.57962233212324                        0
       672                        0        0.620303732541576                        0        0.581465349716058        0.581465349716058                        0
       700                        0         0.62143991444693                        0        0.583182254858013        0.583182254858013                        0
       728                        0        0.622728458459365                        0        0.585020452194854        0.585020452194854                        0
       756                        0        0.623748688291278                        0        0.586562630030507        0.586562630030507                        0
       784                        0        0.624705742980083                        0        0.588010469024126        0.588010469024126                        0
       812                        0         0.62580825818783                        0        0.589580546856501        0.589580546856501                        0
       840                        0         0.62667834608581                        0        0.590897244639679        0.590897244639679                        0
       868                        0        0.627499640785734                        0        0.592141074367451        0.592141074367451                        0
       896                        0        0.628458749606555                        0        0.593504816920771        0.593504816920771                        0
       924                        0        0.629212850700672                        0        0.594647244595393        0.594647244595393                        0
       952                        0        0.629928284798298                        0        0.595731918022979        0.595731918022979                        0
       980                        0        0.630773930241392                        0        0.596932652458405        0.596932652458405                        0
      1008                        0        0.631436177747636                        0        0.597936996726304        0.597936996726304                        0
      1036                        0        0.632067128797418                        0        0.598894586183664        0.598894586183664                        0
      1064                        0        0.632821065255786                        0         0.59996374151475         0.59996374151475                        0
      1092                        0        0.633409064130338                        0        0.600856404724826        0.600856404724826                        0
      1120                        0        0.633971280985783                        0        0.601710542229683        0.601710542229683                        0
      1148                        0        0.634649759237521                        0        0.602671563646823        0.602671563646823                        0
      1176                        0        0.635176697932073                        0        0.603472329371444        0.603472329371444                        0
      1204                        0          0.6356820770976                        0        0.604240870659216        0.604240870659216                        0
      1232                        0        0.636297523950287                        0        0.605111664148025        0.605111664148025                        0
      1260                        0        0.636773506857055                        0        0.605835694039029        0.605835694039029                        0
      1288                        0        0.637231228054946                        0        0.606532421195473        0.606532421195473                        0
      1316                        0        0.637793337591056                        0        0.607326939414725        0.607326939414725                        0
      1344                        0        0.638226256647238                        0        0.607986079205254        0.607986079205254                        0
      1372                        0        0.638643533999905                        0        0.608621826791797        0.608621826791797                        0
      1400                        0        0.639159999757226                        0        0.609351131700237        0.609351131700237                        0
      1428                        0         0.63955612246016                        0        0.609954792195664        0.609954792195664                        0
      1456                        0        0.639938716191103                        0        0.610538214294559        0.610538214294559                        0
      1484                        0        0.640415736242051                        0        0.611211209284688        0.611211209284688                        0
      1512                        0        0.640780113065888                        0        0.611766976751005        0.611766976751005                        0
      1540                        0        0.641132687050363                        0        0.612305082923579        0.612305082923579                        0
      1568                        0        0.641575320933661                        0        0.612929029632236        0.612929029632236                        0
      1596                        0        0.641912074266457                        0        0.613443098687659        0.613443098687659                        0
      1624                        0        0.642238451498832                        0        0.613941636920586        0.613941636920586                        0
      1652                        0        0.642650877861428                        0        0.614522527892847        0.614522527892847                        0
      1680                        0         0.64296341116259                        0        0.615000014889654        0.615000014889654                        0
      1708                        0        0.643266759913883                        0        0.615463750663964        0.615463750663964                        0
      1736                        0        0.643652466006063                        0        0.616006583188767        0.616006583188767                        0
      1764                        0        0.643943617994341                        0        0.616451757256238        0.616451757256238                        0
      1792                        0        0.644226589858755                        0        0.616884680513209        0.616884680513209                        0
      1820                        0        0.644588513258155                        0        0.617393661246314        0.617393661246314                        0
      1848                        0        0.644860673440767                        0        0.617810117427611        0.617810117427611                        0
      1876                        0        0.645125507321953                        0        0.618215598489325        0.618215598489325                        0
      1904                        0        0.645466143532196                        0        0.618694298680705        0.618694298680705                        0
      1932                        0        0.645721340042446                        0        0.619085089589476        0.619085089589476                        0
      1960                        0        0.645969941596682                        0        0.619465998296225        0.619465998296225                        0
      1988                        0        0.646291426850562                        0        0.619917473155302        0.619917473155302                        0
      2016                        0        0.646531394119451                        0        0.620285210423461        0.620285210423461                        0
      2044                        0        0.646765397228989                        0        0.620644008339152        0.620644008339152                        0
      2072                        0        0.647069572996957                        0         0.62107088996174         0.62107088996174                        0
      2100                        0        0.647295804518414                        0        0.621417823355748        0.621417823355748                        0
      2128                        0        0.647516619415221                        0        0.621756635962943        0.621756635962943                        0
      2156                        0        0.647805083226474                        0        0.622161206492458        0.622161206492458                        0
      2184                        0        0.648018873152094                        0        0.622489286293165        0.622489286293165                        0
      2212                        0        0.648227724493026                        0         0.62280996012444         0.62280996012444                        0
      2240                        0        0.648501870384343                        0        0.623194209945289        0.623194209945289                        0
      2268                        0        0.648704346643387                        0         0.62350513662934         0.62350513662934                        0
      2296                        0        0.648902303929886                        0        0.623809284921599        0.623809284921599                        0
      2324                        0        0.649163354942299                        0        0.624174959383168        0.624174959383168                        0
      2352                        0        0.649355505857073                        0        0.624470223555454        0.624470223555454                        0
      2380                        0        0.649543507957392                        0        0.624759263061791        0.624759263061791                        0
      2408                        0        0.649792542472204                        0        0.625107900325188        0.625107900325188                        0
      2436                        0        0.649975238329085                        0        0.625388815090376        0.625388815090376                        0
      2464                        0        0.650154113410065                        0        0.625663996007215        0.625663996007215                        0
      2492                        0        0.650392086661804                        0        0.625996957943229        0.625996957943229                        0
      2520                        0        0.650566097332579                        0        0.626264685357025        0.626264685357025                        0
      2548                        0        0.650736579185177                        0        0.626527115842571        0.626527115842571                        0
      2576                        0         0.65096434096588                        0        0.626845613446556        0.626845613446556                        0
      2604                        0        0.651130350407481                        0        0.627101186286127        0.627101186286127                        0
      2632                        0        0.651293091914287                        0        0.627351852691262        0.627351852691262                        0
      2660                        0        0.651511401245091                        0        0.627656967135646        0.627656967135646                        0
