#square and square, nu_xymn_1
#MM NN: 2 1
#quadrature order: 16
#numpanels            c*(gradu.n)^2                      BEM        0.5*(gradu)^2 ex.       Boundary Formula 1       Boundary Formula 2
        56                        0        0.825423447673485                        0        0.727662900098558        0.727662900098558                        0
        84                        0        0.887489824779208                        0        0.819238251623399        0.819238251623399                        0
       112                        0        0.893012351336308                        0        0.827977189882786        0.827977189882786                        0
       140                        0        0.906035808327371                        0        0.844489123794455        0.844489123794455                        0
       168                        0        0.910310487402244                        0        0.851862648998677        0.851862648998677                        0
       196                        0        0.914424911394125                        0        0.858673847528564        0.858673847528564                        0
       224                        0        0.923405281217715                        0        0.870039656391853        0.870039656391853                        0
       252                        0        0.926795034304575                        0        0.875632946145446        0.875632946145446                        0
       280                        0        0.928919646852465                        0        0.879365722936608        0.879365722936608                        0
       308                        0        0.934693926538349                        0        0.886621935884587        0.886621935884587                        0
       336                        0        0.936604706126373                        0        0.889941701384333        0.889941701384333                        0
       364                        0        0.938015212527938                        0        0.892497110065584        0.892497110065584                        0
       392                        0        0.942327440122841                        0        0.897891508633624        0.897891508633624                        0
       420                        0        0.943656176584376                        0        0.900260793749933        0.900260793749933                        0
       448                        0        0.944654959789528                        0        0.902128274628725        0.902128274628725                        0
       476                        0        0.948050845849185                        0        0.906356647577717        0.906356647577717                        0
       504                        0        0.949018759279145                        0        0.908131979249033        0.908131979249033                        0
       532                        0        0.949768829410529                        0        0.909574240581491        0.909574240581491                        0
       560                        0        0.952558051380904                        0        0.913032927496239        0.913032927496239                        0
       588                        0        0.953298747783012                        0        0.914426723414041        0.914426723414041                        0
       616                        0        0.953883631635911                        0         0.91558172410006         0.91558172410006                        0
       644                        0        0.956241261416833                        0        0.918494287223701        0.918494287223701                        0
       672                        0        0.956826726947263                        0        0.919623465799227        0.919623465799227                        0
       700                        0        0.957295930189885                        0        0.920574052411077        0.920574052411077                        0
       728                        0        0.959332330115591                        0        0.923081220603378        0.923081220603378                        0
       756                        0        0.959806864416091                        0        0.924018523846634        0.924018523846634                        0
       784                        0        0.960191506729212                        0          0.9248174875204          0.9248174875204                        0
       812                        0        0.961980109733118                        0        0.927012725848697        0.927012725848697                        0
       840                        0        0.962372314663446                        0        0.927805688834883        0.927805688834883                        0
       868                        0        0.962693084303716                        0        0.928488542046375        0.928488542046375                        0
       896                        0        0.964285136597594                        0        0.930436956707826        0.930436956707826                        0
       924                        0        0.964614416699241                        0        0.931118175655057        0.931118175655057                        0
       952                        0        0.964885649966535                        0        0.931709799453847        0.931709799453847                        0
       980                        0        0.966318248244396                        0        0.933458433554542        0.933458433554542                        0
      1008                        0        0.966598265333197                        0        0.934051091332183        0.934051091332183                        0
      1036                        0        0.966830241213458                        0        0.934569508911988        0.934569508911988                        0
      1064                        0        0.968131059240662                        0        0.936153392906829        0.936153392906829                        0
      1092                        0        0.968371734147545                        0        0.936674485693232        0.936674485693232                        0
      1120                        0        0.968572032000099                        0         0.93713311594576         0.93713311594576                        0
      1148                        0        0.969762234865418                        0        0.938578994407323        0.938578994407323                        0
      1176                        0        0.969970959450938                        0        0.939041301433228        0.939041301433228                        0
      1204                        0        0.970145301230953                        0        0.939450368537975        0.939450368537975                        0
      1232                        0        0.971241420023306                        0        0.940779094990199        0.940779094990199                        0
      1260                        0        0.971423823297393                        0        0.941192432915492        0.941192432915492                        0
      1288                        0        0.971576616281078                        0        0.941559881746325        0.941559881746325                        0
      1316                        0         0.97259179678873                        0        0.942788012073977        0.942788012073977                        0
      1344                        0        0.972752246315717                        0        0.943160061772438        0.943160061772438                        0
      1372                        0        0.972886944413729                        0        0.943492171761103        0.943492171761103                        0
      1400                        0        0.973831804081493                        0        0.944633056505996        0.944633056505996                        0
      1428                        0        0.973973744163304                        0        0.944969924459511        0.944969924459511                        0
      1456                        0         0.97409309527162                        0        0.945271732735129        0.945271732735129                        0
      1484                        0         0.97497632663638                        0        0.946336285377484        0.946336285377484                        0
      1512                        0        0.975102512408854                        0        0.946642894777729        0.946642894777729                        0
      1540                        0        0.975208731902022                        0        0.946918494904119        0.946918494904119                        0
      1568                        0        0.976037537145273                        0        0.947915744502753        0.947915744502753                        0
      1596                        0        0.976150200348022                        0        0.948196113905879        0.948196113905879                        0
      1624                        0        0.976245095385146                        0          0.9484488712641          0.9484488712641                        0
      1652                        0        0.977025505499757                        0         0.94938636790147         0.94938636790147                        0
      1680                        0        0.977126474236048                        0        0.949643813732071        0.949643813732071                        0
      1708                        0        0.977211534517593                        0        0.949876523719756        0.949876523719756                        0
      1736                        0         0.97794864786099                        0        0.950760641208552        0.950760641208552                        0
      1764                        0        0.978039434671758                        0        0.950997927536353        0.950997927536353                        0
      1792                        0        0.978115899821637                        0        0.951212933703692        0.951212933703692                        0
      1820                        0        0.978814063219798                        0        0.952049099144671        0.952049099144671                        0
      1848                        0        0.978895930894458                        0        0.952268550220367        0.952268550220367                        0
      1876                        0        0.978964841245304                        0        0.952467833807615        0.952467833807615                        0
      1904                        0        0.979627789423251                        0        0.953260704137466        0.953260704137466                        0
      1932                        0        0.979701800883883                        0        0.953464290151603        0.953464290151603                        0
      1960                        0        0.979764036276241                        0        0.953649538866491        0.953649538866491                        0
      1988                        0        0.980395000571209                        0        0.954403138366985        0.954403138366985                        0
      2016                        0        0.980462057177353                        0        0.954592541645745        0.954592541645745                        0
      2044                        0         0.98051836696839                        0        0.954765203140902        0.954765203140902                        0
      2072                        0        0.981120161072097                        0        0.955483031782188        0.955483031782188                        0
      2100                        0        0.981181032382872                        0        0.955659698481966        0.955659698481966                        0
      2128                        0        0.981232058917081                        0        0.955821022396729        0.955821022396729                        0
      2156                        0        0.981807147213059                        0        0.956506142101722        0.956506142101722                        0
      2184                        0        0.981862494361369                        0        0.956671323010079        0.956671323010079                        0
      2212                        0        0.981908791516604                        0        0.956822394358156        0.956822394358156                        0
      2240                        0         0.98245934406991                        0        0.957477498350326        0.957477498350326                        0
      2268                        0        0.982509738302145                        0        0.957632281405734        0.957632281405734                        0
      2296                        0        0.982551786282968                        0        0.957774047338654        0.957774047338654                        0
      2324                        0        0.983079723480481                        0        0.958401516383064        0.958401516383064                        0
      2352                        0        0.983125660994835                        0        0.958546852825522        0.958546852825522                        0
      2380                        0        0.983163878235293                        0        0.958680144270987        0.958680144270987                        0
      2408                        0        0.983670907321428                        0        0.959282092663622        0.959282092663622                        0
      2436                        0        0.983712821243885                        0         0.95941881823917         0.95941881823917                        0
      2464                        0        0.983747574060918                        0        0.959544367533063        0.959544367533063                        0
      2492                        0         0.98423521926414                        0        0.960122680986485        0.960122680986485                        0
      2520                        0        0.984273489389978                        0        0.960251533275082        0.960251533275082                        0
      2548                        0        0.984305099871302                        0        0.960369988636094        0.960369988636094                        0
      2576                        0        0.984774727419998                        0        0.960926355710004        0.960926355710004                        0
      2604                        0        0.984809688194476                        0        0.961047988385043        0.961047988385043                        0
      2632                        0        0.984838440688645                        0         0.96115992587865         0.96115992587865                        0
      2660                        0        0.985291279719499                        0        0.961695864228251        0.961695864228251                        0
      2688                        0        0.985323226819846                        0        0.961810858869191        0.961810858869191                        0
      2716                        0        0.985349373310227                        0        0.961916792359053        0.961916792359053                        0
