#square and square, nu_xymn_1
#MM NN: 2 2
#quadrature order: 16
#numpanels            c*(gradu.n)^2                      BEM        0.5*(gradu)^2 ex.       Boundary Formula 1       Boundary Formula 2
        56                        0        0.652144543092264                        0        0.545487892921929        0.545487892921929                        0
        84                        0        0.709654760317943                        0        0.630180741111343        0.630180741111343                        0
       112                        0         0.72372344653948                        0        0.651388387664063        0.651388387664063                        0
       140                        0        0.738663983190598                        0         0.67199124692569         0.67199124692569                        0
       168                        0        0.746433013020827                        0        0.684085319687601        0.684085319687601                        0
       196                        0        0.752794401467932                        0        0.693908574245545        0.693908574245545                        0
       224                        0        0.761024861607855                        0        0.705017124242924        0.705017124242924                        0
       252                        0        0.765573621937439                        0        0.712064027222451        0.712064027222451                        0
       280                        0         0.76898622865271                        0        0.717434671859756        0.717434671859756                        0
       308                        0        0.774106865933911                        0        0.724287527974678        0.724287527974678                        0
       336                        0        0.776830102297589                        0        0.728583697988919        0.728583697988919                        0
       364                        0        0.779071181197759                        0        0.732153577369096        0.732153577369096                        0
       392                        0        0.782766696264426                        0        0.737066121022676        0.737066121022676                        0
       420                        0        0.784670836258381                        0        0.740101753401384        0.740101753401384                        0
       448                        0        0.786277063043516                        0        0.742689691853412        0.742689691853412                        0
       476                        0         0.78912420385561                        0        0.746453886753694        0.746453886753694                        0
       504                        0        0.790540756852618                        0        0.748735990653049        0.748735990653049                        0
       532                        0        0.791764354241769                        0        0.750727175400755        0.750727175400755                        0
       560                        0        0.794063182330776                        0        0.753752459516903        0.753752459516903                        0
       588                        0        0.795169556436117                        0        0.755551498527172        0.755551498527172                        0
       616                        0        0.796140667971609                        0        0.757146244010374        0.757146244010374                        0
       644                        0        0.798057501118786                        0          0.7596587124311          0.7596587124311                        0
       672                        0        0.798951284445831                        0        0.761124614505366        0.761124614505366                        0
       700                        0        0.799745647974837                        0        0.762440092959471        0.762440092959471                        0
       728                        0        0.801382750607254                        0        0.764578282519972        0.764578282519972                        0
       756                        0        0.802123582478921                        0        0.765803088547127        0.765803088547127                        0
       784                        0        0.802788510129219                        0        0.766912876285262        0.766912876285262                        0
       812                        0        0.804212724220004                        0        0.768767067356506        0.768767067356506                        0
       840                        0        0.804839197209153                        0        0.769810626642042        0.769810626642042                        0
       868                        0        0.805405990592177                        0        0.770763630257637        0.770763630257637                        0
       896                        0        0.806663259614093                        0        0.772395710994529        0.772395710994529                        0
       924                        0        0.807201610705689                        0          0.7732988914366          0.7732988914366                        0
       952                        0         0.80769191177402                        0        0.774129073977482        0.774129073977482                        0
       980                        0        0.808815071771622                        0        0.775583169438404        0.775583169438404                        0
      1008                        0        0.809283835051868                        0        0.776374961383364        0.776374961383364                        0
      1036                        0        0.809713150055045                        0        0.777106757550227        0.777106757550227                        0
      1064                        0        0.810726427688356                        0        0.778415351574923        0.778415351574923                        0
      1092                        0        0.811139115573924                        0        0.779116974136592        0.779116974136592                        0
      1120                        0        0.811518884632915                        0        0.779768481516264        0.779768481516264                        0
      1148                        0        0.812440630643209                        0        0.780956129104382        0.780956129104382                        0
      1176                        0        0.812807356289089                        0        0.781583522940235        0.781583522940235                        0
      1204                        0        0.813146229084593                        0        0.782168475378037        0.782168475378037                        0
      1232                        0        0.813990654325912                        0         0.78325415584106         0.78325415584106                        0
      1260                        0        0.814319156614684                        0        0.783819562768188        0.783819562768188                        0
      1288                        0        0.814623810624295                        0        0.784348599969086        0.784348599969086                        0
      1316                        0        0.815402129584678                        0        0.785347264166604        0.785347264166604                        0
      1344                        0        0.815698444208282                        0        0.785860264374017        0.785860264374017                        0
      1372                        0        0.815974127545802                        0        0.786341776635369        0.786341776635369                        0
      1400                        0        0.816695335385897                        0        0.787265396589793        0.787265396589793                        0
      1428                        0        0.816964247877067                        0        0.787733610784057        0.787733610784057                        0
      1456                        0        0.817215149987436                        0        0.788174317450168        0.788174317450168                        0
      1484                        0        0.817886564867265                        0        0.789032617770839        0.789032617770839                        0
      1512                        0        0.818131924619693                        0        0.789462195170383        0.789462195170383                        0
      1540                        0        0.818361435845033                        0        0.789867550752896        0.789867550752896                        0
      1568                        0        0.818989086352545                        0          0.7906685303854          0.7906685303854                        0
      1596                        0        0.819214029366612                        0        0.791064495763326        0.791064495763326                        0
      1624                        0        0.819424926729957                        0        0.791438981363191        0.791438981363191                        0
      1652                        0        0.820013834369047                        0         0.79218929348653         0.79218929348653                        0
      1680                        0        0.820220944495964                        0        0.792555799014131        0.792555799014131                        0
      1708                        0        0.820415527277692                        0         0.79290313551178         0.79290313551178                        0
      1736                        0         0.82096991620181                        0        0.793608369222349        0.793608369222349                        0
      1764                        0        0.821161343991904                        0        0.793948880539668        0.793948880539668                        0
      1792                        0        0.821341534386569                        0        0.794272187250504        0.794272187250504                        0
      1820                        0        0.821864989647821                        0        0.794937079831751        0.794937079831751                        0
      1848                        0        0.822042541373361                        0        0.795254515745928        0.795254515745928                        0
      1876                        0        0.822209960383014                        0        0.795556430317502        0.795556430317502                        0
      1904                        0        0.822705549075994                        0        0.796185029544026        0.796185029544026                        0
      1932                        0        0.822870754386172                        0        0.796481868433783        0.796481868433783                        0
      1960                        0        0.823026779843682                        0        0.796764638714725        0.796764638714725                        0
      1988                        0        0.823497145062761                        0        0.797360428587545        0.797360428587545                        0
      2016                        0        0.823651309077314                        0        0.797638790511392        0.797638790511392                        0
      2044                        0         0.82379712056939                        0        0.797904345832271        0.797904345832271                        0
      2072                        0        0.824244555148561                        0        0.798470345150145        0.798470345150145                        0
      2100                        0        0.824388799049762                        0        0.798732055961101        0.798732055961101                        0
      2128                        0        0.824525413097538                        0        0.798982063072702        0.798982063072702                        0
      2156                        0        0.824951918111112                        0        0.799520903549726        0.799520903549726                        0
      2184                        0         0.82508721111834                        0        0.799767545502444        0.799767545502444                        0
      2212                        0        0.825215509018116                        0         0.80000345293292         0.80000345293292                        0
      2240                        0        0.825622840651424                        0        0.800517441722558        0.800517441722558                        0
      2268                        0        0.825750025459999                        0        0.800750393816981        0.800750393816981                        0
      2296                        0        0.825870775528224                        0        0.800973467383754        0.800973467383754                        0
      2324                        0        0.826260482971812                        0        0.801464637577396        0.801464637577396                        0
      2352                        0        0.826380296177165                        0        0.801685108011986        0.801685108011986                        0
      2380                        0        0.826494171682188                        0        0.801896459503436        0.801896459503436                        0
      2408                        0        0.826867628026974                        0        0.802366611264473        0.802366611264473                        0
      2436                        0        0.826980716661849                        0        0.802575663762893        0.802575663762893                        0
      2464                        0        0.827088310396685                        0        0.802776274290544        0.802776274290544                        0
      2492                        0        0.827446738016402                        0        0.803227008616154        0.803227008616154                        0
      2520                        0        0.827553673046316                        0        0.803425583952065        0.803425583952065                        0
      2548                        0        0.827655509261868                        0        0.803616323108282        0.803616323108282                        0
      2576                        0          0.8280000008167                        0        0.804049069741736        0.804049069741736                        0
      2604                        0        0.828101288232717                        0        0.804238003463118        0.804238003463118                        0
      2632                        0        0.828197832478677                        0        0.804419645147868        0.804419645147868                        0
      2660                        0        0.828529368412572                        0        0.804835685812372        0.804835685812372                        0
      2688                        0        0.828625458410795                        0        0.805015722934732        0.805015722934732                        0
      2716                        0        0.828717125703869                        0        0.805188958515272        0.805188958515272                        0
