#square and square, nu_xymn_1
#MM NN: 1 1
#quadrature order: 16
#numpanels            c*(gradu.n)^2                      BEM        0.5*(gradu)^2 ex.       Boundary Formula 1       Boundary Formula 2
        56                        0        0.825995914204268                        0        0.727662900098558        0.727662900098558                        0
        84                        0        0.887795998681622                        0        0.819238251623399        0.819238251623399                        0
       112                        0        0.893216850396094                        0        0.827977189882786        0.827977189882786                        0
       140                        0        0.906184206984784                        0        0.844489123794455        0.844489123794455                        0
       168                        0        0.910424853382795                        0        0.851862648998677        0.851862648998677                        0
       196                        0        0.914516699917708                        0        0.858673847528564        0.858673847528564                        0
       224                        0        0.923481187621159                        0        0.870039656391853        0.870039656391853                        0
       252                        0        0.926859256490788                        0        0.875632946145446        0.875632946145446                        0
       280                        0        0.928974970323424                        0        0.879365722936608        0.879365722936608                        0
       308                        0        0.934742282481612                        0        0.886621935884587        0.886621935884587                        0
       336                        0        0.936647481845633                        0        0.889941701384333        0.889941701384333                        0
       364                        0        0.938053434191946                        0        0.892497110065584        0.892497110065584                        0
       392                        0        0.942361885613864                        0        0.897891508633624        0.897891508633624                        0
       420                        0        0.943687447994648                        0        0.900260793749933        0.900260793749933                        0
       448                        0        0.944683531585464                        0        0.902128274628725        0.902128274628725                        0
       476                        0        0.948077097805728                        0        0.906356647577717        0.906356647577717                        0
       504                        0        0.949042999570627                        0        0.908131979249033        0.908131979249033                        0
       532                        0        0.949791311158989                        0        0.909574240581491        0.909574240581491                        0
       560                        0        0.952578984747655                        0        0.913032927496239        0.913032927496239                        0
       588                        0         0.95331830895744                        0        0.914426723414041        0.914426723414041                        0
       616                        0        0.953901969621734                        0         0.91558172410006         0.91558172410006                        0
       644                        0        0.956258503227356                        0        0.918494287223701        0.918494287223701                        0
       672                        0        0.956842981633102                        0        0.919623465799227        0.919623465799227                        0
       700                        0        0.957311291997569                        0        0.920574052411077        0.920574052411077                        0
       728                        0        0.959346880990718                        0        0.923081220603378        0.923081220603378                        0
       756                        0        0.959820676006215                        0        0.924018523846634        0.924018523846634                        0
       784                        0        0.960204642000714                        0          0.9248174875204          0.9248174875204                        0
       812                        0        0.961992624287182                        0        0.927012725848697        0.927012725848697                        0
       840                        0        0.962384257815276                        0        0.927805688834883        0.927805688834883                        0
       868                        0        0.962704499973869                        0        0.928488542046375        0.928488542046375                        0
       896                        0        0.964296064052959                        0        0.930436956707826        0.930436956707826                        0
       924                        0        0.964624891172847                        0        0.931118175655057        0.931118175655057                        0
       952                        0        0.964895703178948                        0        0.931709799453847        0.931709799453847                        0
       980                        0        0.966327908844728                        0        0.933458433554542        0.933458433554542                        0
      1008                        0        0.966607559273995                        0        0.934051091332183        0.934051091332183                        0
      1036                        0         0.96683919207091                        0        0.934569508911988        0.934569508911988                        0
      1064                        0        0.968139688489325                        0        0.936153392906829        0.936153392906829                        0
      1092                        0        0.968380061397075                        0        0.936674485693232        0.936674485693232                        0
      1120                        0        0.968580075200023                        0         0.93713311594576         0.93713311594576                        0
      1148                        0        0.969770010482975                        0        0.938578994407323        0.938578994407323                        0
      1176                        0        0.969978482626061                        0        0.939041301433228        0.939041301433228                        0
      1204                        0        0.970152585911814                        0        0.939450368537975        0.939450368537975                        0
      1232                        0        0.971248479085239                        0        0.940779094990199        0.940779094990199                        0
      1260                        0        0.971430668647558                        0        0.941192432915492        0.941192432915492                        0
      1288                        0        0.971583258950852                        0        0.941559881746325        0.941559881746325                        0
      1316                        0        0.972598247015501                        0        0.942788012073977        0.942788012073977                        0
      1344                        0        0.972758513615476                        0        0.943160061772438        0.943160061772438                        0
      1372                        0        0.972893037645684                        0        0.943492171761103        0.943492171761103                        0
      1400                        0        0.973837731505706                        0        0.944633056505996        0.944633056505996                        0
      1428                        0        0.973979513492236                        0        0.944969924459511        0.944969924459511                        0
      1456                        0        0.974098713716337                        0        0.945271732735129        0.945271732735129                        0
      1484                        0        0.974981800948044                        0        0.946336285377484        0.946336285377484                        0
      1512                        0        0.975107848916088                        0        0.946642894777729        0.946642894777729                        0
      1540                        0        0.975213936544601                        0        0.946918494904119        0.946918494904119                        0
      1568                        0        0.976042615504577                        0        0.947915744502753        0.947915744502753                        0
      1596                        0        0.976155157674612                        0        0.948196113905879        0.948196113905879                        0
      1624                        0        0.976249936623766                        0          0.9484488712641          0.9484488712641                        0
      1652                        0        0.977030235312067                        0         0.94938636790147         0.94938636790147                        0
      1680                        0        0.977131097021303                        0        0.949643813732071        0.949643813732071                        0
      1708                        0        0.977216054431505                        0        0.949876523719756        0.949876523719756                        0
      1736                        0        0.977953068832941                        0        0.950760641208552        0.950760641208552                        0
      1764                        0        0.978043760420546                        0        0.950997927536353        0.950997927536353                        0
      1792                        0          0.9781201338699                        0        0.951212933703692        0.951212933703692                        0
      1820                        0        0.978818208907237                        0        0.952049099144671        0.952049099144671                        0
      1848                        0        0.978899991389981                        0        0.952268550220367        0.952268550220367                        0
      1876                        0        0.978968819558194                        0        0.952467833807615        0.952467833807615                        0
      1904                        0        0.979631688413455                        0        0.953260704137466        0.953260704137466                        0
      1932                        0        0.979705623271488                        0        0.953464290151603        0.953464290151603                        0
      1960                        0         0.97976778465023                        0        0.953649538866491        0.953649538866491                        0
      1988                        0        0.980398677397544                        0        0.954403138366985        0.954403138366985                        0
      2016                        0        0.980465664806466                        0        0.954592541645745        0.954592541645745                        0
      2044                        0        0.980521907642106                        0        0.954765203140902        0.954765203140902                        0
      2072                        0        0.981123636930066                        0        0.955483031782188        0.955483031782188                        0
      2100                        0         0.98118444546854                        0        0.955659698481966        0.955659698481966                        0
      2128                        0        0.981235411183216                        0        0.955821022396729        0.955821022396729                        0
      2156                        0        0.981810440526919                        0        0.956506142101722        0.956506142101722                        0
      2184                        0        0.981865730509504                        0        0.956671323010079        0.956671323010079                        0
      2212                        0        0.981911972209321                        0        0.956822394358156        0.956822394358156                        0
      2240                        0        0.982462470945444                        0        0.957477498350326        0.957477498350326                        0
      2268                        0         0.98251281293056                        0        0.957632281405734        0.957632281405734                        0
      2296                        0        0.982554810169795                        0        0.957774047338654        0.957774047338654                        0
      2324                        0        0.983082698070112                        0        0.958401516383064        0.958401516383064                        0
      2352                        0         0.98312858767372                        0        0.958546852825522        0.958546852825522                        0
      2380                        0        0.983166758334913                        0        0.958680144270987        0.958680144270987                        0
      2408                        0        0.983673742121099                        0        0.959282092663622        0.959282092663622                        0
      2436                        0        0.983715611973379                        0         0.95941881823917         0.95941881823917                        0
      2464                        0        0.983750321902927                        0        0.959544367533063        0.959544367533063                        0
      2492                        0        0.984237925356587                        0        0.960122680986485        0.960122680986485                        0
      2520                        0        0.984276154828195                        0        0.960251533275082        0.960251533275082                        0
      2548                        0        0.984307725710079                        0        0.960369988636094        0.960369988636094                        0
      2576                        0        0.984777314675507                        0        0.960926355710004        0.960926355710004                        0
      2604                        0        0.984812237846095                        0        0.961047988385043        0.961047988385043                        0
