#square and square, nu_xymn_1
#MM NN: 5 1
#quadrature order: 16
#numpanels            c*(gradu.n)^2                      BEM        0.5*(gradu)^2 ex.       Boundary Formula 1       Boundary Formula 2
        56                        0         0.80936757546418                        0        0.727662900098558        0.727662900098558                        0
        84                        0        0.879227256895181                        0        0.819238251623399        0.819238251623399                        0
       112                        0        0.887566616392712                        0        0.827977189882786        0.827977189882786                        0
       140                        0        0.902151823650491                        0        0.844489123794455        0.844489123794455                        0
       168                        0        0.907359983889122                        0        0.851862648998677        0.851862648998677                        0
       196                        0         0.91208548716445                        0        0.858673847528564        0.858673847528564                        0
       224                        0        0.921490264104207                        0        0.870039656391853        0.870039656391853                        0
       252                        0        0.925188689768193                        0        0.875632946145446        0.875632946145446                        0
       280                        0        0.927545999601396                        0        0.879365722936608        0.879365722936608                        0
       308                        0        0.933500832294973                        0        0.886621935884587        0.886621935884587                        0
       336                        0        0.935555053422136                        0        0.889941701384333        0.889941701384333                        0
       364                        0        0.937081783978191                        0        0.892497110065584        0.892497110065584                        0
       392                        0        0.941489764238174                        0        0.897891508633624        0.897891508633624                        0
       420                        0        0.942898520914045                        0        0.900260793749933        0.900260793749933                        0
       448                        0        0.943965007521818                        0        0.902128274628725        0.902128274628725                        0
       476                        0        0.947418797269338                        0        0.906356647577717        0.906356647577717                        0
       504                        0        0.948436705996033                        0        0.908131979249033        0.908131979249033                        0
       532                        0        0.949230308718294                        0        0.909574240581491        0.909574240581491                        0
       560                        0        0.952057722574497                        0        0.913032927496239        0.913032927496239                        0
       588                        0        0.952832152880372                        0        0.914426723414041        0.914426723414041                        0
       616                        0        0.953447015683124                        0         0.91558172410006         0.91558172410006                        0
       644                        0        0.955831435605495                        0        0.918494287223701        0.918494287223701                        0
       672                        0        0.956440962990716                        0        0.919623465799227        0.919623465799227                        0
       700                        0        0.956931877857397                        0        0.920574052411077        0.920574052411077                        0
       728                        0        0.958987952152298                        0        0.923081220603378        0.923081220603378                        0
       756                        0        0.959480384674951                        0        0.924018523846634        0.924018523846634                        0
       784                        0        0.959881368456096                        0          0.9248174875204          0.9248174875204                        0
       812                        0        0.961684941735193                        0        0.927012725848697        0.927012725848697                        0
       840                        0        0.962090903657196                        0        0.927805688834883        0.927805688834883                        0
       868                        0         0.96242435215015                        0        0.928488542046375        0.928488542046375                        0
       896                        0        0.964028121434483                        0        0.930436956707826        0.930436956707826                        0
       924                        0        0.964368257204816                        0        0.931118175655057        0.931118175655057                        0
       952                        0        0.964649572157587                        0        0.931709799453847        0.931709799453847                        0
       980                        0        0.966091554339429                        0        0.933458433554542        0.933458433554542                        0
      1008                        0        0.966380324308848                        0        0.934051091332183        0.934051091332183                        0
      1036                        0        0.966620480757617                        0        0.934569508911988        0.934569508911988                        0
      1064                        0        0.967928958864139                        0        0.936153392906829        0.936153392906829                        0
      1092                        0        0.968176819261833                        0        0.936674485693232        0.936674485693232                        0
      1120                        0        0.968383868804763                        0         0.93713311594576         0.93713311594576                        0
      1148                        0        0.969580425917236                        0        0.938578994407323        0.938578994407323                        0
      1176                        0        0.969795139809673                        0        0.939041301433228        0.939041301433228                        0
      1204                        0        0.969975135094919                        0        0.939450368537975        0.939450368537975                        0
      1232                        0        0.971076597782698                        0        0.940779094990199        0.940779094990199                        0
      1260                        0        0.971264058945255                        0        0.941192432915492        0.941192432915492                        0
      1288                        0         0.97142164513163                        0        0.941559881746325        0.941559881746325                        0
      1316                        0        0.972441373460718                        0        0.942788012073977        0.942788012073977                        0
      1344                        0        0.972606142945091                        0        0.943160061772438        0.943160061772438                        0
      1372                        0        0.972744949065349                        0        0.943492171761103        0.943492171761103                        0
      1400                        0        0.973693719334151                        0        0.944633056505996        0.944633056505996                        0
      1428                        0        0.973839385846073                        0        0.944969924459511        0.944969924459511                        0
      1456                        0        0.973962291332717                        0        0.945271732735129        0.945271732735129                        0
      1484                        0        0.974848916128392                        0        0.946336285377484        0.946336285377484                        0
      1512                        0        0.974978344576396                        0        0.946642894777729        0.946642894777729                        0
      1540                        0        0.975087665359785                        0        0.946918494904119        0.946918494904119                        0
      1568                        0         0.97591943913606                        0        0.947915744502753        0.947915744502753                        0
      1596                        0        0.976034946071675                        0        0.948196113905879        0.948196113905879                        0
      1624                        0        0.976132567390496                        0          0.9484488712641          0.9484488712641                        0
      1652                        0         0.97691559313269                        0         0.94938636790147         0.94938636790147                        0
      1680                        0        0.977019073137655                        0        0.949643813732071        0.949643813732071                        0
      1708                        0        0.977106546167088                        0        0.949876523719756        0.949876523719756                        0
      1736                        0        0.977845979158762                        0        0.950760641208552        0.950760641208552                        0
      1764                        0        0.977938997558416                        0        0.950997927536353        0.950997927536353                        0
      1792                        0        0.978017610929453                        0        0.951212933703692        0.951212933703692                        0
      1820                        0        0.978717843553305                        0        0.952049099144671        0.952049099144671                        0
      1848                        0        0.978801705537367                        0        0.952268550220367        0.952268550220367                        0
      1876                        0        0.978872539091199                        0        0.952467833807615        0.952467833807615                        0
      1904                        0        0.979537342927823                        0        0.953260704137466        0.953260704137466                        0
      1932                        0        0.979613145836676                        0        0.953464290151603        0.953464290151603                        0
      1960                        0        0.979677111590109                        0        0.953649538866491        0.953649538866491                        0
      1988                        0        0.980309748087898                        0        0.954403138366985        0.954403138366985                        0
      2016                        0        0.980378421487742                        0        0.954592541645745        0.954592541645745                        0
      2044                        0        0.980436295246115                        0        0.954765203140902        0.954765203140902                        0
      2072                        0        0.981039602919372                        0        0.955483031782188        0.955483031782188                        0
      2100                        0        0.981101939687491                        0        0.955659698481966        0.955659698481966                        0
      2128                        0        0.981154385719612                        0        0.955821022396729        0.955821022396729                        0
      2156                        0        0.981730849583415                        0        0.956506142101722        0.956506142101722                        0
      2184                        0        0.981787530283969                        0        0.956671323010079        0.956671323010079                        0
      2212                        0        0.981835120783416                        0        0.956822394358156        0.956822394358156                        0
      2240                        0        0.982386928180742                        0        0.957477498350326        0.957477498350326                        0
      2268                        0        0.982438540371628                        0        0.957632281405734        0.957632281405734                        0
      2296                        0        0.982481770953685                        0        0.957774047338654        0.957774047338654                        0
      2324                        0        0.983010856841762                        0        0.958401516383064        0.958401516383064                        0
      2352                        0        0.983057910506821                        0        0.958546852825522        0.958546852825522                        0
      2380                        0        0.983097212657813                        0        0.958680144270987        0.958680144270987                        0
      2408                        0         0.98360529664738                        0        0.959282092663622        0.959282092663622                        0
      2436                        0        0.983648236636761                        0         0.95941881823917         0.95941881823917                        0
      2464                        0        0.983683987796177                        0        0.959544367533063        0.959544367533063                        0
      2492                        0        0.984172604674145                        0        0.960122680986485        0.960122680986485                        0
      2520                        0        0.984211820812264                        0        0.960251533275082        0.960251533275082                        0
      2548                        0          0.9842443525999                        0        0.960369988636094        0.960369988636094                        0
      2576                        0        0.984714877659652                        0        0.960926355710004        0.960926355710004                        0
