#square and square, nu_xymn_1
#MM NN: 1 4
#quadrature order: 16
#numpanels            c*(gradu.n)^2                      BEM        0.5*(gradu)^2 ex.       Boundary Formula 1       Boundary Formula 2
        56                        0         0.50646942573546                        0        0.392670933048714        0.392670933048714                        0
        84                        0        0.558242188247133                        0        0.468991325956727        0.468991325956727                        0
       112                        0         0.57844982519481                        0        0.499278963156602        0.499278963156602                        0
       140                        0        0.594824812630922                        0        0.523097181992823        0.523097181992823                        0
       168                        0        0.605391106528778                        0        0.539065310040936        0.539065310040936                        0
       196                        0        0.613621045917688                        0        0.551472908312439        0.551472908312439                        0
       224                        0        0.621368091024205                        0        0.562581743995039        0.562581743995039                        0
       252                        0         0.62690332358651                        0        0.570925161673869        0.570925161673869                        0
       280                        0        0.631401635898598                        0          0.5777246804446          0.5777246804446                        0
       308                        0        0.636078891352289                        0        0.584387465998113        0.584387465998113                        0
       336                        0         0.63949042750078                        0        0.589547651826148        0.589547651826148                        0
       364                        0        0.642431938273908                        0        0.594003955991293        0.594003955991293                        0
       392                        0        0.645689736741836                        0        0.598619884454103        0.598619884454103                        0
       420                        0         0.64807901322197                        0        0.602241859210924        0.602241859210924                        0
       448                        0        0.650194560380966                        0        0.605454841858798        0.605454841858798                        0
       476                        0        0.652643334266622                        0        0.608910385348876        0.608910385348876                        0
       504                        0        0.654435263932003                        0        0.611633639534696        0.611633639534696                        0
       532                        0        0.656053451244334                        0        0.614097199410734        0.614097199410734                        0
       560                        0        0.657991063617718                        0        0.616822332002103        0.616822332002103                        0
       588                        0        0.659401274261865                        0        0.618970579411677        0.618970579411677                        0
       616                        0        0.660692352738034                        0        0.620940730625221        0.620940730625221                        0
       644                        0        0.662281264706653                        0        0.623169164797352        0.623169164797352                        0
       672                        0        0.663429651084195                        0        0.624922560070309        0.624922560070309                        0
       700                        0        0.664491991407659                        0        0.626547269533699        0.626547269533699                        0
       728                        0        0.665829899676171                        0        0.628419100856343        0.628419100856343                        0
       756                        0        0.666789470951487                        0        0.629887388114618        0.629887388114618                        0
       784                        0        0.667684339966202                        0        0.631258865492841        0.631258865492841                        0
       812                        0        0.668834028000643                        0        0.632863890105633        0.632863890105633                        0
       840                        0        0.669652055954155                        0        0.634118175283614        0.634118175283614                        0
       868                        0        0.670419880347077                        0        0.635297306078719        0.635297306078719                        0
       896                        0        0.671423855900323                        0        0.636696184051485        0.636696184051485                        0
       924                        0        0.672132489650274                        0        0.637784861935577        0.637784861935577                        0
       952                        0         0.67280117315358                        0        0.638813703369423        0.638813703369423                        0
       980                        0        0.673689419810174                        0        0.640049138686363        0.640049138686363                        0
      1008                        0        0.674311390964667                        0         0.64100645567701         0.64100645567701                        0
      1036                        0        0.674900905061629                        0         0.64191513382981         0.64191513382981                        0
      1064                        0         0.67569528773849                        0        0.643018213675225        0.643018213675225                        0
      1092                        0        0.676247189193438                        0        0.643869189169191        0.643869189169191                        0
      1120                        0        0.676772260547518                        0        0.644679937318967        0.644679937318967                        0
      1148                        0        0.677489168331158                        0        0.645673927397016        0.645673927397016                        0
      1176                        0        0.677983437156293                        0        0.646437330802847        0.646437330802847                        0
      1204                        0        0.678455199217536                        0        0.647166971892474        0.647166971892474                        0
      1232                        0        0.679107204043377                        0        0.648069694174555        0.648069694174555                        0
      1260                        0        0.679553373412345                        0        0.648759925099069        0.648759925099069                        0
      1288                        0        0.679980423238314                        0        0.649421460731936        0.649421460731936                        0
      1316                        0        0.680577360848472                        0         0.65024684055907         0.65024684055907                        0
      1344                        0        0.680982879491172                        0        0.650875159957691        0.650875159957691                        0
      1372                        0        0.681371977486639                        0        0.651478822907474        0.651478822907474                        0
      1400                        0        0.681921674828529                        0        0.652237928567873        0.652237928567873                        0
      1428                        0        0.682292460203104                        0        0.652813290191182        0.652813290191182                        0
      1456                        0        0.682649007199641                        0        0.653367262307647        0.653367262307647                        0
      1484                        0        0.683157785589307                        0        0.654069023200381        0.654069023200381                        0
      1512                        0         0.68349860738073                        0        0.654598650279921        0.654598650279921                        0
      1540                        0        0.683826978272425                        0        0.655109564773828        0.655109564773828                        0
      1568                        0        0.684300009895423                        0        0.655761279631388        0.655761279631388                        0
      1596                        0        0.684614762138312                        0        0.656251074286091        0.656251074286091                        0
      1624                        0        0.684918544446253                        0        0.656724375059435        0.656724375059435                        0
      1652                        0        0.685360110318482                        0        0.657332079285548        0.657332079285548                        0
      1680                        0        0.685652008482108                        0        0.657786919184507        0.657786919184507                        0
      1708                        0        0.685934176319287                        0        0.658227122992215        0.658227122992215                        0
      1736                        0        0.686347856454942                        0        0.658795859185118        0.658795859185118                        0
      1764                        0        0.686619582798716                        0        0.659219816458737        0.659219816458737                        0
      1792                        0        0.686882625960085                        0        0.659630707545043        0.659630707545043                        0
      1820                        0        0.687271441909408                        0         0.66016472806984         0.66016472806984                        0
      1848                        0        0.687525254439951                        0        0.660561233491258        0.660561233491258                        0
      1876                        0        0.687771275700989                        0        0.660946010368748        0.660946010368748                        0
      1904                        0        0.688137798990346                        0        0.661448931333945        0.661448931333945                        0
      1932                        0        0.688375614334018                        0        0.661820899261677        0.661820899261677                        0
      1960                        0         0.68860640382601                        0        0.662182286968516        0.662182286968516                        0
      1988                        0        0.688952839572115                        0        0.662657206851351        0.662657206851351                        0
      2016                        0        0.689176296843532                        0         0.66300713157235         0.66300713157235                        0
      2044                        0        0.689393389634723                        0        0.663347468628461        0.663347468628461                        0
      2072                        0        0.689721641806196                        0        0.663797060789759        0.663797060789759                        0
      2100                        0        0.689932152423639                        0        0.664127091704505        0.664127091704505                        0
      2128                        0        0.690136873617007                        0        0.664448398251669        0.664448398251669                        0
      2156                        0        0.690448596539749                        0         0.66487498389525         0.66487498389525                        0
      2184                        0        0.690647383505562                        0        0.665186984834488        0.665186984834488                        0
      2212                        0        0.690840883935066                        0        0.665491016599494        0.665491016599494                        0
      2240                        0         0.69113752335486                        0        0.665896622897835        0.665896622897835                        0
      2268                        0        0.691325652540521                        0        0.666192219391487        0.666192219391487                        0
      2296                        0        0.691508937301292                        0        0.666480510839055        0.666480510839055                        0
      2324                        0        0.691791763426688                        0        0.666866917673896        0.666866917673896                        0
      2352                        0        0.691970168719207                        0        0.667147534964532        0.667147534964532                        0
      2380                        0        0.692144120174762                        0        0.667421434115149        0.667421434115149                        0
      2408                        0        0.692414254496922                        0        0.667790211992565        0.667790211992565                        0
      2436                        0        0.692583758183348                        0        0.668057105866495        0.668057105866495                        0
      2464                        0        0.692749154671979                        0        0.668317802619721        0.668317802619721                        0
      2492                        0        0.693007591905117                        0        0.668670343666666        0.668670343666666                        0
      2520                        0        0.693168921327552                        0        0.668924625658118        0.668924625658118                        0
      2548                        0        0.693326452488678                        0        0.669173175010376        0.669173175010376                        0
      2576                        0        0.693574078651629                        0        0.669510718504343        0.669510718504343                        0
      2604                        0        0.693727879913914                        0        0.669753376648313        0.669753376648313                        0
      2632                        0        0.693878159334742                        0        0.669990717860816        0.669990717860816                        0
      2660                        0        0.694115766755483                        0         0.67031437140415         0.67031437140415                        0
