#square and square, nu_xymn_1
#MM NN: 2 5
#quadrature order: 16
#numpanels            c*(gradu.n)^2                      BEM        0.5*(gradu)^2 ex.       Boundary Formula 1       Boundary Formula 2
        56                        0        0.462197979607031                        0        0.348200735861499        0.348200735861499                        0
        84                        0        0.510878949443575                        0        0.419308114299462        0.419308114299462                        0
       112                        0        0.531944393859864                        0        0.450652299231214        0.450652299231214                        0
       140                        0        0.548634059902398                        0        0.475088716647514        0.475088716647514                        0
       168                        0        0.559939999791194                        0        0.492059575961107        0.492059575961107                        0
       196                        0         0.56873130983866                        0        0.505243474147744        0.505243474147744                        0
       224                        0        0.576518901905086                        0        0.516559773722492        0.516559773722492                        0
       252                        0        0.582386873834944                        0        0.525359011921276        0.525359011921276                        0
       280                        0        0.587221483024467                        0        0.532618600901008        0.532618600901008                        0
       308                        0        0.591892073178484                        0        0.539372938448429        0.539372938448429                        0
       336                        0        0.595526607064933                        0        0.544831565223947        0.544831565223947                        0
       364                        0        0.598683882469465                        0        0.549576608221635        0.549576608221635                        0
       392                        0         0.60190438672299                        0        0.554214363461317        0.554214363461317                        0
       420                        0        0.604446929055438                        0         0.55803635625835         0.55803635625835                        0
       448                        0         0.60671537817941                        0        0.561449289124044        0.561449289124044                        0
       476                        0        0.609117026565692                        0        0.564896599763569        0.564896599763569                        0
       504                        0         0.61102350649054                        0        0.567765833818096        0.567765833818096                        0
       532                        0        0.612757071221467                        0        0.570377060123993        0.570377060123993                        0
       560                        0        0.614644543357703                        0        0.573079128594255        0.573079128594255                        0
       588                        0        0.616144622083248                        0        0.575339467404582        0.575339467404582                        0
       616                        0        0.617526957306443                        0        0.577424166782892        0.577424166782892                        0
       644                        0        0.619065858852557                        0         0.57962233212324         0.57962233212324                        0
       672                        0        0.620287477855737                        0        0.581465349716058        0.581465349716058                        0
       700                        0        0.621424552639246                        0        0.583182254858013        0.583182254858013                        0
       728                        0        0.622713907584239                        0        0.585020452194854        0.585020452194854                        0
       756                        0        0.623734876701155                        0        0.586562630030507        0.586562630030507                        0
       784                        0         0.62469260770858                        0        0.588010469024126        0.588010469024126                        0
       812                        0        0.625795743633766                        0        0.589580546856501        0.589580546856501                        0
       840                        0         0.62666640293398                        0        0.590897244639679        0.590897244639679                        0
       868                        0        0.627488225115583                        0        0.592141074367451        0.592141074367451                        0
       896                        0        0.628447822151189                        0        0.593504816920771        0.593504816920771                        0
       924                        0        0.629202376227066                        0        0.594647244595393        0.594647244595393                        0
       952                        0        0.629918231585885                        0        0.595731918022979        0.595731918022979                        0
       980                        0        0.630764269641059                        0        0.596932652458405        0.596932652458405                        0
      1008                        0        0.631426883806837                        0        0.597936996726304        0.597936996726304                        0
      1036                        0        0.632058177939967                        0        0.598894586183664        0.598894586183664                        0
      1064                        0        0.632812436007122                        0         0.59996374151475         0.59996374151475                        0
      1092                        0        0.633400736880808                        0        0.600856404724826        0.600856404724826                        0
      1120                        0         0.63396323778586                        0        0.601710542229683        0.601710542229683                        0
      1148                        0        0.634641983619964                        0        0.602671563646823        0.602671563646823                        0
      1176                        0        0.635169174756951                        0        0.603472329371444        0.603472329371444                        0
      1204                        0        0.635674792416738                        0        0.604240870659216        0.604240870659216                        0
      1232                        0        0.636290464888354                        0        0.605111664148025        0.605111664148025                        0
      1260                        0         0.63676666150689                        0        0.605835694039029        0.605835694039029                        0
      1288                        0        0.637224585385171                        0        0.606532421195473        0.606532421195473                        0
      1316                        0        0.637786887364286                        0        0.607326939414725        0.607326939414725                        0
      1344                        0        0.638219989347479                        0        0.607986079205254        0.607986079205254                        0
      1372                        0        0.638637440767951                        0        0.608621826791797        0.608621826791797                        0
      1400                        0        0.639154072333013                        0        0.609351131700237        0.609351131700237                        0
      1428                        0        0.639550353131226                        0        0.609954792195664        0.609954792195664                        0
      1456                        0        0.639933097746387                        0        0.610538214294559        0.610538214294559                        0
      1484                        0        0.640410261930386                        0        0.611211209284688        0.611211209284688                        0
      1512                        0        0.640774776558655                        0        0.611766976751005        0.611766976751005                        0
      1540                        0        0.641127482407785                        0        0.612305082923579        0.612305082923579                        0
      1568                        0        0.641570242574356                        0        0.612929029632236        0.612929029632236                        0
      1596                        0        0.641907116939868                        0        0.613443098687659        0.613443098687659                        0
      1624                        0        0.642233610260212                        0        0.613941636920586        0.613941636920586                        0
      1652                        0        0.642646148049118                        0        0.614522527892847        0.614522527892847                        0
      1680                        0        0.642958788377335                        0        0.615000014889654        0.615000014889654                        0
      1708                        0        0.643262239999972                        0        0.615463750663964        0.615463750663964                        0
      1736                        0        0.643648045034113                        0        0.616006583188767        0.616006583188767                        0
      1764                        0        0.643939292245553                        0        0.616451757256238        0.616451757256238                        0
      1792                        0        0.644222355810491                        0        0.616884680513209        0.616884680513209                        0
      1820                        0        0.644584367570715                        0        0.617393661246314        0.617393661246314                        0
      1848                        0        0.644856612945243                        0        0.617810117427611        0.617810117427611                        0
      1876                        0        0.645121529009062                        0        0.618215598489325        0.618215598489325                        0
      1904                        0        0.645462244541993                        0        0.618694298680705        0.618694298680705                        0
      1932                        0        0.645717517654841                        0        0.619085089589476        0.619085089589476                        0
      1960                        0        0.645966193222694                        0        0.619465998296225        0.619465998296225                        0
      1988                        0        0.646287750024226                        0        0.619917473155302        0.619917473155302                        0
      2016                        0        0.646527786490339                        0        0.620285210423461        0.620285210423461                        0
      2044                        0        0.646761856555272                        0        0.620644008339152        0.620644008339152                        0
      2072                        0        0.647066097138985                        0         0.62107088996174         0.62107088996174                        0
      2100                        0        0.647292391432747                        0        0.621417823355748        0.621417823355748                        0
      2128                        0        0.647513267149087                        0        0.621756635962943        0.621756635962943                        0
      2156                        0        0.647801789912613                        0        0.622161206492458        0.622161206492458                        0
      2184                        0        0.648015637003959                        0        0.622489286293165        0.622489286293165                        0
      2212                        0         0.64822454380031                        0         0.62280996012444         0.62280996012444                        0
      2240                        0        0.648498743508808                        0        0.623194209945289        0.623194209945289                        0
      2268                        0        0.648701272014972                        0         0.62350513662934         0.62350513662934                        0
      2296                        0        0.648899280043061                        0        0.623809284921599        0.623809284921599                        0
      2324                        0        0.649160380352668                        0        0.624174959383168        0.624174959383168                        0
      2352                        0        0.649352579178189                        0        0.624470223555454        0.624470223555454                        0
      2380                        0        0.649540627857772                        0        0.624759263061791        0.624759263061791                        0
      2408                        0        0.649789707672531                        0        0.625107900325188        0.625107900325188                        0
      2436                        0         0.64997244759959                        0        0.625388815090376        0.625388815090376                        0
      2464                        0        0.650151365568056                        0        0.625663996007215        0.625663996007215                        0
      2492                        0        0.650389380569357                        0        0.625996957943229        0.625996957943229                        0
      2520                        0        0.650563431894363                        0        0.626264685357025        0.626264685357025                        0
      2548                        0        0.650733953346401                        0        0.626527115842571        0.626527115842571                        0
      2576                        0         0.65096175371037                        0        0.626845613446556        0.626845613446556                        0
      2604                        0        0.651127800755863                        0        0.627101186286127        0.627101186286127                        0
      2632                        0        0.651290578922273                        0        0.627351852691262        0.627351852691262                        0
      2660                        0        0.651508924001866                        0        0.627656967135646        0.627656967135646                        0
      2688                        0        0.651667577138653                        0        0.627901306939919        0.627901306939919                        0
      2716                        0        0.651823195478602                        0        0.628141090611621        0.628141090611621                        0
