#square and square, nu_xymn_1
#MM NN: 2 4
#quadrature order: 16
#numpanels            c*(gradu.n)^2                      BEM        0.5*(gradu)^2 ex.       Boundary Formula 1       Boundary Formula 2
        56                        0        0.505896959204677                        0        0.392670933048714        0.392670933048714                        0
        84                        0        0.557936014344719                        0        0.468991325956727        0.468991325956727                        0
       112                        0        0.578245326135023                        0        0.499278963156602        0.499278963156602                        0
       140                        0        0.594676413973509                        0        0.523097181992823        0.523097181992823                        0
       168                        0        0.605276740548227                        0        0.539065310040936        0.539065310040936                        0
       196                        0        0.613529257394105                        0        0.551472908312439        0.551472908312439                        0
       224                        0        0.621292184620761                        0        0.562581743995039        0.562581743995039                        0
       252                        0        0.626839101400297                        0        0.570925161673869        0.570925161673869                        0
       280                        0         0.63134631242764                        0          0.5777246804446          0.5777246804446                        0
       308                        0        0.636030535409026                        0        0.584387465998113        0.584387465998113                        0
       336                        0        0.639447651781521                        0        0.589547651826148        0.589547651826148                        0
       364                        0          0.6423937166099                        0        0.594003955991293        0.594003955991293                        0
       392                        0        0.645655291250813                        0        0.598619884454103        0.598619884454103                        0
       420                        0        0.648047741811699                        0        0.602241859210924        0.602241859210924                        0
       448                        0        0.650165988585031                        0        0.605454841858798        0.605454841858798                        0
       476                        0        0.652617082310079                        0        0.608910385348876        0.608910385348876                        0
       504                        0        0.654411023640521                        0        0.611633639534696        0.611633639534696                        0
       532                        0        0.656030969495874                        0        0.614097199410734        0.614097199410734                        0
       560                        0        0.657970130250967                        0        0.616822332002103        0.616822332002103                        0
       588                        0        0.659381713087437                        0        0.618970579411677        0.618970579411677                        0
       616                        0         0.66067401475221                        0        0.620940730625221        0.620940730625221                        0
       644                        0        0.662264022896129                        0        0.623169164797352        0.623169164797352                        0
       672                        0        0.663413396398356                        0        0.624922560070309        0.624922560070309                        0
       700                        0        0.664476629599975                        0        0.626547269533699        0.626547269533699                        0
       728                        0        0.665815348801045                        0        0.628419100856343        0.628419100856343                        0
       756                        0        0.666775659361364                        0        0.629887388114618        0.629887388114618                        0
       784                        0          0.6676712046947                        0        0.631258865492841        0.631258865492841                        0
       812                        0        0.668821513446579                        0        0.632863890105633        0.632863890105633                        0
       840                        0        0.669640112802324                        0        0.634118175283614        0.634118175283614                        0
       868                        0        0.670408464676926                        0        0.635297306078719        0.635297306078719                        0
       896                        0        0.671412928444957                        0        0.636696184051485        0.636696184051485                        0
       924                        0        0.672122015176669                        0        0.637784861935577        0.637784861935577                        0
       952                        0        0.672791119941168                        0        0.638813703369423        0.638813703369423                        0
       980                        0        0.673679759209842                        0        0.640049138686363        0.640049138686363                        0
      1008                        0        0.674302097023869                        0         0.64100645567701         0.64100645567701                        0
      1036                        0        0.674891954204179                        0         0.64191513382981         0.64191513382981                        0
      1064                        0        0.675686658489826                        0        0.643018213675225        0.643018213675225                        0
      1092                        0        0.676238861943908                        0        0.643869189169191        0.643869189169191                        0
      1120                        0        0.676764217347593                        0        0.644679937318967        0.644679937318967                        0
      1148                        0        0.677481392713602                        0        0.645673927397016        0.645673927397016                        0
      1176                        0        0.677975913981171                        0        0.646437330802847        0.646437330802847                        0
      1204                        0        0.678447914536674                        0        0.647166971892474        0.647166971892474                        0
      1232                        0        0.679100144981443                        0        0.648069694174555        0.648069694174555                        0
      1260                        0         0.67954652806218                        0        0.648759925099069        0.648759925099069                        0
      1288                        0         0.67997378056854                        0        0.649421460731936        0.649421460731936                        0
      1316                        0        0.680570910621701                        0         0.65024684055907         0.65024684055907                        0
      1344                        0        0.680976612191414                        0        0.650875159957691        0.650875159957691                        0
      1372                        0        0.681365884254684                        0        0.651478822907474        0.651478822907474                        0
      1400                        0        0.681915747404316                        0        0.652237928567873        0.652237928567873                        0
      1428                        0         0.68228669087417                        0        0.652813290191182        0.652813290191182                        0
      1456                        0        0.682643388754924                        0        0.653367262307647        0.653367262307647                        0
      1484                        0        0.683152311277643                        0        0.654069023200381        0.654069023200381                        0
      1512                        0        0.683493270873496                        0        0.654598650279921        0.654598650279921                        0
      1540                        0        0.683821773629846                        0        0.655109564773828        0.655109564773828                        0
      1568                        0        0.684294931536119                        0        0.655761279631388        0.655761279631388                        0
      1596                        0        0.684609804811722                        0        0.656251074286091        0.656251074286091                        0
      1624                        0        0.684913703207633                        0        0.656724375059435        0.656724375059435                        0
      1652                        0        0.685355380506172                        0        0.657332079285548        0.657332079285548                        0
      1680                        0        0.685647385696852                        0        0.657786919184507        0.657786919184507                        0
      1708                        0        0.685929656405376                        0        0.658227122992215        0.658227122992215                        0
      1736                        0        0.686343435482991                        0        0.658795859185118        0.658795859185118                        0
      1764                        0        0.686615257049927                        0        0.659219816458737        0.659219816458737                        0
      1792                        0        0.686878391911821                        0        0.659630707545043        0.659630707545043                        0
      1820                        0        0.687267296221968                        0         0.66016472806984         0.66016472806984                        0
      1848                        0        0.687521193944427                        0        0.660561233491258        0.660561233491258                        0
      1876                        0        0.687767297388098                        0        0.660946010368748        0.660946010368748                        0
      1904                        0        0.688133900000141                        0        0.661448931333945        0.661448931333945                        0
      1932                        0        0.688371791946413                        0        0.661820899261677        0.661820899261677                        0
      1960                        0        0.688602655452022                        0        0.662182286968516        0.662182286968516                        0
      1988                        0         0.68894916274578                        0        0.662657206851351        0.662657206851351                        0
      2016                        0         0.68917268921442                        0         0.66300713157235         0.66300713157235                        0
      2044                        0        0.689389848961006                        0        0.663347468628461        0.663347468628461                        0
      2072                        0        0.689718165948225                        0        0.663797060789759        0.663797060789759                        0
      2100                        0        0.689928739337972                        0        0.664127091704505        0.664127091704505                        0
      2128                        0        0.690133521350872                        0        0.664448398251669        0.664448398251669                        0
      2156                        0        0.690445303225887                        0         0.66487498389525         0.66487498389525                        0
      2184                        0        0.690644147357427                        0        0.665186984834488        0.665186984834488                        0
      2212                        0         0.69083770324235                        0        0.665491016599494        0.665491016599494                        0
      2240                        0        0.691134396479325                        0        0.665896622897835        0.665896622897835                        0
      2268                        0        0.691322577912104                        0        0.666192219391487        0.666192219391487                        0
      2296                        0        0.691505913414467                        0        0.666480510839055        0.666480510839055                        0
      2324                        0        0.691788788837057                        0        0.666866917673896        0.666866917673896                        0
      2352                        0        0.691967242040323                        0        0.667147534964532        0.667147534964532                        0
      2380                        0        0.692141240075143                        0        0.667421434115149        0.667421434115149                        0
      2408                        0         0.69241141969725                        0        0.667790211992565        0.667790211992565                        0
      2436                        0        0.692580967453854                        0        0.668057105866495        0.668057105866495                        0
      2464                        0         0.69274640682997                        0        0.668317802619721        0.668317802619721                        0
      2492                        0        0.693004885812671                        0        0.668670343666666        0.668670343666666                        0
      2520                        0        0.693166255889336                        0        0.668924625658118        0.668924625658118                        0
      2548                        0        0.693323826649902                        0        0.669173175010376        0.669173175010376                        0
      2576                        0         0.69357149139612                        0        0.669510718504343        0.669510718504343                        0
      2604                        0        0.693725330262296                        0        0.669753376648313        0.669753376648313                        0
      2632                        0        0.693875646342728                        0        0.669990717860816        0.669990717860816                        0
      2660                        0        0.694113289512258                        0         0.67031437140415         0.67031437140415                        0
      2688                        0        0.694260173706751                        0        0.670546287440283        0.670546287440283                        0
