#square and square, nu_xymn_2
#MM NN: 5 1
#quadrature order: 16
#numpanels            c*(gradu.n)^2                      BEM        0.5*(gradu)^2 ex.       Boundary Formula 1       Boundary Formula 2
        56                        0        0.462770446137814                        0          0.3482007358615          0.3482007358615                        0
        84                        0        0.511185123345986                        0        0.419308114299456        0.419308114299456                        0
       112                        0        0.532148892919649                        0        0.450652299231209        0.450652299231209                        0
       140                        0        0.548782458559815                        0        0.475088716647523        0.475088716647523                        0
       168                        0         0.56005436577175                        0        0.492059575961123        0.492059575961123                        0
       196                        0        0.568823098362233                        0        0.505243474147698        0.505243474147698                        0
       224                        0        0.576594808308527                        0        0.516559773722481        0.516559773722481                        0
       252                        0        0.582451096021164                        0          0.5253590119213          0.5253590119213                        0
       280                        0        0.587276806495434                        0        0.532618600901036        0.532618600901036                        0
       308                        0        0.591940429121731                        0        0.539372938448383        0.539372938448383                        0
       336                        0        0.595569382784192                        0        0.544831565223954        0.544831565223954                        0
       364                        0        0.598722104133475                        0         0.54957660822164         0.54957660822164                        0
       392                        0        0.601938832214017                        0        0.554214363461329        0.554214363461329                        0
       420                        0        0.604478200465728                        0        0.558036356258406        0.558036356258406                        0
       448                        0        0.606743949975344                        0        0.561449289124042        0.561449289124042                        0
       476                        0        0.609143278522238                        0        0.564896599763575        0.564896599763575                        0
       504                        0        0.611047746782017                        0         0.56776583381808         0.56776583381808                        0
       532                        0        0.612779552969919                        0        0.570377060123993        0.570377060123993                        0
       560                        0        0.614665476724446                        0        0.573079128594225        0.573079128594225                        0
       588                        0        0.616164183257676                        0        0.575339467404576        0.575339467404576                        0
       616                        0        0.617545295292288                        0        0.577424166782957        0.577424166782957                        0
       644                        0        0.619083100663074                        0        0.579622332123208        0.579622332123208                        0
       672                        0        0.620303732541551                        0        0.581465349715963        0.581465349715963                        0
       700                        0        0.621439914446934                        0        0.583182254858029        0.583182254858029                        0
       728                        0        0.622728458459364                        0        0.585020452194861        0.585020452194861                        0
       756                        0        0.623748688291303                        0        0.586562630030616        0.586562630030616                        0
       784                        0         0.62470574298009                        0        0.588010469024141        0.588010469024141                        0
       812                        0        0.625808258187821                        0        0.589580546856448        0.589580546856448                        0
       840                        0        0.626678346085789                        0        0.590897244639613        0.590897244639613                        0
       868                        0        0.627499640785744                        0        0.592141074367489        0.592141074367489                        0
       896                        0        0.628458749606549                        0        0.593504816920762        0.593504816920762                        0
       924                        0        0.629212850700677                        0        0.594647244595408        0.594647244595408                        0
       952                        0        0.629928284798323                        0        0.595731918023055        0.595731918023055                        0
       980                        0        0.630773930241392                        0        0.596932652458412        0.596932652458412                        0
      1008                        0        0.631436177747631                        0        0.597936996726282        0.597936996726282                        0
      1036                        0        0.632067128797438                        0        0.598894586183715        0.598894586183715                        0
      1064                        0        0.632821065255789                        0        0.599963741514765        0.599963741514765                        0
      1092                        0        0.633409064130358                        0        0.600856404724879        0.600856404724879                        0
      1120                        0        0.633971280985767                        0        0.601710542229627        0.601710542229627                        0
      1148                        0        0.634649759237521                        0        0.602671563646811        0.602671563646811                        0
      1176                        0        0.635176697932075                        0        0.603472329371451        0.603472329371451                        0
      1204                        0        0.635682077097579                        0        0.604240870659161        0.604240870659161                        0
      1232                        0        0.636297523950268                        0        0.605111664147959        0.605111664147959                        0
      1260                        0        0.636773506857036                        0        0.605835694038943        0.605835694038943                        0
      1288                        0        0.637231228054899                        0        0.606532421195306        0.606532421195306                        0
      1316                        0        0.637793337591052                        0        0.607326939414731        0.607326939414731                        0
      1344                        0        0.638226256647219                        0        0.607986079205246        0.607986079205246                        0
      1372                        0        0.638643533999932                        0        0.608621826791869        0.608621826791869                        0
      1400                        0        0.639159999757222                        0        0.609351131700231        0.609351131700231                        0
      1428                        0        0.639556122460103                        0        0.609954792195407        0.609954792195407                        0
      1456                        0        0.639938716191103                        0        0.610538214294545        0.610538214294545                        0
      1484                        0        0.640415736242036                        0        0.611211209284624        0.611211209284624                        0
      1512                        0        0.640780113065942                        0        0.611766976751161        0.611766976751161                        0
      1540                        0         0.64113268705037                        0        0.612305082923583        0.612305082923583                        0
      1568                        0        0.641575320933622                        0        0.612929029632074        0.612929029632074                        0
      1596                        0        0.641912074266461                        0        0.613443098687663        0.613443098687663                        0
      1624                        0          0.6422384514988                        0         0.61394163692046         0.61394163692046                        0
      1652                        0        0.642650877861427                        0        0.614522527892853        0.614522527892853                        0
      1680                        0        0.642963411162525                        0        0.615000014889415        0.615000014889415                        0
      1708                        0        0.643266759913865                        0        0.615463750663919        0.615463750663919                        0
      1736                        0        0.643652466006002                        0        0.616006583188565        0.616006583188565                        0
      1764                        0        0.643943617994286                        0        0.616451757256003        0.616451757256003                        0
      1792                        0        0.644226589858734                        0        0.616884680513167        0.616884680513167                        0
      1820                        0        0.644588513258146                        0        0.617393661246313        0.617393661246313                        0
      1848                        0        0.644860673440809                        0         0.61781011742776         0.61781011742776                        0
      1876                        0        0.645125507321967                        0        0.618215598489348        0.618215598489348                        0
      1904                        0        0.645466143532207                        0        0.618694298680727        0.618694298680727                        0
      1932                        0        0.645721340042427                        0        0.619085089589486        0.619085089589486                        0
      1960                        0        0.645969941596724                        0        0.619465998296337        0.619465998296337                        0
      1988                        0        0.646291426850526                        0        0.619917473155209        0.619917473155209                        0
      2016                        0        0.646531394119326                        0        0.620285210423129        0.620285210423129                        0
      2044                        0        0.646765397229075                        0        0.620644008339416        0.620644008339416                        0
      2072                        0        0.647069572997004                        0        0.621070889961859        0.621070889961859                        0
      2100                        0        0.647295804518357                        0        0.621417823355591        0.621417823355591                        0
      2128                        0         0.64751661941524                        0        0.621756635962942        0.621756635962942                        0
      2156                        0        0.647805083226498                        0        0.622161206492534        0.622161206492534                        0
      2184                        0        0.648018873152208                        0         0.62248928629354         0.62248928629354                        0
      2212                        0        0.648227724493079                        0        0.622809960124653        0.622809960124653                        0
      2240                        0        0.648501870384225                        0        0.623194209944926        0.623194209944926                        0
      2268                        0        0.648704346643408                        0        0.623505136629423        0.623505136629423                        0
      2296                        0        0.648902303929979                        0        0.623809284921863        0.623809284921863                        0
      2324                        0        0.649163354942316                        0        0.624174959383248        0.624174959383248                        0
      2352                        0        0.649355505857073                        0        0.624470223555467        0.624470223555467                        0
      2380                        0        0.649543507957436                        0         0.62475926306193         0.62475926306193                        0
      2408                        0        0.649792542472272                        0        0.625107900325398        0.625107900325398                        0
      2436                        0        0.649975238329118                        0         0.62538881509046         0.62538881509046                        0
      2464                        0        0.650154113410126                        0        0.625663996007428        0.625663996007428                        0
      2492                        0         0.65039208666172                        0        0.625996957942995        0.625996957942995                        0
      2520                        0         0.65056609733252                        0        0.626264685356834        0.626264685356834                        0
      2548                        0        0.650736579185081                        0        0.626527115842284        0.626527115842284                        0
      2576                        0        0.650964340965896                        0        0.626845613446577        0.626845613446577                        0
      2604                        0        0.651130350407493                        0         0.62710118628618         0.62710118628618                        0
      2632                        0        0.651293091914367                        0        0.627351852691389        0.627351852691389                        0
      2660                        0        0.651511401245185                        0        0.627656967135943        0.627656967135943                        0
      2688                        0        0.651670019511922                        0        0.627901306939696        0.627901306939696                        0
