#square and square, nu_xymn_2
#MM NN: 5 2
#quadrature order: 16
#numpanels            c*(gradu.n)^2                      BEM        0.5*(gradu)^2 ex.       Boundary Formula 1       Boundary Formula 2
        56                        0        0.462197979607031                        0          0.3482007358615          0.3482007358615                        0
        84                        0        0.510878949443572                        0        0.419308114299456        0.419308114299456                        0
       112                        0        0.531944393859862                        0        0.450652299231209        0.450652299231209                        0
       140                        0        0.548634059902401                        0        0.475088716647523        0.475088716647523                        0
       168                        0        0.559939999791199                        0        0.492059575961123        0.492059575961123                        0
       196                        0         0.56873130983865                        0        0.505243474147698        0.505243474147698                        0
       224                        0        0.576518901905083                        0        0.516559773722481        0.516559773722481                        0
       252                        0        0.582386873834951                        0          0.5253590119213          0.5253590119213                        0
       280                        0        0.587221483024475                        0        0.532618600901036        0.532618600901036                        0
       308                        0        0.591892073178468                        0        0.539372938448383        0.539372938448383                        0
       336                        0        0.595526607064932                        0        0.544831565223954        0.544831565223954                        0
       364                        0        0.598683882469467                        0         0.54957660822164         0.54957660822164                        0
       392                        0        0.601904386722994                        0        0.554214363461329        0.554214363461329                        0
       420                        0        0.604446929055456                        0        0.558036356258406        0.558036356258406                        0
       448                        0        0.606715378179408                        0        0.561449289124042        0.561449289124042                        0
       476                        0        0.609117026565695                        0        0.564896599763575        0.564896599763575                        0
       504                        0        0.611023506490536                        0         0.56776583381808         0.56776583381808                        0
       532                        0         0.61275707122146                        0        0.570377060123993        0.570377060123993                        0
       560                        0        0.614644543357694                        0        0.573079128594225        0.573079128594225                        0
       588                        0        0.616144622083248                        0        0.575339467404576        0.575339467404576                        0
       616                        0        0.617526957306466                        0        0.577424166782957        0.577424166782957                        0
       644                        0        0.619065858852549                        0        0.579622332123208        0.579622332123208                        0
       672                        0        0.620287477855712                        0        0.581465349715963        0.581465349715963                        0
       700                        0        0.621424552639251                        0        0.583182254858029        0.583182254858029                        0
       728                        0        0.622713907584239                        0        0.585020452194861        0.585020452194861                        0
       756                        0         0.62373487670118                        0        0.586562630030616        0.586562630030616                        0
       784                        0        0.624692607708586                        0        0.588010469024141        0.588010469024141                        0
       812                        0        0.625795743633757                        0        0.589580546856448        0.589580546856448                        0
       840                        0        0.626666402933959                        0        0.590897244639613        0.590897244639613                        0
       868                        0        0.627488225115592                        0        0.592141074367489        0.592141074367489                        0
       896                        0        0.628447822151184                        0        0.593504816920762        0.593504816920762                        0
       924                        0        0.629202376227072                        0        0.594647244595408        0.594647244595408                        0
       952                        0         0.62991823158591                        0        0.595731918023055        0.595731918023055                        0
       980                        0         0.63076426964106                        0        0.596932652458412        0.596932652458412                        0
      1008                        0        0.631426883806832                        0        0.597936996726282        0.597936996726282                        0
      1036                        0        0.632058177939987                        0        0.598894586183715        0.598894586183715                        0
      1064                        0        0.632812436007125                        0        0.599963741514765        0.599963741514765                        0
      1092                        0        0.633400736880828                        0        0.600856404724879        0.600856404724879                        0
      1120                        0        0.633963237785842                        0        0.601710542229627        0.601710542229627                        0
      1148                        0        0.634641983619964                        0        0.602671563646811        0.602671563646811                        0
      1176                        0        0.635169174756952                        0        0.603472329371451        0.603472329371451                        0
      1204                        0        0.635674792416717                        0        0.604240870659161        0.604240870659161                        0
      1232                        0        0.636290464888334                        0        0.605111664147959        0.605111664147959                        0
      1260                        0        0.636766661506871                        0        0.605835694038943        0.605835694038943                        0
      1288                        0        0.637224585385124                        0        0.606532421195306        0.606532421195306                        0
      1316                        0        0.637786887364282                        0        0.607326939414731        0.607326939414731                        0
      1344                        0         0.63821998934746                        0        0.607986079205246        0.607986079205246                        0
      1372                        0        0.638637440767976                        0        0.608621826791869        0.608621826791869                        0
      1400                        0        0.639154072333009                        0        0.609351131700231        0.609351131700231                        0
      1428                        0        0.639550353131169                        0        0.609954792195407        0.609954792195407                        0
      1456                        0        0.639933097746386                        0        0.610538214294545        0.610538214294545                        0
      1484                        0        0.640410261930371                        0        0.611211209284624        0.611211209284624                        0
      1512                        0        0.640774776558708                        0        0.611766976751161        0.611766976751161                        0
      1540                        0        0.641127482407791                        0        0.612305082923583        0.612305082923583                        0
      1568                        0        0.641570242574317                        0        0.612929029632074        0.612929029632074                        0
      1596                        0        0.641907116939872                        0        0.613443098687663        0.613443098687663                        0
      1624                        0        0.642233610260181                        0         0.61394163692046         0.61394163692046                        0
      1652                        0        0.642646148049118                        0        0.614522527892853        0.614522527892853                        0
      1680                        0        0.642958788377269                        0        0.615000014889415        0.615000014889415                        0
      1708                        0        0.643262239999952                        0        0.615463750663919        0.615463750663919                        0
      1736                        0        0.643648045034052                        0        0.616006583188565        0.616006583188565                        0
      1764                        0        0.643939292245498                        0        0.616451757256003        0.616451757256003                        0
      1792                        0         0.64422235581047                        0        0.616884680513167        0.616884680513167                        0
      1820                        0        0.644584367570706                        0        0.617393661246313        0.617393661246313                        0
      1848                        0        0.644856612945286                        0         0.61781011742776         0.61781011742776                        0
      1876                        0        0.645121529009076                        0        0.618215598489348        0.618215598489348                        0
      1904                        0        0.645462244542003                        0        0.618694298680727        0.618694298680727                        0
      1932                        0        0.645717517654823                        0        0.619085089589486        0.619085089589486                        0
      1960                        0        0.645966193222737                        0        0.619465998296337        0.619465998296337                        0
      1988                        0        0.646287750024191                        0        0.619917473155209        0.619917473155209                        0
      2016                        0        0.646527786490214                        0        0.620285210423129        0.620285210423129                        0
      2044                        0        0.646761856555359                        0        0.620644008339416        0.620644008339416                        0
      2072                        0        0.647066097139032                        0        0.621070889961859        0.621070889961859                        0
      2100                        0        0.647292391432689                        0        0.621417823355591        0.621417823355591                        0
      2128                        0        0.647513267149105                        0        0.621756635962942        0.621756635962942                        0
      2156                        0        0.647801789912636                        0        0.622161206492534        0.622161206492534                        0
      2184                        0        0.648015637004071                        0         0.62248928629354         0.62248928629354                        0
      2212                        0        0.648224543800363                        0        0.622809960124653        0.622809960124653                        0
      2240                        0        0.648498743508691                        0        0.623194209944926        0.623194209944926                        0
      2268                        0        0.648701272014992                        0        0.623505136629423        0.623505136629423                        0
      2296                        0        0.648899280043153                        0        0.623809284921863        0.623809284921863                        0
      2324                        0        0.649160380352685                        0        0.624174959383248        0.624174959383248                        0
      2352                        0        0.649352579178189                        0        0.624470223555467        0.624470223555467                        0
      2380                        0        0.649540627857816                        0         0.62475926306193         0.62475926306193                        0
      2408                        0        0.649789707672599                        0        0.625107900325398        0.625107900325398                        0
      2436                        0        0.649972447599621                        0         0.62538881509046         0.62538881509046                        0
      2464                        0        0.650151365568117                        0        0.625663996007428        0.625663996007428                        0
      2492                        0        0.650389380569274                        0        0.625996957942995        0.625996957942995                        0
      2520                        0        0.650563431894304                        0        0.626264685356834        0.626264685356834                        0
      2548                        0        0.650733953346306                        0        0.626527115842284        0.626527115842284                        0
      2576                        0        0.650961753710387                        0        0.626845613446577        0.626845613446577                        0
      2604                        0        0.651127800755874                        0         0.62710118628618         0.62710118628618                        0
      2632                        0        0.651290578922354                        0        0.627351852691389        0.627351852691389                        0
      2660                        0        0.651508924001961                        0        0.627656967135943        0.627656967135943                        0
