#square and square, nu_xymn_2
#MM NN: 3 3
#quadrature order: 16
#numpanels            c*(gradu.n)^2                      BEM        0.5*(gradu)^2 ex.       Boundary Formula 1       Boundary Formula 2
        56                        0        0.558761525771254                        0        0.453201463467463        0.453201463467463                        0
        84                        0        0.616680413922329                        0        0.534230924279439        0.534230924279439                        0
       112                        0        0.636025843920499                        0        0.561704898286174        0.561704898286174                        0
       140                        0        0.652478968299571                        0        0.584400513471361        0.584400513471361                        0
       168                        0         0.66232748500566                        0        0.598893203415378        0.598893203415378                        0
       196                        0        0.670037736384665                        0        0.610262197996132        0.610262197996132                        0
       224                        0        0.678044227999886                        0        0.621265268113855        0.621265268113855                        0
       252                        0         0.68328204785278                        0        0.629055579973422        0.629055579973422                        0
       280                        0        0.687427309527168                        0        0.635266301578186        0.635266301578186                        0
       308                        0        0.692286366444667                        0        0.641930203682928        0.641930203682928                        0
       336                        0        0.695468081988028                        0        0.646724763048211        0.646724763048211                        0
       364                        0        0.698169878773878                        0        0.650814370254218        0.650814370254218                        0
       392                        0        0.701591766774552                        0        0.655493332851247        0.655493332851247                        0
       420                        0        0.703813203410304                        0        0.658868550143912        0.658868550143912                        0
       448                        0        0.705750228338112                        0        0.661824885314148        0.661824885314148                        0
       476                        0        0.708344028705008                        0        0.665361642807564        0.665361642807564                        0
       504                        0        0.710003679965616                        0        0.667901538019587        0.667901538019587                        0
       532                        0         0.71148180115834                        0        0.670172905584263        0.670172905584263                        0
       560                        0        0.713549273941743                        0         0.67298460104324         0.67298460104324                        0
       588                        0         0.71485133246295                        0        0.674989454390389        0.674989454390389                        0
       616                        0        0.716028010997819                        0         0.67680829333363         0.67680829333363                        0
       644                        0        0.717734109476419                        0        0.679122888891207        0.679122888891207                        0
       672                        0        0.718791332903037                        0        0.680759569833477        0.680759569833477                        0
       700                        0        0.719757446207626                        0        0.682260733833906        0.682260733833906                        0
       728                        0        0.721201948325588                        0         0.68421600167926         0.68421600167926                        0
       756                        0        0.722082917267733                        0        0.685586451834379        0.685586451834379                        0
       784                        0        0.722894996798673                        0        0.686854216311931        0.686854216311931                        0
       812                        0         0.72414233277341                        0        0.688539040951177        0.688539040951177                        0
       840                        0        0.724891374210519                        0        0.689709421407208        0.689709421407208                        0
       868                        0        0.725586697743054                        0        0.690799581881355        0.690799581881355                        0
       896                        0        0.726680693314938                        0        0.692274365123659        0.692274365123659                        0
       924                        0        0.727327916921175                        0         0.69328977945334         0.69328977945334                        0
       952                        0        0.727932201338984                        0        0.694240965868015        0.694240965868015                        0
       980                        0        0.728903901664359                        0        0.695548453747163        0.695548453747163                        0
      1008                        0        0.729470573670988                        0          0.6964408631703          0.6964408631703                        0
      1036                        0        0.730002217271914                        0        0.697280801844327        0.697280801844327                        0
      1064                        0        0.730874350653375                        0        0.698452258957101        0.698452258957101                        0
      1092                        0        0.731375979013377                        0        0.699245040759656        0.699245040759656                        0
      1120                        0        0.731848542886231                        0        0.699994229114639        0.699994229114639                        0
      1148                        0        0.732638207592753                        0        0.701053153325872        0.701053153325872                        0
      1176                        0        0.733086405432168                        0         0.70176386232125         0.70176386232125                        0
      1204                        0        0.733510137703508                        0        0.702437832831321        0.702437832831321                        0
      1232                        0        0.734230493906636                        0        0.703402293245277        0.703402293245277                        0
      1260                        0        0.734634154985803                        0        0.704044408376053        0.704044408376053                        0
      1288                        0        0.735016965812433                        0        0.704655180627429        0.704655180627429                        0
      1316                        0        0.735678341722601                        0        0.705539345235025        0.705539345235025                        0
      1344                        0        0.736044409230252                        0        0.706123414756317        0.706123414756317                        0
      1372                        0        0.736392516201438                        0        0.706680459042965        0.706680459042965                        0
      1400                        0        0.737003154659796                        0        0.707495625227423        0.707495625227423                        0
      1428                        0        0.737337139833785                        0        0.708030041024676        0.708030041024676                        0
      1456                        0        0.737655507918685                        0        0.708540936718739        0.708540936718739                        0
      1484                        0        0.738222084316845                        0         0.70929624571954         0.70929624571954                        0
      1512                        0        0.738528425767491                        0        0.709787780953993        0.709787780953993                        0
      1540                        0        0.738821074932968                        0        0.710258677845726        0.710258677845726                        0
      1568                        0        0.739349065164246                        0        0.710961622049878        0.710961622049878                        0
      1596                        0        0.739631383696697                        0        0.711415813219201        0.711415813219201                        0
      1624                        0        0.739901608834645                        0        0.711851762018877        0.711851762018877                        0
      1652                        0        0.740395556225391                        0        0.712508552766251        0.712508552766251                        0
      1680                        0        0.740656839296099                        0        0.712929976798399        0.712929976798399                        0
      1708                        0         0.74090737057346                        0        0.713335170569524        0.713335170569524                        0
      1736                        0        0.741371083143293                        0        0.713951009802593        0.713951009802593                        0
      1764                        0        0.741613820831428                        0        0.714343488688146        0.714343488688146                        0
      1792                        0        0.741846942659279                        0         0.71472144230161         0.71472144230161                        0
      1820                        0        0.742283641317995                        0        0.715300726535517        0.715300726535517                        0
      1848                        0        0.742509928196835                        0        0.715667480906742        0.715667480906742                        0
      1876                        0        0.742727568886451                        0        0.716021166513658        0.716021166513658                        0
      1904                        0        0.743140000426862                        0        0.716567642265501        0.716567642265501                        0
      1932                        0        0.743351613009671                        0        0.716911408346439        0.716911408346439                        0
      1960                        0        0.743555413294253                        0        0.717243359087626        0.717243359087626                        0
      1988                        0        0.743945937700161                        0        0.717760242909137        0.717760242909137                        0
      2016                        0        0.744144394098041                        0        0.718083362747317        0.718083362747317                        0
      2044                        0        0.744335760172106                        0         0.71839575315638         0.71839575315638                        0
      2072                        0        0.744706418899138                        0        0.718885825456744        0.718885825456744                        0
      2100                        0        0.744893025329985                        0        0.719190317374494        0.719190317374494                        0
      2128                        0        0.745073170382043                        0         0.71948502643264         0.71948502643264                        0
      2156                        0        0.745425740348409                        0        0.719950705625892        0.719950705625892                        0
      2184                        0        0.745601627793163                        0        0.720238319827936        0.720238319827936                        0
      2212                        0        0.745771604874247                        0        0.720516980938855        0.720516980938855                        0
      2240                        0        0.746107641583553                        0         0.72096038263437         0.72096038263437                        0
      2268                        0        0.746273794967099                        0        0.721232645537478        0.721232645537478                        0
      2296                        0        0.746434523254794                        0        0.721496686514989        0.721496686514989                        0
      2324                        0        0.746755395558343                        0        0.721919671209032        0.721919671209032                        0
      2352                        0        0.746912677194455                        0        0.722177921106579        0.722177921106579                        0
      2380                        0        0.747064963167234                        0        0.722428596456802        0.722428596456802                        0
      2408                        0        0.747371881525432                        0        0.722832808283598        0.722832808283598                        0
      2436                        0        0.747521050113455                        0        0.723078224281598        0.723078224281598                        0
      2464                        0        0.747665604763935                        0        0.723316641480724        0.723316641480724                        0
      2492                        0        0.747959644403952                        0          0.7237035399504          0.7237035399504                        0
      2520                        0        0.748101370542089                        0        0.723937165626873        0.723937165626873                        0
