#square and square, nu_xymn_2
#MM NN: 2 1
#quadrature order: 16
#numpanels            c*(gradu.n)^2                      BEM        0.5*(gradu)^2 ex.       Boundary Formula 1       Boundary Formula 2
        56                        0        0.652717009623047                        0        0.545487892921931        0.545487892921931                        0
        84                        0        0.709960934220354                        0        0.630180741111335        0.630180741111335                        0
       112                        0        0.723927945599265                        0        0.651388387664056        0.651388387664056                        0
       140                        0        0.738812381848016                        0          0.6719912469257          0.6719912469257                        0
       168                        0        0.746547379001384                        0        0.684085319687621        0.684085319687621                        0
       196                        0        0.752886189991504                        0        0.693908574245495        0.693908574245495                        0
       224                        0        0.761100768011294                        0         0.70501712424291         0.70501712424291                        0
       252                        0        0.765637844123662                        0        0.712064027222481        0.712064027222481                        0
       280                        0        0.769041552123679                        0        0.717434671859788        0.717434671859788                        0
       308                        0        0.774155221877159                        0        0.724287527974631        0.724287527974631                        0
       336                        0        0.776872878016853                        0        0.728583697988932        0.728583697988932                        0
       364                        0        0.779109402861768                        0        0.732153577369099        0.732153577369099                        0
       392                        0        0.782801141755453                        0        0.737066121022688        0.737066121022688                        0
       420                        0        0.784702107668672                        0        0.740101753401445        0.740101753401445                        0
       448                        0        0.786305634839449                        0        0.742689691853409        0.742689691853409                        0
       476                        0        0.789150455812155                        0        0.746453886753697        0.746453886753697                        0
       504                        0        0.790564997144096                        0        0.748735990653033        0.748735990653033                        0
       532                        0        0.791786835990221                        0        0.750727175400755        0.750727175400755                        0
       560                        0        0.794084115697518                        0        0.753752459516872        0.753752459516872                        0
       588                        0        0.795189117610543                        0        0.755551498527165        0.755551498527165                        0
       616                        0        0.796159005957454                        0        0.757146244010442        0.757146244010442                        0
       644                        0        0.798074742929302                        0        0.759658712431067        0.759658712431067                        0
       672                        0        0.798967539131645                        0        0.761124614505269        0.761124614505269                        0
       700                        0        0.799761009782524                        0        0.762440092959485        0.762440092959485                        0
       728                        0        0.801397301482379                        0        0.764578282519978        0.764578282519978                        0
       756                        0        0.802137394069068                        0        0.765803088547236        0.765803088547236                        0
       784                        0        0.802801645400727                        0        0.766912876285279        0.766912876285279                        0
       812                        0         0.80422523877406                        0        0.768767067356454        0.768767067356454                        0
       840                        0        0.804851140360962                        0        0.769810626641977        0.769810626641977                        0
       868                        0        0.805417406262338                        0        0.770763630257676        0.770763630257676                        0
       896                        0        0.806674187069454                        0        0.772395710994523        0.772395710994523                        0
       924                        0        0.807212085179301                        0        0.773298891436618        0.773298891436618                        0
       952                        0        0.807701964986457                        0        0.774129073977559        0.774129073977559                        0
       980                        0        0.808824732371955                        0         0.77558316943841         0.77558316943841                        0
      1008                        0        0.809293128992659                        0         0.77637496138334         0.77637496138334                        0
      1036                        0        0.809722100912516                        0        0.777106757550279        0.777106757550279                        0
      1064                        0        0.810735056937024                        0        0.778415351574939        0.778415351574939                        0
      1092                        0        0.811147442823475                        0        0.779116974136647        0.779116974136647                        0
      1120                        0        0.811526927832823                        0        0.779768481516207        0.779768481516207                        0
      1148                        0        0.812448406260766                        0        0.780956129104371        0.780956129104371                        0
      1176                        0        0.812814879464214                        0        0.781583522940245        0.781583522940245                        0
      1204                        0        0.813153513765436                        0        0.782168475377984        0.782168475377984                        0
      1232                        0        0.813997713387828                        0        0.783254155840996        0.783254155840996                        0
      1260                        0        0.814326001964828                        0        0.783819562768098        0.783819562768098                        0
      1288                        0        0.814630453294024                        0        0.784348599968918        0.784348599968918                        0
      1316                        0        0.815408579811444                        0        0.785347264166609        0.785347264166609                        0
      1344                        0        0.815704711508023                        0         0.78586026437401         0.78586026437401                        0
      1372                        0        0.815980220777782                        0        0.786341776635442        0.786341776635442                        0
      1400                        0        0.816701262810106                        0        0.787265396589786        0.787265396589786                        0
      1428                        0        0.816970017205943                        0        0.787733610783795        0.787733610783795                        0
      1456                        0        0.817220768432151                        0        0.788174317450151        0.788174317450151                        0
      1484                        0        0.817892039178916                        0        0.789032617770777        0.789032617770777                        0
      1512                        0         0.81813726112698                        0        0.789462195170538        0.789462195170538                        0
      1540                        0        0.818366640487618                        0        0.789867550752898        0.789867550752898                        0
      1568                        0         0.81899416471181                        0        0.790668530385235        0.790668530385235                        0
      1596                        0        0.819218986693207                        0         0.79106449576333         0.79106449576333                        0
      1624                        0        0.819429767968544                        0        0.791438981363063        0.791438981363063                        0
      1652                        0        0.820018564181356                        0        0.792189293486537        0.792189293486537                        0
      1680                        0        0.820225567281153                        0        0.792555799013889        0.792555799013889                        0
      1708                        0        0.820420047191586                        0        0.792903135511735        0.792903135511735                        0
      1736                        0        0.820974337173697                        0        0.793608369222145        0.793608369222145                        0
      1764                        0        0.821165669740638                        0         0.79394888053943         0.79394888053943                        0
      1792                        0        0.821345768434812                        0        0.794272187250461        0.794272187250461                        0
      1820                        0        0.821869135335253                        0        0.794937079831751        0.794937079831751                        0
      1848                        0        0.822046601868926                        0        0.795254515746077        0.795254515746077                        0
      1876                        0        0.822213938695919                        0        0.795556430317525        0.795556430317525                        0
      1904                        0        0.822709448066208                        0         0.79618502954405         0.79618502954405                        0
      1932                        0        0.822874576773758                        0        0.796481868433794        0.796481868433794                        0
      1960                        0        0.823030528217711                        0        0.796764638714835        0.796764638714835                        0
      1988                        0         0.82350082188906                        0        0.797360428587453        0.797360428587453                        0
      2016                        0        0.823654916706303                        0        0.797638790511061        0.797638790511061                        0
      2044                        0        0.823800661243193                        0        0.797904345832537        0.797904345832537                        0
      2072                        0        0.824248031006579                        0        0.798470345150264        0.798470345150264                        0
      2100                        0        0.824392212135372                        0        0.798732055960943        0.798732055960943                        0
      2128                        0         0.82452876536369                        0        0.798982063072699        0.798982063072699                        0
      2156                        0        0.824955211424996                        0        0.799520903549804        0.799520903549804                        0
      2184                        0         0.82509044726659                        0        0.799767545502822        0.799767545502822                        0
      2212                        0        0.825218689710885                        0        0.800003452933133        0.800003452933133                        0
      2240                        0        0.825625967526839                        0        0.800517441722189        0.800517441722189                        0
      2268                        0        0.825753100088436                        0        0.800750393817066        0.800750393817066                        0
      2296                        0        0.825873799415143                        0         0.80097346738402         0.80097346738402                        0
      2324                        0        0.826263457561461                        0        0.801464637577477        0.801464637577477                        0
      2352                        0         0.82638322285605                        0        0.801685108012001        0.801685108012001                        0
      2380                        0        0.826497051781853                        0        0.801896459503578        0.801896459503578                        0
      2408                        0        0.826870462826716                        0        0.802366611264686        0.802366611264686                        0
      2436                        0        0.826983507391376                        0        0.802575663762978        0.802575663762978                        0
      2464                        0        0.827091058238754                        0        0.802776274290759        0.802776274290759                        0
      2492                        0        0.827449444108766                        0        0.803227008615917        0.803227008615917                        0
      2520                        0        0.827556338484473                        0        0.803425583951875        0.803425583951875                        0
      2548                        0        0.827658135100547                        0        0.803616323107994        0.803616323107994                        0
      2576                        0        0.828002588072228                        0        0.804049069741759        0.804049069741759                        0
      2604                        0        0.828103837884346                        0        0.804238003463169        0.804238003463169                        0
      2632                        0        0.828200345470769                        0        0.804419645147993        0.804419645147993                        0
      2660                        0         0.82853184565589                        0        0.804835685812669        0.804835685812669                        0
      2688                        0        0.828627900784064                        0        0.805015722934506        0.805015722934506                        0
      2716                        0        0.828719534055591                        0        0.805188958515231        0.805188958515231                        0
