#square and square, nu_xymn_2
#MM NN: 1 3
#quadrature order: 16
#numpanels            c*(gradu.n)^2                      BEM        0.5*(gradu)^2 ex.       Boundary Formula 1       Boundary Formula 2
        56                        0        0.819799936328236                        0        0.727662900098559        0.727662900098559                        0
        84                        0        0.884693731992999                        0        0.819238251623389        0.819238251623389                        0
       112                        0        0.891200029051578                        0         0.82797718988278         0.82797718988278                        0
       140                        0        0.904752856357669                        0        0.844489123794465        0.844489123794465                        0
       168                        0        0.909339447037918                        0        0.851862648998696        0.851862648998696                        0
       196                        0        0.913656362206401                        0        0.858673847528513        0.858673847528513                        0
       224                        0        0.922776670181952                        0        0.870039656391837        0.870039656391837                        0
       252                        0        0.926267890808291                        0        0.875632946145477        0.875632946145477                        0
       280                        0        0.928468851886086                        0        0.879365722936641        0.879365722936641                        0
       308                        0        0.934302303172446                        0        0.886621935884539        0.886621935884539                        0
       336                        0         0.93626006035189                        0        0.889941701384349        0.889941701384349                        0
       364                        0        0.937708617067243                        0        0.892497110065587        0.892497110065587                        0
       392                        0        0.942052188556787                        0        0.897891508633637        0.897891508633637                        0
       420                        0        0.943407119310449                        0        0.900260793749994        0.900260793749994                        0
       448                        0        0.944428067472385                        0        0.902128274628721        0.902128274628721                        0
       476                        0        0.947842913725672                        0        0.906356647577719        0.906356647577719                        0
       504                        0        0.948827201609953                        0        0.908131979249017        0.908131979249017                        0
       532                        0        0.949591533314445                        0        0.909574240581491        0.909574240581491                        0
       560                        0        0.952393270790208                        0        0.913032927496208        0.913032927496208                        0
       588                        0        0.953145025122062                        0        0.914426723414034        0.914426723414034                        0
       616                        0        0.953739739043561                        0        0.915581724100129        0.915581724100129                        0
       644                        0        0.956106155996555                        0        0.918494287223668        0.918494287223668                        0
       672                        0         0.95669951625072                        0         0.91962346579913         0.91962346579913                        0
       700                        0         0.95717584527623                        0        0.920574052411089        0.920574052411089                        0
       728                        0        0.959218704295036                        0        0.923081220603384        0.923081220603384                        0
       756                        0         0.95969911631148                        0        0.924018523846743        0.924018523846743                        0
       784                        0         0.96008912665425                        0        0.924817487520417        0.924817487520417                        0
       812                        0        0.961882648645496                        0        0.927012725848646        0.927012725848646                        0
       840                        0        0.962279375135644                        0        0.927805688834818        0.927805688834818                        0
       868                        0        0.962604313089459                        0        0.928488542046415        0.928488542046415                        0
       896                        0        0.964200218470283                        0        0.930436956707821        0.930436956707821                        0
       924                        0        0.964533069312872                        0        0.931118175655075        0.931118175655075                        0
       952                        0        0.964807619543611                        0        0.931709799453923        0.931709799453923                        0
       980                        0        0.966243305937973                        0        0.933458433554548        0.933458433554548                        0
      1008                        0        0.966526204141772                        0        0.934051091332158        0.934051091332158                        0
      1036                        0        0.966760873351648                        0         0.93456950891204         0.93456950891204                        0
      1064                        0        0.968064213888037                        0        0.936153392906846        0.936153392906846                        0
      1092                        0        0.968307255513138                        0        0.936674485693288        0.936674485693288                        0
      1120                        0        0.968509777650919                        0        0.937133115945701        0.937133115945701                        0
      1148                        0        0.969702074277991                        0        0.938578994407313        0.938578994407313                        0
      1176                        0        0.969912772750745                        0        0.939041301433239        0.939041301433239                        0
      1204                        0        0.970088978092117                        0        0.939450368537922        0.939450368537922                        0
      1232                        0        0.971186858704734                        0        0.940779094990135        0.940779094990135                        0
      1260                        0        0.971370929795621                        0          0.9411924329154          0.9411924329154                        0
      1288                        0        0.971525303583648                        0        0.941559881746157        0.941559881746157                        0
      1316                        0        0.972541984214253                        0        0.942788012073983        0.942788012073983                        0
      1344                        0        0.972703858928593                        0        0.943160061772432        0.943160061772432                        0
      1372                        0        0.972839912504354                        0        0.943492171761175        0.943492171761175                        0
      1400                        0        0.973786062702674                        0        0.944633056505988        0.944633056505988                        0
      1428                        0        0.973929232716565                        0        0.944969924459247        0.944969924459247                        0
      1456                        0        0.974049757136758                        0        0.945271732735112        0.945271732735112                        0
      1484                        0        0.974934108838674                        0        0.946336285377424        0.946336285377424                        0
      1512                        0        0.975061365320437                        0        0.946642894777885        0.946642894777885                        0
      1540                        0        0.975168608972154                        0         0.94691849490412         0.94691849490412                        0
      1568                        0        0.975998394657434                        0        0.947915744502585        0.947915744502585                        0
      1596                        0        0.976111997199888                        0        0.948196113905884        0.948196113905884                        0
      1624                        0        0.976207792888936                        0        0.948448871263971        0.948448871263971                        0
      1652                        0        0.976989067201557                        0        0.949386367901475        0.949386367901475                        0
      1680                        0        0.977090865750884                        0        0.949643813731828        0.949643813731828                        0
      1708                        0        0.977176723379868                        0        0.949876523719712        0.949876523719712                        0
      1736                        0        0.977914603387255                        0        0.950760641208346        0.950760641208346                        0
      1764                        0        0.978006127836062                        0        0.950997927536115        0.950997927536115                        0
      1792                        0        0.978083303140956                        0        0.951212933703649        0.951212933703649                        0
      1820                        0        0.978782150649169                        0        0.952049099144673        0.952049099144673                        0
      1848                        0        0.978864677730874                        0        0.952268550220514        0.952268550220514                        0
      1876                        0        0.978934224039119                        0        0.952467833807639        0.952467833807639                        0
      1904                        0        0.979597785897024                        0         0.95326070413749         0.95326070413749                        0
      1932                        0         0.97967238985727                        0        0.953464290151614        0.953464290151614                        0
      1960                        0        0.979735197596997                        0        0.953649538866598        0.953649538866598                        0
      1988                        0         0.98036671505098                        0        0.954403138366894        0.954403138366894                        0
      2016                        0        0.980434306532967                        0        0.954592541645416        0.954592541645416                        0
      2044                        0        0.980491133767364                        0         0.95476520314117         0.95476520314117                        0
      2072                        0        0.981093428681119                        0        0.955483031782306        0.955483031782306                        0
      2100                        0         0.98115478492153                        0        0.955659698481806        0.955659698481806                        0
      2128                        0        0.981206281214259                        0        0.955821022396725        0.955821022396725                        0
      2156                        0        0.981781824765868                        0        0.956506142101801        0.956506142101801                        0
      2184                        0        0.981837613297798                        0        0.956671323010459        0.956671323010459                        0
      2212                        0        0.981884338559943                        0        0.956822394358368        0.956822394358368                        0
      2240                        0        0.982435306506252                        0        0.957477498349954        0.957477498349954                        0
      2268                        0        0.982486103950164                        0         0.95763228140582         0.95763228140582                        0
      2296                        0        0.982528543464537                        0         0.95777404733892         0.95777404733892                        0
      2324                        0        0.983056860994264                        0        0.958401516383146        0.958401516383146                        0
      2352                        0        0.983103168091581                        0        0.958546852825538        0.958546852825538                        0
      2380                        0        0.983141744594232                        0         0.95868014427113         0.95868014427113                        0
      2408                        0        0.983649123028268                        0        0.959282092663837        0.959282092663837                        0
      2436                        0        0.983691376770281                        0        0.959418818239255        0.959418818239255                        0
      2464                        0        0.983726460245347                        0        0.959544367533279        0.959544367533279                        0
      2492                        0         0.98421442729341                        0        0.960122680986247        0.960122680986247                        0
      2520                        0        0.984253010782776                        0        0.960251533274892        0.960251533274892                        0
      2548                        0        0.984284926461592                        0        0.960369988635805        0.960369988635805                        0
      2576                        0        0.984754851342389                        0        0.960926355710028        0.960926355710028                        0
      2604                        0        0.984790101869538                        0        0.961047988385095        0.961047988385095                        0
      2632                        0        0.984819136809982                        0        0.961159925878773        0.961159925878773                        0
      2660                        0        0.985272251240806                        0        0.961695864228547        0.961695864228547                        0
      2688                        0        0.985304466943028                        0        0.961810858868965        0.961810858868965                        0
