#square and square, nu_xymn_2
#MM NN: 1 4
#quadrature order: 16
#numpanels            c*(gradu.n)^2                      BEM        0.5*(gradu)^2 ex.       Boundary Formula 1       Boundary Formula 2
        56                        0        0.814221763196442                        0        0.727662900098559        0.727662900098559                        0
        84                        0        0.881896416873984                        0        0.819238251623389        0.819238251623389                        0
       112                        0         0.88938153316516                        0         0.82797718988278         0.82797718988278                        0
       140                        0        0.903463870342484                        0        0.844489123794465        0.844489123794465                        0
       168                        0        0.908363311668923                        0        0.851862648998696        0.851862648998696                        0
       196                        0        0.912883632511727                        0        0.858673847528513        0.858673847528513                        0
       224                        0        0.922144630849017                        0        0.870039656391837        0.870039656391837                        0
       252                        0        0.925737913619491                        0        0.875632946145477        0.875632946145477                        0
       280                        0         0.92801569049212                        0        0.879365722936641        0.879365722936641                        0
       308                        0        0.933908682612883                        0        0.886621935884539        0.886621935884539                        0
       336                        0        0.935913711956466                        0        0.889941701384349        0.889941701384349                        0
       364                        0        0.937400556535817                        0        0.892497110065587        0.892497110065587                        0
       392                        0        0.941775665562515                        0        0.897891508633637        0.897891508633637                        0
       420                        0        0.943156950095878                        0        0.900260793749994        0.900260793749994                        0
       448                        0        0.944200195847337                        0        0.902128274628721        0.902128274628721                        0
       476                        0        0.947634113586993                        0        0.906356647577719        0.906356647577719                        0
       504                        0        0.948634870087637                        0        0.908131979249017        0.908131979249017                        0
       532                        0        0.949413543643073                        0        0.909574240581491        0.909574240581491                        0
       560                        0        0.952227865547603                        0        0.913032927496208        0.913032927496208                        0
       588                        0        0.952990737368801                        0        0.914426723414034        0.914426723414034                        0
       616                        0        0.953595333135931                        0        0.915581724100129        0.915581724100129                        0
       644                        0        0.955970582522577                        0        0.918494287223668        0.918494287223668                        0
       672                        0         0.95657187727029                        0         0.91962346579913         0.91962346579913                        0
       700                        0        0.957055367190321                        0        0.920574052411089        0.920574052411089                        0
       728                        0         0.95910471643952                        0        0.923081220603384        0.923081220603384                        0
       756                        0        0.959591033899495                        0        0.924018523846743        0.924018523846743                        0
       784                        0        0.959986437059211                        0        0.924817487520417        0.924817487520417                        0
       812                        0        0.961784900277247                        0        0.927012725848646        0.927012725848646                        0
       840                        0        0.962186168348875                        0        0.927805688834818        0.927805688834818                        0
       868                        0        0.962515292699112                        0        0.928488542046415        0.928488542046415                        0
       896                        0         0.96411506754819                        0        0.930436956707821        0.930436956707821                        0
       924                        0        0.964451504013828                        0        0.931118175655075        0.931118175655075                        0
       952                        0        0.964729384764568                        0        0.931709799453923        0.931709799453923                        0
       980                        0         0.96616817165602                        0        0.933458433554548        0.933458433554548                        0
      1008                        0          0.9664539623087                        0        0.934051091332158        0.934051091332158                        0
      1036                        0        0.966691335247604                        0         0.93456950891204         0.93456950891204                        0
      1064                        0        0.967997207856006                        0        0.936153392906846        0.936153392906846                        0
      1092                        0        0.968242625010981                        0        0.936674485693288        0.936674485693288                        0
      1120                        0        0.968447379569576                        0        0.937133115945701        0.937133115945701                        0
      1148                        0        0.969641777483778                        0        0.938578994407313        0.938578994407313                        0
      1176                        0        0.969854456817256                        0        0.939041301433239        0.939041301433239                        0
      1204                        0        0.970032532193132                        0        0.939450368537922        0.939450368537922                        0
      1232                        0        0.971132180644507                        0        0.940779094990135        0.940779094990135                        0
      1260                        0        0.971317925156767                        0          0.9411924329154          0.9411924329154                        0
      1288                        0        0.971473884976104                        0        0.941559881746157        0.941559881746157                        0
      1316                        0        0.972492070611403                        0        0.942788012073983        0.942788012073983                        0
      1344                        0        0.972655375078817                        0        0.943160061772432        0.943160061772432                        0
      1372                        0        0.972792788408057                        0        0.943492171761175        0.943492171761175                        0
      1400                        0        0.973740233146315                        0        0.944633056505988        0.944633056505988                        0
      1428                        0        0.973884636856487                        0        0.944969924459247        0.944969924459247                        0
      1456                        0        0.974006338126607                        0        0.945271732735112        0.945271732735112                        0
      1484                        0        0.974891813495123                        0        0.946336285377424        0.946336285377424                        0
      1512                        0        0.975020143822606                        0        0.946642894777885        0.946642894777885                        0
      1540                        0        0.975128414590788                        0         0.94691849490412         0.94691849490412                        0
      1568                        0         0.97595918351041                        0        0.947915744502585        0.947915744502585                        0
      1596                        0        0.976073728031053                        0        0.948196113905884        0.948196113905884                        0
      1624                        0        0.976170426867701                        0        0.948448871263971        0.948448871263971                        0
      1652                        0         0.97695256774096                        0        0.949386367901475        0.949386367901475                        0
      1680                        0         0.97705519834215                        0        0.949643813731828        0.949643813731828                        0
      1708                        0        0.977141855441712                        0        0.949876523719712        0.949876523719712                        0
      1736                        0        0.977880504128402                        0        0.950760641208346        0.950760641208346                        0
      1764                        0        0.977972768129622                        0        0.950997927536115        0.950997927536115                        0
      1792                        0         0.97805065540947                        0        0.951212933703649        0.951212933703649                        0
      1820                        0        0.978750188759265                        0        0.952049099144673        0.952049099144673                        0
      1848                        0        0.978833376896587                        0        0.952268550220514        0.952268550220514                        0
      1876                        0        0.978903560733055                        0        0.952467833807639        0.952467833807639                        0
      1904                        0        0.979567737768611                        0         0.95326070413749         0.95326070413749                        0
      1932                        0         0.97964293565745                        0        0.953464290151614        0.953464290151614                        0
      1960                        0        0.979706317108752                        0        0.953649538866598        0.953649538866598                        0
      1988                        0        0.980338389025171                        0        0.954403138366894        0.954403138366894                        0
      2016                        0        0.980406516629002                        0        0.954592541645416        0.954592541645416                        0
      2044                        0         0.98046386249829                        0         0.95476520314117         0.95476520314117                        0
      2072                        0        0.981066659362723                        0        0.955483031782306        0.955483031782306                        0
      2100                        0        0.981128501625131                        0        0.955659698481806        0.955659698481806                        0
      2128                        0         0.98118046872287                        0        0.955821022396725        0.955821022396725                        0
      2156                        0        0.981756468533436                        0        0.956506142101801        0.956506142101801                        0
      2184                        0        0.981812699411285                        0        0.956671323010459        0.956671323010459                        0
      2212                        0        0.981859853704004                        0        0.956822394358368        0.956822394358368                        0
      2240                        0         0.98241123793031                        0        0.957477498349954        0.957477498349954                        0
      2268                        0        0.982462439437684                        0         0.95763228140582         0.95763228140582                        0
      2296                        0        0.982505271304333                        0         0.95777404733892         0.95777404733892                        0
      2324                        0        0.983033969953675                        0        0.958401516383146        0.958401516383146                        0
      2352                        0         0.98308064739139                        0        0.958546852825538        0.958546852825538                        0
      2380                        0        0.983119583885157                        0         0.95868014427113         0.95868014427113                        0
      2408                        0         0.98362731236896                        0        0.959282092663837        0.959282092663837                        0
      2436                        0        0.983669906606679                        0        0.959418818239255        0.959418818239255                        0
      2464                        0        0.983705321391305                        0        0.959544367533279        0.959544367533279                        0
      2492                        0        0.984193610912496                        0        0.960122680986247        0.960122680986247                        0
      2520                        0        0.984232508371177                        0        0.960251533274892        0.960251533274892                        0
      2548                        0        0.984264729832033                        0        0.960369988635805        0.960369988635805                        0
      2576                        0        0.984734952608988                        0        0.960926355710028        0.960926355710028                        0
      2604                        0        0.984770493433557                        0        0.961047988385095        0.961047988385095                        0
      2632                        0        0.984799811346384                        0        0.961159925878773        0.961159925878773                        0
      2660                        0        0.985253201685587                        0        0.961695864228547        0.961695864228547                        0
      2688                        0        0.985285686481261                        0        0.961810858868965        0.961810858868965                        0
