#square and square, nu_xymn_2
#MM NN: 2 5
#quadrature order: 16
#numpanels            c*(gradu.n)^2                      BEM        0.5*(gradu)^2 ex.       Boundary Formula 1       Boundary Formula 2
        56                        0         0.63608867088296                        0        0.545487892921931        0.545487892921931                        0
        84                        0        0.701392192433914                        0        0.630180741111335        0.630180741111335                        0
       112                        0        0.718277711595882                        0        0.651388387664056        0.651388387664056                        0
       140                        0        0.734779998513722                        0          0.6719912469257          0.6719912469257                        0
       168                        0        0.743482509507711                        0        0.684085319687621        0.684085319687621                        0
       196                        0        0.750454977238247                        0        0.693908574245495        0.693908574245495                        0
       224                        0        0.759109844494343                        0         0.70501712424291         0.70501712424291                        0
       252                        0        0.763967277401067                        0        0.712064027222481        0.712064027222481                        0
       280                        0        0.767612581401652                        0        0.717434671859788        0.717434671859788                        0
       308                        0        0.772913771690521                        0        0.724287527974631        0.724287527974631                        0
       336                        0        0.775780449593357                        0        0.728583697988932        0.728583697988932                        0
       364                        0        0.778137752648013                        0        0.732153577369099        0.732153577369099                        0
       392                        0        0.781929020379763                        0        0.737066121022688        0.737066121022688                        0
       420                        0        0.783913180588068                        0        0.740101753401445        0.740101753401445                        0
       448                        0        0.785587110775805                        0        0.742689691853409        0.742689691853409                        0
       476                        0        0.788492155275764                        0        0.746453886753697        0.746453886753697                        0
       504                        0        0.789958703569502                        0        0.748735990653033        0.748735990653033                        0
       532                        0        0.791225833549527                        0        0.750727175400755        0.750727175400755                        0
       560                        0        0.793562853524359                        0        0.753752459516872        0.753752459516872                        0
       588                        0        0.794702961533476                        0        0.755551498527165        0.755551498527165                        0
       616                        0        0.795704052018844                        0        0.757146244010442        0.757146244010442                        0
       644                        0         0.79764767530744                        0        0.759658712431067        0.759658712431067                        0
       672                        0        0.798565520489259                        0        0.761124614505269        0.761124614505269                        0
       700                        0        0.799381595642352                        0        0.762440092959485        0.762440092959485                        0
       728                        0        0.801038372643959                        0        0.764578282519978        0.764578282519978                        0
       756                        0        0.801797102737807                        0        0.765803088547236        0.765803088547236                        0
       784                        0        0.802478371856109                        0        0.766912876285279        0.766912876285279                        0
       812                        0        0.803917556222071                        0        0.768767067356454        0.768767067356454                        0
       840                        0        0.804557786202882                        0        0.769810626641977        0.769810626641977                        0
       868                        0         0.80513725843862                        0        0.770763630257676        0.770763630257676                        0
       896                        0        0.806406244450977                        0        0.772395710994523        0.772395710994523                        0
       924                        0        0.806955451211269                        0        0.773298891436618        0.773298891436618                        0
       952                        0        0.807455833965096                        0        0.774129073977559        0.774129073977559                        0
       980                        0        0.808588377866657                        0         0.77558316943841         0.77558316943841                        0
      1008                        0        0.809065894027512                        0         0.77637496138334         0.77637496138334                        0
      1036                        0        0.809503389599222                        0        0.777106757550279        0.777106757550279                        0
      1064                        0        0.810524327311837                        0        0.778415351574939        0.778415351574939                        0
      1092                        0        0.810944200688232                        0        0.779116974136647        0.779116974136647                        0
      1120                        0        0.811330721437562                        0        0.779768481516207        0.779768481516207                        0
      1148                        0        0.812258821695027                        0        0.780956129104371        0.780956129104371                        0
      1176                        0        0.812631536647825                        0        0.781583522940245        0.781583522940245                        0
      1204                        0         0.81297606294854                        0        0.782168475377984        0.782168475377984                        0
      1232                        0        0.813825832085285                        0        0.783254155840996        0.783254155840996                        0
      1260                        0        0.814159392262525                        0        0.783819562768098        0.783819562768098                        0
      1288                        0        0.814468839474801                        0        0.784348599968918        0.784348599968918                        0
      1316                        0        0.815251706256664                        0        0.785347264166609        0.785347264166609                        0
      1344                        0        0.815552340837639                        0         0.78586026437401         0.78586026437401                        0
      1372                        0        0.815832132197446                        0        0.786341776635442        0.786341776635442                        0
      1400                        0        0.816557250638551                        0        0.787265396589786        0.787265396589786                        0
      1428                        0        0.816829889559778                        0        0.787733610783795        0.787733610783795                        0
      1456                        0        0.817084346048531                        0        0.788174317450151        0.788174317450151                        0
      1484                        0        0.817759154359263                        0        0.789032617770777        0.789032617770777                        0
      1512                        0        0.818007756787287                        0        0.789462195170538        0.789462195170538                        0
      1540                        0        0.818240369302803                        0        0.789867550752898        0.789867550752898                        0
      1568                        0        0.818870988343291                        0        0.790668530385235        0.790668530385235                        0
      1596                        0         0.81909877509027                        0         0.79106449576333         0.79106449576333                        0
      1624                        0        0.819312398735273                        0        0.791438981363063        0.791438981363063                        0
      1652                        0         0.81990392200198                        0        0.792189293486537        0.792189293486537                        0
      1680                        0        0.820113543397505                        0        0.792555799013889        0.792555799013889                        0
      1708                        0         0.82031053892717                        0        0.792903135511735        0.792903135511735                        0
      1736                        0        0.820867247499519                        0        0.793608369222145        0.793608369222145                        0
      1764                        0        0.821060906878508                        0         0.79394888053943         0.79394888053943                        0
      1792                        0        0.821243245494366                        0        0.794272187250461        0.794272187250461                        0
      1820                        0        0.821768769981321                        0        0.794937079831751        0.794937079831751                        0
      1848                        0         0.82194831601631                        0        0.795254515746077        0.795254515746077                        0
      1876                        0        0.822117658228924                        0        0.795556430317525        0.795556430317525                        0
      1904                        0        0.822615102580577                        0         0.79618502954405         0.79618502954405                        0
      1932                        0        0.822782099338946                        0        0.796481868433794        0.796481868433794                        0
      1960                        0        0.822939855157591                        0        0.796764638714835        0.796764638714835                        0
      1988                        0        0.823411892579415                        0        0.797360428587453        0.797360428587453                        0
      2016                        0         0.82356767338758                        0        0.797638790511061        0.797638790511061                        0
      2044                        0        0.823715048847202                        0        0.797904345832537        0.797904345832537                        0
      2072                        0        0.824163996995884                        0        0.798470345150264        0.798470345150264                        0
      2100                        0        0.824309706354325                        0        0.798732055960943        0.798732055960943                        0
      2128                        0        0.824447739900086                        0        0.798982063072699        0.798982063072699                        0
      2156                        0        0.824875620481492                        0        0.799520903549804        0.799520903549804                        0
      2184                        0        0.825012247041056                        0        0.799767545502822        0.799767545502822                        0
      2212                        0        0.825141838284981                        0        0.800003452933133        0.800003452933133                        0
      2240                        0        0.825550424762137                        0        0.800517441722189        0.800517441722189                        0
      2268                        0        0.825678827529503                        0        0.800750393817066        0.800750393817066                        0
      2296                        0        0.825800760199033                        0         0.80097346738402         0.80097346738402                        0
      2324                        0        0.826191616333112                        0        0.801464637577477        0.801464637577477                        0
      2352                        0        0.826312545689152                        0        0.801685108012001        0.801685108012001                        0
      2380                        0        0.826427506104753                        0        0.801896459503578        0.801896459503578                        0
      2408                        0        0.826802017352996                        0        0.802366611264686        0.802366611264686                        0
      2436                        0        0.826916132054758                        0        0.802575663762978        0.802575663762978                        0
      2464                        0        0.827024724132004                        0        0.802776274290759        0.802776274290759                        0
      2492                        0        0.827384123426326                        0        0.803227008615917        0.803227008615917                        0
      2520                        0        0.827492004468541                        0        0.803425583951875        0.803425583951875                        0
      2548                        0         0.82759476199037                        0        0.803616323107994        0.803616323107994                        0
      2576                        0        0.827940151056372                        0        0.804049069741759        0.804049069741759                        0
      2604                        0        0.828042313055764                        0        0.804238003463169        0.804238003463169                        0
      2632                        0        0.828139709784425                        0        0.804419645147993        0.804419645147993                        0
      2660                        0        0.828472076888829                        0        0.804835685812669        0.804835685812669                        0
