#square and square, nu_xymn_2
#MM NN: 5 5
#quadrature order: 16
#numpanels            c*(gradu.n)^2                      BEM        0.5*(gradu)^2 ex.       Boundary Formula 1       Boundary Formula 2
        56                        0        0.446142107397726                        0          0.3482007358615          0.3482007358615                        0
        84                        0        0.502616381559547                        0        0.419308114299456        0.419308114299456                        0
       112                        0        0.526498658916266                        0        0.450652299231209        0.450652299231209                        0
       140                        0        0.544750075225521                        0        0.475088716647523        0.475088716647523                        0
       168                        0        0.556989496278077                        0        0.492059575961123        0.492059575961123                        0
       196                        0        0.566391885608975                        0        0.505243474147698        0.505243474147698                        0
       224                        0        0.574603884791576                        0        0.516559773722481        0.516559773722481                        0
       252                        0         0.58078052929857                        0          0.5253590119213          0.5253590119213                        0
       280                        0        0.585847835773406                        0        0.532618600901036        0.532618600901036                        0
       308                        0        0.590698978935093                        0        0.539372938448383        0.539372938448383                        0
       336                        0        0.594476954360696                        0        0.544831565223954        0.544831565223954                        0
       364                        0        0.597750453919721                        0         0.54957660822164         0.54957660822164                        0
       392                        0        0.601066710838326                        0        0.554214363461329        0.554214363461329                        0
       420                        0        0.603689273385124                        0        0.558036356258406        0.558036356258406                        0
       448                        0        0.606025425911699                        0        0.561449289124042        0.561449289124042                        0
       476                        0        0.608484977985847                        0        0.564896599763575        0.564896599763575                        0
       504                        0        0.610441453207424                        0         0.56776583381808         0.56776583381808                        0
       532                        0        0.612218550529225                        0        0.570377060123993        0.570377060123993                        0
       560                        0        0.614144214551286                        0        0.573079128594225        0.573079128594225                        0
       588                        0        0.615678027180607                        0        0.575339467404576        0.575339467404576                        0
       616                        0        0.617090341353678                        0        0.577424166782957        0.577424166782957                        0
       644                        0        0.618656033041212                        0        0.579622332123208        0.579622332123208                        0
       672                        0        0.619901713899165                        0        0.581465349715963        0.581465349715963                        0
       700                        0        0.621060500306762                        0        0.583182254858029        0.583182254858029                        0
       728                        0        0.622369529620945                        0        0.585020452194861        0.585020452194861                        0
       756                        0        0.623408396960041                        0        0.586562630030616        0.586562630030616                        0
       784                        0         0.62438246943547                        0        0.588010469024141        0.588010469024141                        0
       812                        0        0.625500575635831                        0        0.589580546856448        0.589580546856448                        0
       840                        0        0.626384991927709                        0        0.590897244639613        0.590897244639613                        0
       868                        0        0.627219492962025                        0        0.592141074367489        0.592141074367489                        0
       896                        0        0.628190806988072                        0        0.593504816920762        0.593504816920762                        0
       924                        0        0.628956216732645                        0        0.594647244595408        0.594647244595408                        0
       952                        0        0.629682153776963                        0        0.595731918023055        0.595731918023055                        0
       980                        0        0.630537575736094                        0        0.596932652458412        0.596932652458412                        0
      1008                        0        0.631208942782483                        0        0.597936996726282        0.597936996726282                        0
      1036                        0        0.631848417484145                        0        0.598894586183715        0.598894586183715                        0
      1064                        0        0.632610335630602                        0        0.599963741514765        0.599963741514765                        0
      1092                        0        0.633205821995116                        0        0.600856404724879        0.600856404724879                        0
      1120                        0        0.633775074590507                        0        0.601710542229627        0.601710542229627                        0
      1148                        0        0.634460174671783                        0        0.602671563646811        0.602671563646811                        0
      1176                        0        0.634993355115685                        0        0.603472329371451        0.603472329371451                        0
      1204                        0        0.635504626280683                        0        0.604240870659161        0.604240870659161                        0
      1232                        0        0.636125642647726                        0        0.605111664147959        0.605111664147959                        0
      1260                        0        0.636606897154733                        0        0.605835694038943        0.605835694038943                        0
      1288                        0        0.637069614235676                        0        0.606532421195306        0.606532421195306                        0
      1316                        0        0.637636464036272                        0        0.607326939414731        0.607326939414731                        0
      1344                        0        0.638073885976836                        0        0.607986079205246        0.607986079205246                        0
      1372                        0        0.638495445419597                        0        0.608621826791869        0.608621826791869                        0
      1400                        0        0.639015987585667                        0        0.609351131700231        0.609351131700231                        0
      1428                        0        0.639415994813938                        0        0.609954792195407        0.609954792195407                        0
      1456                        0        0.639802293807483                        0        0.610538214294545        0.610538214294545                        0
      1484                        0        0.640282851422382                        0        0.611211209284624        0.611211209284624                        0
      1512                        0        0.640650608726249                        0        0.611766976751161        0.611766976751161                        0
      1540                        0        0.641006415865555                        0        0.612305082923583        0.612305082923583                        0
      1568                        0        0.641452144565104                        0        0.612929029632074        0.612929029632074                        0
      1596                        0        0.641791862663524                        0        0.613443098687663        0.613443098687663                        0
      1624                        0        0.642121082265529                        0         0.61394163692046         0.61394163692046                        0
      1652                        0        0.642536235682052                        0        0.614522527892853        0.614522527892853                        0
      1680                        0        0.642851387278877                        0        0.615000014889415        0.615000014889415                        0
      1708                        0        0.643157251649448                        0        0.615463750663919        0.615463750663919                        0
      1736                        0        0.643545376331824                        0        0.616006583188565        0.616006583188565                        0
      1764                        0        0.643838855132156                        0        0.616451757256003        0.616451757256003                        0
      1792                        0        0.644124066918288                        0        0.616884680513167        0.616884680513167                        0
      1820                        0        0.644488147904213                        0        0.617393661246313        0.617393661246313                        0
      1848                        0        0.644762387588194                        0         0.61781011742776         0.61781011742776                        0
      1876                        0        0.645029226854971                        0        0.618215598489348        0.618215598489348                        0
      1904                        0        0.645371798046574                        0        0.618694298680727        0.618694298680727                        0
      1932                        0        0.645628862607615                        0        0.619085089589486        0.619085089589486                        0
      1960                        0        0.645879268536604                        0        0.619465998296337        0.619465998296337                        0
      1988                        0         0.64620249754088                        0        0.619917473155209        0.619917473155209                        0
      2016                        0        0.646444150800604                        0        0.620285210423129        0.620285210423129                        0
      2044                        0        0.646679784833085                        0        0.620644008339416        0.620644008339416                        0
      2072                        0        0.646985538986309                        0        0.621070889961859        0.621070889961859                        0
      2100                        0        0.647213298737309                        0        0.621417823355591        0.621417823355591                        0
      2128                        0        0.647435593951633                        0        0.621756635962942        0.621756635962942                        0
      2156                        0        0.647725492282994                        0        0.622161206492534        0.622161206492534                        0
      2184                        0        0.647940672926674                        0         0.62248928629354         0.62248928629354                        0
      2212                        0        0.648150873067176                        0        0.622809960124653        0.622809960124653                        0
      2240                        0        0.648426327619524                        0        0.623194209944926        0.623194209944926                        0
      2268                        0        0.648630074084476                        0        0.623505136629423        0.623505136629423                        0
      2296                        0        0.648829264713869                        0        0.623809284921863        0.623809284921863                        0
      2324                        0        0.649091513713966                        0        0.624174959383248        0.624174959383248                        0
      2352                        0        0.649284828690175                        0        0.624470223555467        0.624470223555467                        0
      2380                        0        0.649473962280335                        0         0.62475926306193         0.62475926306193                        0
      2408                        0        0.649724096998551                        0        0.625107900325398        0.625107900325398                        0
      2436                        0        0.649907862992499                        0         0.62538881509046         0.62538881509046                        0
      2464                        0        0.650087779303375                        0        0.625663996007428        0.625663996007428                        0
      2492                        0        0.650326765979279                        0        0.625996957942995        0.625996957942995                        0
      2520                        0        0.650501763316587                        0        0.626264685356834        0.626264685356834                        0
      2548                        0        0.650673206074905                        0        0.626527115842284        0.626527115842284                        0
      2576                        0        0.650901903950042                        0        0.626845613446577        0.626845613446577                        0
      2604                        0        0.651068825578909                        0         0.62710118628618         0.62710118628618                        0
      2632                        0        0.651232456228023                        0        0.627351852691389        0.627351852691389                        0
      2660                        0        0.651451632478125                        0        0.627656967135943        0.627656967135943                        0
