#square and square, nu_xymn_2
#MM NN: 4 5
#quadrature order: 16
#numpanels            c*(gradu.n)^2                      BEM        0.5*(gradu)^2 ex.       Boundary Formula 1       Boundary Formula 2
        56                        0        0.489841086995372                        0        0.392670933048715        0.392670933048715                        0
        84                        0         0.54967344646069                        0         0.46899132595672         0.46899132595672                        0
       112                        0        0.572799591191426                        0        0.499278963156596        0.499278963156596                        0
       140                        0        0.590792429296632                        0        0.523097181992833        0.523097181992833                        0
       168                        0        0.602326237035111                        0        0.539065310040953        0.539065310040953                        0
       196                        0         0.61118983316442                        0        0.551472908312392        0.551472908312392                        0
       224                        0        0.619377167507251                        0        0.562581743995028        0.562581743995028                        0
       252                        0        0.625232756863922                        0        0.570925161673894        0.570925161673894                        0
       280                        0         0.62997266517658                        0        0.577724680444629        0.577724680444629                        0
       308                        0        0.634837441165636                        0        0.584387465998066        0.584387465998066                        0
       336                        0        0.638397999077285                        0        0.589547651826157        0.589547651826157                        0
       364                        0        0.641460288060155                        0        0.594003955991296        0.594003955991296                        0
       392                        0         0.64481761536615                        0        0.598619884454115        0.598619884454115                        0
       420                        0        0.647290086141386                        0        0.602241859210982        0.602241859210982                        0
       448                        0        0.649476036317319                        0        0.605454841858796        0.605454841858796                        0
       476                        0        0.651985033730234                        0        0.608910385348883        0.608910385348883                        0
       504                        0        0.653828970357405                        0         0.61163363953468         0.61163363953468                        0
       532                        0        0.655492448803632                        0        0.614097199410734        0.614097199410734                        0
       560                        0        0.657469801444549                        0        0.616822332002072        0.616822332002072                        0
       588                        0        0.658915118184796                        0        0.618970579411671        0.618970579411671                        0
       616                        0        0.660237398799446                        0        0.620940730625287        0.620940730625287                        0
       644                        0        0.661854197084783                        0         0.62316916479732         0.62316916479732                        0
       672                        0        0.663027632441785                        0        0.624922560070214        0.624922560070214                        0
       700                        0        0.664112577267491                        0        0.626547269533714        0.626547269533714                        0
       728                        0        0.665470970837751                        0         0.62841910085635         0.62841910085635                        0
       756                        0         0.66644917962025                        0        0.629887388114727        0.629887388114727                        0
       784                        0         0.66736106642159                        0        0.631258865492857        0.631258865492857                        0
       812                        0        0.668526345448645                        0         0.63286389010558         0.63286389010558                        0
       840                        0        0.669358701796054                        0        0.634118175283549        0.634118175283549                        0
       868                        0        0.670139732523369                        0        0.635297306078758        0.635297306078758                        0
       896                        0         0.67115591328184                        0        0.636696184051477        0.636696184051477                        0
       924                        0        0.671875855682248                        0        0.637784861935593        0.637784861935593                        0
       952                        0        0.672555042132244                        0        0.638813703369499        0.638813703369499                        0
       980                        0        0.673453065304877                        0        0.640049138686368        0.640049138686368                        0
      1008                        0        0.674084155999514                        0        0.641006455676988        0.641006455676988                        0
      1036                        0        0.674682193748357                        0        0.641915133829862        0.641915133829862                        0
      1064                        0        0.675484558113306                        0         0.64301821367524         0.64301821367524                        0
      1092                        0        0.676043947058216                        0        0.643869189169244        0.643869189169244                        0
      1120                        0        0.676576054152241                        0        0.644679937318911        0.644679937318911                        0
      1148                        0         0.67729958376542                        0        0.645673927397005        0.645673927397005                        0
      1176                        0        0.677800094339906                        0        0.646437330802854        0.646437330802854                        0
      1204                        0         0.67827774840062                        0         0.64716697189242         0.64716697189242                        0
      1232                        0        0.678935322740815                        0         0.64806969417449         0.64806969417449                        0
      1260                        0        0.679386763710022                        0        0.648759925098982        0.648759925098982                        0
      1288                        0        0.679818809419044                        0        0.649421460731769        0.649421460731769                        0
      1316                        0        0.680420487293686                        0        0.650246840559076        0.650246840559076                        0
      1344                        0        0.680830508820769                        0        0.650875159957684        0.650875159957684                        0
      1372                        0        0.681223888906331                        0        0.651478822907547        0.651478822907547                        0
      1400                        0         0.68177766265697                        0        0.652237928567867        0.652237928567867                        0
      1428                        0        0.682152332556882                        0        0.652813290190922        0.652813290190922                        0
      1456                        0        0.682512584816021                        0        0.653367262307631        0.653367262307631                        0
      1484                        0        0.683024900769641                        0        0.654069023200318        0.654069023200318                        0
      1512                        0        0.683369103041091                        0        0.654598650280077        0.654598650280077                        0
      1540                        0        0.683700707087615                        0        0.655109564773831        0.655109564773831                        0
      1568                        0        0.684176833526865                        0        0.655761279631225        0.655761279631225                        0
      1596                        0        0.684494550535377                        0        0.656251074286095        0.656251074286095                        0
      1624                        0         0.68480117521295                        0        0.656724375059309        0.656724375059309                        0
      1652                        0        0.685245468139105                        0        0.657332079285554        0.657332079285554                        0
      1680                        0        0.685539984598393                        0        0.657786919184267        0.657786919184267                        0
      1708                        0        0.685824668054853                        0        0.658227122992169        0.658227122992169                        0
      1736                        0          0.6862407667807                        0        0.658795859184915        0.658795859184915                        0
      1764                        0        0.686514819936531                        0        0.659219816458501        0.659219816458501                        0
      1792                        0        0.686780103019618                        0        0.659630707545001        0.659630707545001                        0
      1820                        0        0.687171076555467                        0        0.660164728069839        0.660164728069839                        0
      1848                        0        0.687426968587378                        0        0.660561233491407        0.660561233491407                        0
      1876                        0        0.687674995234008                        0        0.660946010368771        0.660946010368771                        0
      1904                        0        0.688043453504724                        0        0.661448931333968        0.661448931333968                        0
      1932                        0        0.688283136899186                        0        0.661820899261687        0.661820899261687                        0
      1960                        0        0.688515730765933                        0        0.662182286968628        0.662182286968628                        0
      1988                        0        0.688863910262434                        0        0.662657206851258        0.662657206851258                        0
      2016                        0        0.689089053524686                        0        0.663007131572018        0.663007131572018                        0
      2044                        0        0.689307777238819                        0        0.663347468628725        0.663347468628725                        0
      2072                        0        0.689637607795548                        0        0.663797060789878        0.663797060789878                        0
      2100                        0        0.689849646642534                        0        0.664127091704348        0.664127091704348                        0
      2128                        0         0.69005584815342                        0        0.664448398251668        0.664448398251668                        0
      2156                        0        0.690369005596267                        0        0.664874983895327        0.664874983895327                        0
      2184                        0        0.690569183280142                        0        0.665186984834864        0.665186984834864                        0
      2212                        0        0.690764032509215                        0        0.665491016599707        0.665491016599707                        0
      2240                        0         0.69106198059004                        0         0.66589662289747         0.66589662289747                        0
      2268                        0         0.69125137998161                        0        0.666192219391571        0.666192219391571                        0
      2296                        0        0.691435898085275                        0         0.66648051083932         0.66648051083932                        0
      2324                        0        0.691719922198356                        0        0.666866917673977        0.666866917673977                        0
      2352                        0        0.691899491552308                        0        0.667147534964546        0.667147534964546                        0
      2380                        0        0.692074574497707                        0        0.667421434115289        0.667421434115289                        0
      2408                        0        0.692345809023271                        0        0.667790211992775        0.667790211992775                        0
      2436                        0        0.692516382846762                        0        0.668057105866579        0.668057105866579                        0
      2464                        0         0.69268282056529                        0        0.668317802619935        0.668317802619935                        0
      2492                        0        0.692942271222593                        0         0.66867034366643         0.66867034366643                        0
      2520                        0         0.69310458731156                        0        0.668924625657928        0.668924625657928                        0
      2548                        0        0.693263079378406                        0        0.669173175010088        0.669173175010088                        0
      2576                        0        0.693511641635791                        0        0.669510718504364        0.669510718504364                        0
      2604                        0        0.693666355085342                        0        0.669753376648365        0.669753376648365                        0
      2632                        0        0.693817523648477                        0        0.669990717860943        0.669990717860943                        0
      2660                        0        0.694055997988516                        0        0.670314371404447        0.670314371404447                        0
      2688                        0        0.694203692793674                        0        0.670546287440059        0.670546287440059                        0
