#square and square, nu_xymn_2
#MM NN: 3 1
#quadrature order: 16
#numpanels            c*(gradu.n)^2                      BEM        0.5*(gradu)^2 ex.       Boundary Formula 1       Boundary Formula 2
        56                        0        0.564957503647287                        0        0.453201463467463        0.453201463467463                        0
        84                        0        0.619782680610948                        0        0.534230924279439        0.534230924279439                        0
       112                        0        0.638042665265012                        0        0.561704898286174        0.561704898286174                        0
       140                        0        0.653910318926692                        0        0.584400513471361        0.584400513471361                        0
       168                        0        0.663412891350543                        0        0.598893203415378        0.598893203415378                        0
       196                        0         0.67089807409596                        0        0.610262197996132        0.610262197996132                        0
       224                        0        0.678748745439086                        0        0.621265268113855        0.621265268113855                        0
       252                        0        0.683873413535286                        0        0.629055579973422        0.629055579973422                        0
       280                        0        0.687933427964517                        0        0.635266301578186        0.635266301578186                        0
       308                        0        0.692726345753817                        0        0.641930203682928        0.641930203682928                        0
       336                        0        0.695855503481776                        0        0.646724763048211        0.646724763048211                        0
       364                        0        0.698514695898582                        0        0.650814370254218        0.650814370254218                        0
       392                        0        0.701901463831634                        0        0.655493332851247        0.655493332851247                        0
       420                        0        0.704093532094523                        0        0.658868550143912        0.658868550143912                        0
       448                        0        0.706005692451187                        0        0.661824885314148        0.661824885314148                        0
       476                        0        0.708578212785065                        0        0.665361642807564        0.665361642807564                        0
       504                        0        0.710219477926286                        0        0.667901538019587        0.667901538019587                        0
       532                        0        0.711681579002877                        0        0.670172905584263        0.670172905584263                        0
       560                        0         0.71373498789918                        0         0.67298460104324         0.67298460104324                        0
       588                        0        0.715024616298327                        0        0.674989454390389        0.674989454390389                        0
       616                        0        0.716190241576015                        0         0.67680829333363         0.67680829333363                        0
       644                        0        0.717886456707213                        0        0.679122888891207        0.679122888891207                        0
       672                        0        0.718934798285393                        0        0.680759569833477        0.680759569833477                        0
       700                        0        0.719892892928968                        0        0.682260733833906        0.682260733833906                        0
       728                        0        0.721330125021268                        0         0.68421600167926         0.68421600167926                        0
       756                        0        0.722204476962489                        0        0.685586451834379        0.685586451834379                        0
       784                        0        0.723010512145144                        0        0.686854216311931        0.686854216311931                        0
       812                        0         0.72425230841509                        0        0.688539040951177        0.688539040951177                        0
       840                        0         0.72499625689013                        0        0.689709421407208        0.689709421407208                        0
       868                        0        0.725686884627475                        0        0.690799581881355        0.690799581881355                        0
       896                        0         0.72677653889761                        0        0.692274365123659        0.692274365123659                        0
       924                        0        0.727419738781157                        0         0.69328977945334         0.69328977945334                        0
       952                        0        0.728020284974345                        0        0.694240965868015        0.694240965868015                        0
       980                        0        0.728988504571115                        0        0.695548453747163        0.695548453747163                        0
      1008                        0        0.729551928803205                        0          0.6964408631703          0.6964408631703                        0
      1036                        0        0.730080535991195                        0        0.697280801844327        0.697280801844327                        0
      1064                        0        0.730949825254666                        0        0.698452258957101        0.698452258957101                        0
      1092                        0        0.731448784897337                        0        0.699245040759656        0.699245040759656                        0
      1120                        0        0.731918840435318                        0        0.699994229114639        0.699994229114639                        0
      1148                        0        0.732706143797738                        0        0.701053153325872        0.701053153325872                        0
      1176                        0        0.733152115307488                        0         0.70176386232125         0.70176386232125                        0
      1204                        0        0.733573745523186                        0        0.702437832831321        0.702437832831321                        0
      1232                        0        0.734292114287123                        0        0.703402293245277        0.703402293245277                        0
      1260                        0        0.734693893837717                        0        0.704044408376053        0.704044408376053                        0
      1288                        0         0.73507492117959                        0        0.704655180627429        0.704655180627429                        0
      1316                        0        0.735734604523842                        0        0.705539345235025        0.705539345235025                        0
      1344                        0        0.736099063917118                        0        0.706123414756317        0.706123414756317                        0
      1372                        0        0.736445641342794                        0        0.706680459042965        0.706680459042965                        0
      1400                        0        0.737054823462823                        0        0.707495625227423        0.707495625227423                        0
      1428                        0        0.737387420609397                        0        0.708030041024676        0.708030041024676                        0
      1456                        0        0.737704464498263                        0        0.708540936718739        0.708540936718739                        0
      1484                        0        0.738269776426202                        0         0.70929624571954         0.70929624571954                        0
      1512                        0        0.738574909363194                        0        0.709787780953993        0.709787780953993                        0
      1540                        0        0.738866402505421                        0        0.710258677845726        0.710258677845726                        0
      1568                        0        0.739393286011349                        0        0.710961622049878        0.710961622049878                        0
      1596                        0        0.739674544171426                        0        0.711415813219201        0.711415813219201                        0
      1624                        0        0.739943752569443                        0        0.711851762018877        0.711851762018877                        0
      1652                        0          0.7404367243359                        0        0.712508552766251        0.712508552766251                        0
      1680                        0        0.740697070566451                        0        0.712929976798399        0.712929976798399                        0
      1708                        0        0.740946701625078                        0        0.713335170569524        0.713335170569524                        0
      1736                        0        0.741409548588916                        0        0.713951009802593        0.713951009802593                        0
      1764                        0         0.74165145341586                        0        0.714343488688146        0.714343488688146                        0
      1792                        0        0.741883773388205                        0         0.71472144230161         0.71472144230161                        0
      1820                        0        0.742319699576055                        0        0.715300726535517        0.715300726535517                        0
      1848                        0        0.742545241855982                        0        0.715667480906742        0.715667480906742                        0
      1876                        0        0.742762164405542                        0        0.716021166513658        0.716021166513658                        0
      1904                        0        0.743173902943304                        0        0.716567642265501        0.716567642265501                        0
      1932                        0        0.743384846423871                        0        0.716911408346439        0.716911408346439                        0
      1960                        0        0.743588000347528                        0        0.717243359087626        0.717243359087626                        0
      1988                        0         0.74397790004669                        0        0.717760242909137        0.717760242909137                        0
      2016                        0        0.744175752371417                        0        0.718083362747317        0.718083362747317                        0
      2044                        0        0.744366534046934                        0         0.71839575315638         0.71839575315638                        0
      2072                        0        0.744736627148131                        0        0.718885825456744        0.718885825456744                        0
      2100                        0        0.744922685876936                        0        0.719190317374494        0.719190317374494                        0
      2128                        0        0.745102300351018                        0         0.71948502643264         0.71948502643264                        0
      2156                        0        0.745454356109483                        0        0.719950705625892        0.719950705625892                        0
      2184                        0        0.745629745004985                        0        0.720238319827936        0.720238319827936                        0
      2212                        0        0.745799238523675                        0        0.720516980938855        0.720516980938855                        0
      2240                        0        0.746134806022624                        0         0.72096038263437         0.72096038263437                        0
      2268                        0        0.746300503947516                        0        0.721232645537478        0.721232645537478                        0
      2296                        0        0.746460789960143                        0        0.721496686514989        0.721496686514989                        0
      2324                        0         0.74678123263421                        0        0.721919671209032        0.721919671209032                        0
      2352                        0        0.746938096776594                        0        0.722177921106579        0.722177921106579                        0
      2380                        0         0.74708997690796                        0        0.722428596456802        0.722428596456802                        0
      2408                        0        0.747396500618335                        0        0.722832808283598        0.722832808283598                        0
      2436                        0        0.747545285316587                        0        0.723078224281598        0.723078224281598                        0
      2464                        0        0.747689466421574                        0        0.723316641480724        0.723316641480724                        0
      2492                        0        0.747983142467042                        0          0.7237035399504          0.7237035399504                        0
      2520                        0        0.748124514587449                        0        0.723937165626873        0.723937165626873                        0
      2548                        0        0.748261622724276                        0        0.724164306670951        0.724164306670951                        0
      2576                        0        0.748543406840062                        0        0.724535192855183        0.724535192855183                        0
      2604                        0        0.748677958430254                        0        0.724757955746838        0.724757955746838                        0
      2632                        0        0.748808550391519                        0         0.72497469495232         0.72497469495232                        0
      2660                        0        0.749079298539735                        0        0.725330733230422        0.725330733230422                        0
      2688                        0        0.749207557311115                        0        0.725543460990702        0.725543460990702                        0
