#square and square, nu_xymn_2
#MM NN: 4 2
#quadrature order: 16
#numpanels            c*(gradu.n)^2                      BEM        0.5*(gradu)^2 ex.       Boundary Formula 1       Boundary Formula 2
        56                        0        0.505896959204677                        0        0.392670933048715        0.392670933048715                        0
        84                        0        0.557936014344716                        0         0.46899132595672         0.46899132595672                        0
       112                        0        0.578245326135022                        0        0.499278963156596        0.499278963156596                        0
       140                        0        0.594676413973512                        0        0.523097181992833        0.523097181992833                        0
       168                        0        0.605276740548233                        0        0.539065310040953        0.539065310040953                        0
       196                        0        0.613529257394094                        0        0.551472908312392        0.551472908312392                        0
       224                        0        0.621292184620758                        0        0.562581743995028        0.562581743995028                        0
       252                        0        0.626839101400304                        0        0.570925161673894        0.570925161673894                        0
       280                        0         0.63134631242765                        0        0.577724680444629        0.577724680444629                        0
       308                        0        0.636030535409011                        0        0.584387465998066        0.584387465998066                        0
       336                        0        0.639447651781522                        0        0.589547651826157        0.589547651826157                        0
       364                        0        0.642393716609902                        0        0.594003955991296        0.594003955991296                        0
       392                        0        0.645655291250817                        0        0.598619884454115        0.598619884454115                        0
       420                        0        0.648047741811718                        0        0.602241859210982        0.602241859210982                        0
       448                        0        0.650165988585029                        0        0.605454841858796        0.605454841858796                        0
       476                        0        0.652617082310082                        0        0.608910385348883        0.608910385348883                        0
       504                        0        0.654411023640517                        0         0.61163363953468         0.61163363953468                        0
       532                        0        0.656030969495867                        0        0.614097199410734        0.614097199410734                        0
       560                        0        0.657970130250957                        0        0.616822332002072        0.616822332002072                        0
       588                        0        0.659381713087437                        0        0.618970579411671        0.618970579411671                        0
       616                        0        0.660674014752233                        0        0.620940730625287        0.620940730625287                        0
       644                        0        0.662264022896121                        0         0.62316916479732         0.62316916479732                        0
       672                        0        0.663413396398331                        0        0.624922560070214        0.624922560070214                        0
       700                        0        0.664476629599979                        0        0.626547269533714        0.626547269533714                        0
       728                        0        0.665815348801044                        0         0.62841910085635         0.62841910085635                        0
       756                        0        0.666775659361388                        0        0.629887388114727        0.629887388114727                        0
       784                        0        0.667671204694707                        0        0.631258865492857        0.631258865492857                        0
       812                        0        0.668821513446571                        0         0.63286389010558         0.63286389010558                        0
       840                        0        0.669640112802303                        0        0.634118175283549        0.634118175283549                        0
       868                        0        0.670408464676936                        0        0.635297306078758        0.635297306078758                        0
       896                        0        0.671412928444952                        0        0.636696184051477        0.636696184051477                        0
       924                        0        0.672122015176675                        0        0.637784861935593        0.637784861935593                        0
       952                        0        0.672791119941193                        0        0.638813703369499        0.638813703369499                        0
       980                        0        0.673679759209842                        0        0.640049138686368        0.640049138686368                        0
      1008                        0        0.674302097023863                        0        0.641006455676988        0.641006455676988                        0
      1036                        0        0.674891954204199                        0        0.641915133829862        0.641915133829862                        0
      1064                        0        0.675686658489828                        0         0.64301821367524         0.64301821367524                        0
      1092                        0        0.676238861943928                        0        0.643869189169244        0.643869189169244                        0
      1120                        0        0.676764217347577                        0        0.644679937318911        0.644679937318911                        0
      1148                        0        0.677481392713602                        0        0.645673927397005        0.645673927397005                        0
      1176                        0        0.677975913981172                        0        0.646437330802854        0.646437330802854                        0
      1204                        0        0.678447914536653                        0         0.64716697189242         0.64716697189242                        0
      1232                        0        0.679100144981424                        0         0.64806969417449         0.64806969417449                        0
      1260                        0         0.67954652806216                        0        0.648759925098982        0.648759925098982                        0
      1288                        0        0.679973780568493                        0        0.649421460731769        0.649421460731769                        0
      1316                        0        0.680570910621697                        0        0.650246840559076        0.650246840559076                        0
      1344                        0        0.680976612191395                        0        0.650875159957684        0.650875159957684                        0
      1372                        0        0.681365884254711                        0        0.651478822907547        0.651478822907547                        0
      1400                        0        0.681915747404312                        0        0.652237928567867        0.652237928567867                        0
      1428                        0        0.682286690874113                        0        0.652813290190922        0.652813290190922                        0
      1456                        0        0.682643388754923                        0        0.653367262307631        0.653367262307631                        0
      1484                        0        0.683152311277628                        0        0.654069023200318        0.654069023200318                        0
      1512                        0         0.68349327087355                        0        0.654598650280077        0.654598650280077                        0
      1540                        0        0.683821773629852                        0        0.655109564773831        0.655109564773831                        0
      1568                        0         0.68429493153608                        0        0.655761279631225        0.655761279631225                        0
      1596                        0        0.684609804811727                        0        0.656251074286095        0.656251074286095                        0
      1624                        0        0.684913703207601                        0        0.656724375059309        0.656724375059309                        0
      1652                        0        0.685355380506172                        0        0.657332079285554        0.657332079285554                        0
      1680                        0        0.685647385696786                        0        0.657786919184267        0.657786919184267                        0
      1708                        0        0.685929656405356                        0        0.658227122992169        0.658227122992169                        0
      1736                        0         0.68634343548293                        0        0.658795859184915        0.658795859184915                        0
      1764                        0        0.686615257049872                        0        0.659219816458501        0.659219816458501                        0
      1792                        0          0.6868783919118                        0        0.659630707545001        0.659630707545001                        0
      1820                        0        0.687267296221959                        0        0.660164728069839        0.660164728069839                        0
      1848                        0        0.687521193944469                        0        0.660561233491407        0.660561233491407                        0
      1876                        0        0.687767297388112                        0        0.660946010368771        0.660946010368771                        0
      1904                        0        0.688133900000151                        0        0.661448931333968        0.661448931333968                        0
      1932                        0        0.688371791946394                        0        0.661820899261687        0.661820899261687                        0
      1960                        0        0.688602655452066                        0        0.662182286968628        0.662182286968628                        0
      1988                        0        0.688949162745745                        0        0.662657206851258        0.662657206851258                        0
      2016                        0        0.689172689214296                        0        0.663007131572018        0.663007131572018                        0
      2044                        0        0.689389848961093                        0        0.663347468628725        0.663347468628725                        0
      2072                        0        0.689718165948272                        0        0.663797060789878        0.663797060789878                        0
      2100                        0        0.689928739337915                        0        0.664127091704348        0.664127091704348                        0
      2128                        0        0.690133521350892                        0        0.664448398251668        0.664448398251668                        0
      2156                        0         0.69044530322591                        0        0.664874983895327        0.664874983895327                        0
      2184                        0        0.690644147357541                        0        0.665186984834864        0.665186984834864                        0
      2212                        0        0.690837703242403                        0        0.665491016599707        0.665491016599707                        0
      2240                        0        0.691134396479208                        0         0.66589662289747         0.66589662289747                        0
      2268                        0        0.691322577912127                        0        0.666192219391571        0.666192219391571                        0
      2296                        0         0.69150591341456                        0         0.66648051083932         0.66648051083932                        0
      2324                        0        0.691788788837074                        0        0.666866917673977        0.666866917673977                        0
      2352                        0        0.691967242040323                        0        0.667147534964546        0.667147534964546                        0
      2380                        0        0.692141240075187                        0        0.667421434115289        0.667421434115289                        0
      2408                        0        0.692411419697318                        0        0.667790211992775        0.667790211992775                        0
      2436                        0        0.692580967453885                        0        0.668057105866579        0.668057105866579                        0
      2464                        0        0.692746406830031                        0        0.668317802619935        0.668317802619935                        0
      2492                        0        0.693004885812587                        0         0.66867034366643         0.66867034366643                        0
      2520                        0        0.693166255889277                        0        0.668924625657928        0.668924625657928                        0
      2548                        0        0.693323826649807                        0        0.669173175010088        0.669173175010088                        0
      2576                        0        0.693571491396136                        0        0.669510718504364        0.669510718504364                        0
      2604                        0        0.693725330262306                        0        0.669753376648365        0.669753376648365                        0
      2632                        0        0.693875646342808                        0        0.669990717860943        0.669990717860943                        0
      2660                        0        0.694113289512353                        0        0.670314371404447        0.670314371404447                        0
      2688                        0        0.694260173706717                        0        0.670546287440059        0.670546287440059                        0
