#square and square, nu_xymn_2
#MM NN: 1 1
#quadrature order: 16
#numpanels            c*(gradu.n)^2                      BEM        0.5*(gradu)^2 ex.       Boundary Formula 1       Boundary Formula 2
        56                        0        0.825995914204268                        0        0.727662900098559        0.727662900098559                        0
        84                        0        0.887795998681617                        0        0.819238251623389        0.819238251623389                        0
       112                        0        0.893216850396092                        0         0.82797718988278         0.82797718988278                        0
       140                        0        0.906184206984788                        0        0.844489123794465        0.844489123794465                        0
       168                        0        0.910424853382801                        0        0.851862648998696        0.851862648998696                        0
       196                        0        0.914516699917697                        0        0.858673847528513        0.858673847528513                        0
       224                        0        0.923481187621153                        0        0.870039656391837        0.870039656391837                        0
       252                        0        0.926859256490798                        0        0.875632946145477        0.875632946145477                        0
       280                        0        0.928974970323434                        0        0.879365722936641        0.879365722936641                        0
       308                        0        0.934742282481597                        0        0.886621935884539        0.886621935884539                        0
       336                        0        0.936647481845639                        0        0.889941701384349        0.889941701384349                        0
       364                        0        0.938053434191947                        0        0.892497110065587        0.892497110065587                        0
       392                        0        0.942361885613868                        0        0.897891508633637        0.897891508633637                        0
       420                        0        0.943687447994668                        0        0.900260793749994        0.900260793749994                        0
       448                        0        0.944683531585461                        0        0.902128274628721        0.902128274628721                        0
       476                        0        0.948077097805729                        0        0.906356647577719        0.906356647577719                        0
       504                        0        0.949042999570624                        0        0.908131979249017        0.908131979249017                        0
       532                        0        0.949791311158982                        0        0.909574240581491        0.909574240581491                        0
       560                        0        0.952578984747645                        0        0.913032927496208        0.913032927496208                        0
       588                        0        0.953318308957439                        0        0.914426723414034        0.914426723414034                        0
       616                        0        0.953901969621757                        0        0.915581724100129        0.915581724100129                        0
       644                        0        0.956258503227349                        0        0.918494287223668        0.918494287223668                        0
       672                        0        0.956842981633077                        0         0.91962346579913         0.91962346579913                        0
       700                        0        0.957311291997571                        0        0.920574052411089        0.920574052411089                        0
       728                        0        0.959346880990715                        0        0.923081220603384        0.923081220603384                        0
       756                        0        0.959820676006237                        0        0.924018523846743        0.924018523846743                        0
       784                        0        0.960204642000721                        0        0.924817487520417        0.924817487520417                        0
       812                        0        0.961992624287175                        0        0.927012725848646        0.927012725848646                        0
       840                        0        0.962384257815255                        0        0.927805688834818        0.927805688834818                        0
       868                        0        0.962704499973879                        0        0.928488542046415        0.928488542046415                        0
       896                        0        0.964296064052956                        0        0.930436956707821        0.930436956707821                        0
       924                        0        0.964624891172853                        0        0.931118175655075        0.931118175655075                        0
       952                        0        0.964895703178973                        0        0.931709799453923        0.931709799453923                        0
       980                        0        0.966327908844729                        0        0.933458433554548        0.933458433554548                        0
      1008                        0        0.966607559273989                        0        0.934051091332158        0.934051091332158                        0
      1036                        0         0.96683919207093                        0         0.93456950891204         0.93456950891204                        0
      1064                        0        0.968139688489329                        0        0.936153392906846        0.936153392906846                        0
      1092                        0        0.968380061397097                        0        0.936674485693288        0.936674485693288                        0
      1120                        0        0.968580075200006                        0        0.937133115945701        0.937133115945701                        0
      1148                        0        0.969770010482976                        0        0.938578994407313        0.938578994407313                        0
      1176                        0        0.969978482626063                        0        0.939041301433239        0.939041301433239                        0
      1204                        0        0.970152585911795                        0        0.939450368537922        0.939450368537922                        0
      1232                        0        0.971248479085221                        0        0.940779094990135        0.940779094990135                        0
      1260                        0        0.971430668647536                        0          0.9411924329154          0.9411924329154                        0
      1288                        0        0.971583258950806                        0        0.941559881746157        0.941559881746157                        0
      1316                        0        0.972598247015495                        0        0.942788012073983        0.942788012073983                        0
      1344                        0        0.972758513615458                        0        0.943160061772432        0.943160061772432                        0
      1372                        0         0.97289303764571                        0        0.943492171761175        0.943492171761175                        0
      1400                        0        0.973837731505701                        0        0.944633056505988        0.944633056505988                        0
      1428                        0        0.973979513492178                        0        0.944969924459247        0.944969924459247                        0
      1456                        0        0.974098713716335                        0        0.945271732735112        0.945271732735112                        0
      1484                        0        0.974981800948032                        0        0.946336285377424        0.946336285377424                        0
      1512                        0        0.975107848916141                        0        0.946642894777885        0.946642894777885                        0
      1540                        0        0.975213936544606                        0         0.94691849490412         0.94691849490412                        0
      1568                        0        0.976042615504537                        0        0.947915744502585        0.947915744502585                        0
      1596                        0        0.976155157674616                        0        0.948196113905884        0.948196113905884                        0
      1624                        0        0.976249936623735                        0        0.948448871263971        0.948448871263971                        0
      1652                        0        0.977030235312067                        0        0.949386367901475        0.949386367901475                        0
      1680                        0        0.977131097021237                        0        0.949643813731828        0.949643813731828                        0
      1708                        0        0.977216054431487                        0        0.949876523719712        0.949876523719712                        0
      1736                        0        0.977953068832878                        0        0.950760641208346        0.950760641208346                        0
      1764                        0        0.978043760420492                        0        0.950997927536115        0.950997927536115                        0
      1792                        0         0.97812013386988                        0        0.951212933703649        0.951212933703649                        0
      1820                        0        0.978818208907229                        0        0.952049099144673        0.952049099144673                        0
      1848                        0        0.978899991390022                        0        0.952268550220514        0.952268550220514                        0
      1876                        0        0.978968819558209                        0        0.952467833807639        0.952467833807639                        0
      1904                        0        0.979631688413465                        0         0.95326070413749         0.95326070413749                        0
      1932                        0        0.979705623271468                        0        0.953464290151614        0.953464290151614                        0
      1960                        0         0.97976778465027                        0        0.953649538866598        0.953649538866598                        0
      1988                        0         0.98039867739751                        0        0.954403138366894        0.954403138366894                        0
      2016                        0        0.980465664806342                        0        0.954592541645416        0.954592541645416                        0
      2044                        0        0.980521907642192                        0         0.95476520314117         0.95476520314117                        0
      2072                        0        0.981123636930114                        0        0.955483031782306        0.955483031782306                        0
      2100                        0        0.981184445468481                        0        0.955659698481806        0.955659698481806                        0
      2128                        0        0.981235411183234                        0        0.955821022396725        0.955821022396725                        0
      2156                        0        0.981810440526943                        0        0.956506142101801        0.956506142101801                        0
      2184                        0        0.981865730509619                        0        0.956671323010459        0.956671323010459                        0
      2212                        0        0.981911972209373                        0        0.956822394358368        0.956822394358368                        0
      2240                        0        0.982462470945323                        0        0.957477498349954        0.957477498349954                        0
      2268                        0        0.982512812930582                        0         0.95763228140582         0.95763228140582                        0
      2296                        0        0.982554810169887                        0         0.95777404733892         0.95777404733892                        0
      2324                        0         0.98308269807013                        0        0.958401516383146        0.958401516383146                        0
      2352                        0        0.983128587673722                        0        0.958546852825538        0.958546852825538                        0
      2380                        0        0.983166758334959                        0         0.95868014427113         0.95868014427113                        0
      2408                        0        0.983673742121169                        0        0.959282092663837        0.959282092663837                        0
      2436                        0        0.983715611973413                        0        0.959418818239255        0.959418818239255                        0
      2464                        0        0.983750321902988                        0        0.959544367533279        0.959544367533279                        0
      2492                        0        0.984237925356502                        0        0.960122680986247        0.960122680986247                        0
      2520                        0        0.984276154828138                        0        0.960251533274892        0.960251533274892                        0
      2548                        0        0.984307725709983                        0        0.960369988635805        0.960369988635805                        0
      2576                        0        0.984777314675525                        0        0.960926355710028        0.960926355710028                        0
      2604                        0        0.984812237846104                        0        0.961047988385095        0.961047988385095                        0
      2632                        0        0.984840953680737                        0        0.961159925878773        0.961159925878773                        0
      2660                        0         0.98529375696282                        0        0.961695864228547        0.961695864228547                        0
      2688                        0        0.985325669193115                        0        0.961810858868965        0.961810858868965                        0
      2716                        0        0.985351781661948                        0        0.961916792359013        0.961916792359013                        0
