#square and square, nu_xymn_2
#MM NN: 4 1
#quadrature order: 16
#numpanels            c*(gradu.n)^2                      BEM        0.5*(gradu)^2 ex.       Boundary Formula 1       Boundary Formula 2
        56                        0         0.50646942573546                        0        0.392670933048715        0.392670933048715                        0
        84                        0         0.55824218824713                        0         0.46899132595672         0.46899132595672                        0
       112                        0        0.578449825194808                        0        0.499278963156596        0.499278963156596                        0
       140                        0        0.594824812630926                        0        0.523097181992833        0.523097181992833                        0
       168                        0        0.605391106528783                        0        0.539065310040953        0.539065310040953                        0
       196                        0        0.613621045917677                        0        0.551472908312392        0.551472908312392                        0
       224                        0        0.621368091024201                        0        0.562581743995028        0.562581743995028                        0
       252                        0        0.626903323586517                        0        0.570925161673894        0.570925161673894                        0
       280                        0        0.631401635898608                        0        0.577724680444629        0.577724680444629                        0
       308                        0        0.636078891352274                        0        0.584387465998066        0.584387465998066                        0
       336                        0        0.639490427500782                        0        0.589547651826157        0.589547651826157                        0
       364                        0         0.64243193827391                        0        0.594003955991296        0.594003955991296                        0
       392                        0         0.64568973674184                        0        0.598619884454115        0.598619884454115                        0
       420                        0         0.64807901322199                        0        0.602241859210982        0.602241859210982                        0
       448                        0        0.650194560380965                        0        0.605454841858796        0.605454841858796                        0
       476                        0        0.652643334266625                        0        0.608910385348883        0.608910385348883                        0
       504                        0        0.654435263931999                        0         0.61163363953468         0.61163363953468                        0
       532                        0        0.656053451244327                        0        0.614097199410734        0.614097199410734                        0
       560                        0        0.657991063617708                        0        0.616822332002072        0.616822332002072                        0
       588                        0        0.659401274261864                        0        0.618970579411671        0.618970579411671                        0
       616                        0        0.660692352738056                        0        0.620940730625287        0.620940730625287                        0
       644                        0        0.662281264706645                        0         0.62316916479732         0.62316916479732                        0
       672                        0         0.66342965108417                        0        0.624922560070214        0.624922560070214                        0
       700                        0        0.664491991407663                        0        0.626547269533714        0.626547269533714                        0
       728                        0         0.66582989967617                        0         0.62841910085635         0.62841910085635                        0
       756                        0        0.666789470951511                        0        0.629887388114727        0.629887388114727                        0
       784                        0        0.667684339966209                        0        0.631258865492857        0.631258865492857                        0
       812                        0        0.668834028000635                        0         0.63286389010558         0.63286389010558                        0
       840                        0        0.669652055954133                        0        0.634118175283549        0.634118175283549                        0
       868                        0        0.670419880347087                        0        0.635297306078758        0.635297306078758                        0
       896                        0        0.671423855900317                        0        0.636696184051477        0.636696184051477                        0
       924                        0         0.67213248965028                        0        0.637784861935593        0.637784861935593                        0
       952                        0        0.672801173153606                        0        0.638813703369499        0.638813703369499                        0
       980                        0        0.673689419810175                        0        0.640049138686368        0.640049138686368                        0
      1008                        0        0.674311390964661                        0        0.641006455676988        0.641006455676988                        0
      1036                        0         0.67490090506165                        0        0.641915133829862        0.641915133829862                        0
      1064                        0        0.675695287738493                        0         0.64301821367524         0.64301821367524                        0
      1092                        0        0.676247189193458                        0        0.643869189169244        0.643869189169244                        0
      1120                        0        0.676772260547501                        0        0.644679937318911        0.644679937318911                        0
      1148                        0        0.677489168331159                        0        0.645673927397005        0.645673927397005                        0
      1176                        0        0.677983437156295                        0        0.646437330802854        0.646437330802854                        0
      1204                        0        0.678455199217515                        0         0.64716697189242         0.64716697189242                        0
      1232                        0        0.679107204043358                        0         0.64806969417449         0.64806969417449                        0
      1260                        0        0.679553373412325                        0        0.648759925098982        0.648759925098982                        0
      1288                        0        0.679980423238267                        0        0.649421460731769        0.649421460731769                        0
      1316                        0        0.680577360848467                        0        0.650246840559076        0.650246840559076                        0
      1344                        0        0.680982879491153                        0        0.650875159957684        0.650875159957684                        0
      1372                        0        0.681371977486666                        0        0.651478822907547        0.651478822907547                        0
      1400                        0        0.681921674828525                        0        0.652237928567867        0.652237928567867                        0
      1428                        0        0.682292460203047                        0        0.652813290190922        0.652813290190922                        0
      1456                        0         0.68264900719964                        0        0.653367262307631        0.653367262307631                        0
      1484                        0        0.683157785589293                        0        0.654069023200318        0.654069023200318                        0
      1512                        0        0.683498607380783                        0        0.654598650280077        0.654598650280077                        0
      1540                        0         0.68382697827243                        0        0.655109564773831        0.655109564773831                        0
      1568                        0        0.684300009895385                        0        0.655761279631225        0.655761279631225                        0
      1596                        0        0.684614762138316                        0        0.656251074286095        0.656251074286095                        0
      1624                        0        0.684918544446221                        0        0.656724375059309        0.656724375059309                        0
      1652                        0        0.685360110318481                        0        0.657332079285554        0.657332079285554                        0
      1680                        0        0.685652008482042                        0        0.657786919184267        0.657786919184267                        0
      1708                        0        0.685934176319268                        0        0.658227122992169        0.658227122992169                        0
      1736                        0         0.68634785645488                        0        0.658795859184915        0.658795859184915                        0
      1764                        0        0.686619582798661                        0        0.659219816458501        0.659219816458501                        0
      1792                        0        0.686882625960065                        0        0.659630707545001        0.659630707545001                        0
      1820                        0        0.687271441909399                        0        0.660164728069839        0.660164728069839                        0
      1848                        0        0.687525254439993                        0        0.660561233491407        0.660561233491407                        0
      1876                        0        0.687771275701002                        0        0.660946010368771        0.660946010368771                        0
      1904                        0        0.688137798990355                        0        0.661448931333968        0.661448931333968                        0
      1932                        0        0.688375614333998                        0        0.661820899261687        0.661820899261687                        0
      1960                        0        0.688606403826053                        0        0.662182286968628        0.662182286968628                        0
      1988                        0        0.688952839572079                        0        0.662657206851258        0.662657206851258                        0
      2016                        0        0.689176296843408                        0        0.663007131572018        0.663007131572018                        0
      2044                        0         0.68939338963481                        0        0.663347468628725        0.663347468628725                        0
      2072                        0        0.689721641806243                        0        0.663797060789878        0.663797060789878                        0
      2100                        0        0.689932152423582                        0        0.664127091704348        0.664127091704348                        0
      2128                        0        0.690136873617026                        0        0.664448398251668        0.664448398251668                        0
      2156                        0        0.690448596539771                        0        0.664874983895327        0.664874983895327                        0
      2184                        0        0.690647383505676                        0        0.665186984834864        0.665186984834864                        0
      2212                        0        0.690840883935119                        0        0.665491016599707        0.665491016599707                        0
      2240                        0        0.691137523354741                        0         0.66589662289747         0.66589662289747                        0
      2268                        0        0.691325652540542                        0        0.666192219391571        0.666192219391571                        0
      2296                        0        0.691508937301385                        0         0.66648051083932         0.66648051083932                        0
      2324                        0        0.691791763426705                        0        0.666866917673977        0.666866917673977                        0
      2352                        0        0.691970168719207                        0        0.667147534964546        0.667147534964546                        0
      2380                        0        0.692144120174807                        0        0.667421434115289        0.667421434115289                        0
      2408                        0         0.69241425449699                        0        0.667790211992775        0.667790211992775                        0
      2436                        0        0.692583758183381                        0        0.668057105866579        0.668057105866579                        0
      2464                        0         0.69274915467204                        0        0.668317802619935        0.668317802619935                        0
      2492                        0        0.693007591905033                        0         0.66867034366643         0.66867034366643                        0
      2520                        0        0.693168921327493                        0        0.668924625657928        0.668924625657928                        0
      2548                        0        0.693326452488582                        0        0.669173175010088        0.669173175010088                        0
      2576                        0        0.693574078651646                        0        0.669510718504364        0.669510718504364                        0
      2604                        0        0.693727879913925                        0        0.669753376648365        0.669753376648365                        0
      2632                        0        0.693878159334822                        0        0.669990717860943        0.669990717860943                        0
      2660                        0        0.694115766755577                        0        0.670314371404447        0.670314371404447                        0
      2688                        0        0.694262616080019                        0        0.670546287440059        0.670546287440059                        0
