#square and square, nu_xymn_2
#MM NN: 4 4
#quadrature order: 16
#numpanels            c*(gradu.n)^2                      BEM        0.5*(gradu)^2 ex.       Boundary Formula 1       Boundary Formula 2
        56                        0        0.494695274727633                        0        0.392670933048715        0.392670933048715                        0
        84                        0        0.552342606439496                        0         0.46899132595672         0.46899132595672                        0
       112                        0        0.574614507963876                        0        0.499278963156596        0.499278963156596                        0
       140                        0        0.592104475988621                        0        0.523097181992833        0.523097181992833                        0
       168                        0        0.603329564814905                        0        0.539065310040953        0.539065310040953                        0
       196                        0        0.611987978511707                        0        0.551472908312392        0.551472908312392                        0
       224                        0        0.620031534252066                        0        0.562581743995028        0.562581743995028                        0
       252                        0         0.62578198071521                        0        0.570925161673894        0.570925161673894                        0
       280                        0        0.630442356067293                        0        0.577724680444629        0.577724680444629                        0
       308                        0         0.63524529148356                        0        0.584387465998066        0.584387465998066                        0
       336                        0        0.638756657611608                        0        0.589547651826157        0.589547651826157                        0
       364                        0        0.641779060617779                        0        0.594003955991296        0.594003955991296                        0
       392                        0        0.645103516690486                        0        0.598619884454115        0.598619884454115                        0
       420                        0        0.647548515323199                        0        0.602241859210982        0.602241859210982                        0
       448                        0        0.649711224642841                        0        0.605454841858796        0.605454841858796                        0
       476                        0        0.652200350047888                        0        0.608910385348883        0.608910385348883                        0
       504                        0        0.654027134449013                        0         0.61163363953468         0.61163363953468                        0
       532                        0        0.655675683728418                        0        0.614097199410734        0.614097199410734                        0
       560                        0        0.657639944417665                        0        0.616822332002072        0.616822332002072                        0
       588                        0        0.659073702673227                        0        0.618970579411671        0.618970579411671                        0
       616                        0        0.660385716252231                        0        0.620940730625287        0.620940730625287                        0
       644                        0        0.661993344001873                        0         0.62316916479732         0.62316916479732                        0
       672                        0        0.663158546721384                        0        0.624922560070214        0.624922560070214                        0
       700                        0        0.664236066600414                        0        0.626547269533714        0.626547269533714                        0
       728                        0        0.665587735124974                        0         0.62841910085635         0.62841910085635                        0
       756                        0        0.666559828844769                        0        0.629887388114727        0.629887388114727                        0
       784                        0        0.667466135024699                        0        0.631258865492857        0.631258865492857                        0
       812                        0        0.668626303990706                        0         0.63286389010558         0.63286389010558                        0
       840                        0        0.669453966487753                        0        0.634118175283549        0.634118175283549                        0
       868                        0         0.67023067307232                        0        0.635297306078758        0.635297306078758                        0
       896                        0        0.671242859395551                        0        0.636696184051477        0.636696184051477                        0
       924                        0        0.671959102491253                        0        0.637784861935593        0.637784861935593                        0
       952                        0        0.672634854739202                        0        0.638813703369499        0.638813703369499                        0
       980                        0        0.673529682621466                        0        0.640049138686368        0.640049138686368                        0
      1008                        0        0.674157793999372                        0        0.641006455676988        0.641006455676988                        0
      1036                        0        0.674753048238323                        0        0.641915133829862        0.641915133829862                        0
      1064                        0        0.675552807105169                        0         0.64301821367524         0.64301821367524                        0
      1092                        0        0.676109752807341                        0        0.643869189169244        0.643869189169244                        0
      1120                        0        0.676639564917071                        0        0.644679937318911        0.644679937318911                        0
      1148                        0        0.677360935331963                        0        0.645673927397005        0.645673927397005                        0
      1176                        0        0.677859411347486                        0        0.646437330802854        0.646437330802854                        0
      1204                        0        0.678335145498853                        0         0.64716697189242         0.64716697189242                        0
      1232                        0        0.678990905602643                        0         0.64806969417449         0.64806969417449                        0
      1260                        0        0.679440629921558                        0        0.648759925098982        0.648759925098982                        0
      1288                        0        0.679871049263566                        0        0.649421460731769        0.649421460731769                        0
      1316                        0        0.680471184444375                        0        0.650246840559076        0.650246840559076                        0
      1344                        0        0.680879740954512                        0        0.650875159957684        0.650875159957684                        0
      1372                        0        0.681271728249013                        0        0.651478822907547        0.651478822907547                        0
      1400                        0         0.68182417646914                        0        0.652237928567867        0.652237928567867                        0
      1428                        0        0.682197583567355                        0        0.652813290190922        0.652813290190922                        0
      1456                        0        0.682556631609912                        0        0.653367262307631        0.653367262307631                        0
      1484                        0        0.683067798136384                        0        0.654069023200318        0.654069023200318                        0
      1512                        0        0.683410902287247                        0        0.654598650280077        0.654598650280077                        0
      1540                        0        0.683741456318613                        0        0.655109564773831        0.655109564773831                        0
      1568                        0        0.684216577901258                        0        0.655761279631225        0.655761279631225                        0
      1596                        0        0.684533332494752                        0        0.656251074286095        0.656251074286095                        0
      1624                        0        0.684839034690188                        0        0.656724375059309        0.656724375059309                        0
      1652                        0        0.685282442747375                        0        0.657332079285554        0.657332079285554                        0
      1680                        0        0.685576109802955                        0        0.657786919184267        0.657786919184267                        0
      1708                        0        0.685859977329494                        0        0.658227122992169        0.658227122992169                        0
      1736                        0        0.686275291750405                        0        0.658795859184915        0.658795859184915                        0
      1764                        0         0.68654859050779                        0        0.659219816458501        0.659219816458501                        0
      1792                        0        0.686813147499655                        0        0.659630707545001        0.659630707545001                        0
      1820                        0        0.687203421761435                        0        0.660164728069839        0.660164728069839                        0
      1848                        0         0.68745863994656                        0        0.660561233491407        0.660561233491407                        0
      1876                        0        0.687706016875848                        0        0.660946010368771        0.660946010368771                        0
      1904                        0        0.688073848345501                        0        0.661448931333968        0.661448931333968                        0
      1932                        0         0.68831292671998                        0        0.661820899261687        0.661820899261687                        0
      1960                        0        0.688544936284534                        0        0.662182286968628        0.662182286968628                        0
      1988                        0        0.688892551199741                        0        0.662657206851258        0.662657206851258                        0
      2016                        0        0.689117148666067                        0        0.663007131572018        0.663007131572018                        0
      2044                        0        0.689335344490907                        0        0.663347468628725        0.663347468628725                        0
      2072                        0        0.689664664238852                        0        0.663797060789878        0.663797060789878                        0
      2100                        0        0.689876208580231                        0        0.664127091704348        0.664127091704348                        0
      2128                        0        0.690081931156661                        0        0.664448398251668        0.664448398251668                        0
      2156                        0        0.690394624546264                        0        0.664874983895327        0.664874983895327                        0
      2184                        0         0.69059435240734                        0        0.665186984834864        0.665186984834864                        0
      2212                        0        0.690788765429751                        0        0.665491016599707        0.665491016599707                        0
      2240                        0        0.691086290339727                        0         0.66589662289747         0.66589662289747                        0
      2268                        0        0.691275279047644                        0        0.666192219391571        0.666192219391571                        0
      2296                        0        0.691459398435831                        0         0.66648051083932         0.66648051083932                        0
      2324                        0        0.691743035310251                        0        0.666866917673977        0.666866917673977                        0
      2352                        0        0.691922228436875                        0        0.667147534964546        0.667147534964546                        0
      2380                        0        0.692096945725006                        0        0.667421434115289        0.667421434115289                        0
      2408                        0        0.692367824744781                        0        0.667790211992775        0.667790211992775                        0
      2436                        0        0.692538052816648                        0        0.668057105866579        0.668057105866579                        0
      2464                        0        0.692704154160356                        0        0.668317802619935        0.668317802619935                        0
      2492                        0        0.692963277461025                        0         0.66867034366643         0.66867034366643                        0
      2520                        0        0.693125274870534                        0        0.668924625657928        0.668924625657928                        0
      2548                        0        0.693283456610633                        0        0.669173175010088        0.669173175010088                        0
      2576                        0         0.69353171658511                        0        0.669510718504364        0.669510718504364                        0
      2604                        0        0.693686135501377                        0        0.669753376648365        0.669753376648365                        0
      2632                        0        0.693837017000468                        0        0.669990717860943        0.669990717860943                        0
      2660                        0        0.694075211478346                        0        0.670314371404447        0.670314371404447                        0
