#square and square, nu_xymn_2
#MM NN: 3 4
#quadrature order: 16
#numpanels            c*(gradu.n)^2                      BEM        0.5*(gradu)^2 ex.       Boundary Formula 1       Boundary Formula 2
        56                        0         0.55318335263946                        0        0.453201463467463        0.453201463467463                        0
        84                        0        0.613883098803314                        0        0.534230924279439        0.534230924279439                        0
       112                        0         0.63420734803408                        0        0.561704898286174        0.561704898286174                        0
       140                        0        0.651189982284387                        0        0.584400513471361        0.584400513471361                        0
       168                        0        0.661351349636664                        0        0.598893203415378        0.598893203415378                        0
       196                        0        0.669265006689991                        0        0.610262197996132        0.610262197996132                        0
       224                        0         0.67741218866695                        0        0.621265268113855        0.621265268113855                        0
       252                        0        0.682752070663979                        0        0.629055579973422        0.629055579973422                        0
       280                        0        0.686974148133202                        0        0.635266301578186        0.635266301578186                        0
       308                        0        0.691892745885103                        0        0.641930203682928        0.641930203682928                        0
       336                        0        0.695121733592603                        0        0.646724763048211        0.646724763048211                        0
       364                        0        0.697861818242452                        0        0.650814370254218        0.650814370254218                        0
       392                        0        0.701315243780281                        0        0.655493332851247        0.655493332851247                        0
       420                        0        0.703563034195733                        0        0.658868550143912        0.658868550143912                        0
       448                        0        0.705522356713064                        0        0.661824885314148        0.661824885314148                        0
       476                        0        0.708135228566328                        0        0.665361642807564        0.665361642807564                        0
       504                        0          0.7098113484433                        0        0.667901538019587        0.667901538019587                        0
       532                        0        0.711303811486967                        0        0.670172905584263        0.670172905584263                        0
       560                        0        0.713383868699137                        0         0.67298460104324         0.67298460104324                        0
       588                        0        0.714697044709689                        0        0.674989454390389        0.674989454390389                        0
       616                        0        0.715883605090189                        0         0.67680829333363         0.67680829333363                        0
       644                        0         0.71759853600244                        0        0.679122888891207        0.679122888891207                        0
       672                        0        0.718663693922606                        0        0.680759569833477        0.680759569833477                        0
       700                        0        0.719636968121718                        0        0.682260733833906        0.682260733833906                        0
       728                        0        0.721087960470073                        0         0.68421600167926         0.68421600167926                        0
       756                        0        0.721974834855747                        0        0.685586451834379        0.685586451834379                        0
       784                        0        0.722792307203634                        0        0.686854216311931        0.686854216311931                        0
       812                        0        0.724044584405162                        0        0.688539040951177        0.688539040951177                        0
       840                        0        0.724798167423751                        0        0.689709421407208        0.689709421407208                        0
       868                        0        0.725497677352708                        0        0.690799581881355        0.690799581881355                        0
       896                        0        0.726595542392844                        0        0.692274365123659        0.692274365123659                        0
       924                        0        0.727246351622131                        0         0.69328977945334         0.69328977945334                        0
       952                        0        0.727853966559941                        0        0.694240965868015        0.694240965868015                        0
       980                        0        0.728828767382406                        0        0.695548453747163        0.695548453747163                        0
      1008                        0        0.729398331837915                        0          0.6964408631703          0.6964408631703                        0
      1036                        0        0.729932679167869                        0        0.697280801844327        0.697280801844327                        0
      1064                        0        0.730807344621343                        0        0.698452258957101        0.698452258957101                        0
      1092                        0        0.731311348511221                        0        0.699245040759656        0.699245040759656                        0
      1120                        0        0.731786144804888                        0        0.699994229114639        0.699994229114639                        0
      1148                        0        0.732577910798542                        0        0.701053153325872        0.701053153325872                        0
      1176                        0         0.73302808949868                        0         0.70176386232125         0.70176386232125                        0
      1204                        0        0.733453691804523                        0        0.702437832831321        0.702437832831321                        0
      1232                        0        0.734175815846408                        0        0.703402293245277        0.703402293245277                        0
      1260                        0        0.734581150346949                        0        0.704044408376053        0.704044408376053                        0
      1288                        0        0.734965547204889                        0        0.704655180627429        0.704655180627429                        0
      1316                        0        0.735628428119751                        0        0.705539345235025        0.705539345235025                        0
      1344                        0        0.735995925380476                        0        0.706123414756317        0.706123414756317                        0
      1372                        0        0.736345392105141                        0        0.706680459042965        0.706680459042965                        0
      1400                        0        0.736957325103437                        0        0.707495625227423        0.707495625227423                        0
      1428                        0        0.737292543973706                        0        0.708030041024676        0.708030041024676                        0
      1456                        0        0.737612088908534                        0        0.708540936718739        0.708540936718739                        0
      1484                        0        0.738179788973293                        0         0.70929624571954         0.70929624571954                        0
      1512                        0        0.738487204269658                        0        0.709787780953993        0.709787780953993                        0
      1540                        0        0.738780880551604                        0        0.710258677845726        0.710258677845726                        0
      1568                        0        0.739309854017222                        0        0.710961622049878        0.710961622049878                        0
      1596                        0        0.739593114527862                        0        0.711415813219201        0.711415813219201                        0
      1624                        0        0.739864242813409                        0        0.711851762018877        0.711851762018877                        0
      1652                        0        0.740359056764794                        0        0.712508552766251        0.712508552766251                        0
      1680                        0        0.740621171887365                        0        0.712929976798399        0.712929976798399                        0
      1708                        0        0.740872502635304                        0        0.713335170569524        0.713335170569524                        0
      1736                        0        0.741336983884439                        0        0.713951009802593        0.713951009802593                        0
      1764                        0        0.741580461124989                        0        0.714343488688146        0.714343488688146                        0
      1792                        0        0.741814294927795                        0         0.71472144230161         0.71472144230161                        0
      1820                        0        0.742251679428091                        0        0.715300726535517        0.715300726535517                        0
      1848                        0        0.742478627362549                        0        0.715667480906742        0.715667480906742                        0
      1876                        0        0.742696905580387                        0        0.716021166513658        0.716021166513658                        0
      1904                        0        0.743109952298449                        0        0.716567642265501        0.716567642265501                        0
      1932                        0        0.743322158809853                        0        0.716911408346439        0.716911408346439                        0
      1960                        0        0.743526532806009                        0        0.717243359087626        0.717243359087626                        0
      1988                        0        0.743917611674352                        0        0.717760242909137        0.717760242909137                        0
      2016                        0        0.744116604194077                        0        0.718083362747317        0.718083362747317                        0
      2044                        0        0.744308488903031                        0         0.71839575315638         0.71839575315638                        0
      2072                        0         0.74467964958074                        0        0.718885825456744        0.718885825456744                        0
      2100                        0        0.744866742033586                        0        0.719190317374494        0.719190317374494                        0
      2128                        0        0.745047357890653                        0         0.71948502643264         0.71948502643264                        0
      2156                        0        0.745400384115976                        0        0.719950705625892        0.719950705625892                        0
      2184                        0         0.74557671390665                        0        0.720238319827936        0.720238319827936                        0
      2212                        0        0.745747120018308                        0        0.720516980938855        0.720516980938855                        0
      2240                        0        0.746083573007609                        0         0.72096038263437         0.72096038263437                        0
      2268                        0        0.746250130454618                        0        0.721232645537478        0.721232645537478                        0
      2296                        0        0.746411251094588                        0        0.721496686514989        0.721496686514989                        0
      2324                        0        0.746732504517755                        0        0.721919671209032        0.721919671209032                        0
      2352                        0        0.746890156494262                        0        0.722177921106579        0.722177921106579                        0
      2380                        0        0.747042802458159                        0        0.722428596456802        0.722428596456802                        0
      2408                        0        0.747350070866125                        0        0.722832808283598        0.722832808283598                        0
      2436                        0        0.747499579949854                        0        0.723078224281598        0.723078224281598                        0
      2464                        0        0.747644465909891                        0        0.723316641480724        0.723316641480724                        0
      2492                        0        0.747938828023037                        0          0.7237035399504          0.7237035399504                        0
      2520                        0        0.748080868130491                        0        0.723937165626873        0.723937165626873                        0
      2548                        0        0.748218626846327                        0        0.724164306670951        0.724164306670951                        0
      2576                        0        0.748501044773525                        0        0.724535192855183        0.724535192855183                        0
      2604                        0        0.748636214017705                        0        0.724757955746838        0.724757955746838                        0
      2632                        0        0.748767408057164                        0         0.72497469495232         0.72497469495232                        0
      2660                        0        0.749038743262505                        0        0.725330733230422        0.725330733230422                        0
      2688                        0        0.749167574599261                        0        0.725543460990702        0.725543460990702                        0
