#square and square, nu_xymn_2
#MM NN: 2 2
#quadrature order: 16
#numpanels            c*(gradu.n)^2                      BEM        0.5*(gradu)^2 ex.       Boundary Formula 1       Boundary Formula 2
        56                        0        0.652144543092265                        0        0.545487892921931        0.545487892921931                        0
        84                        0         0.70965476031794                        0        0.630180741111335        0.630180741111335                        0
       112                        0        0.723723446539478                        0        0.651388387664056        0.651388387664056                        0
       140                        0        0.738663983190603                        0          0.6719912469257          0.6719912469257                        0
       168                        0        0.746433013020833                        0        0.684085319687621        0.684085319687621                        0
       196                        0        0.752794401467921                        0        0.693908574245495        0.693908574245495                        0
       224                        0         0.76102486160785                        0         0.70501712424291         0.70501712424291                        0
       252                        0        0.765573621937448                        0        0.712064027222481        0.712064027222481                        0
       280                        0        0.768986228652721                        0        0.717434671859788        0.717434671859788                        0
       308                        0        0.774106865933896                        0        0.724287527974631        0.724287527974631                        0
       336                        0        0.776830102297593                        0        0.728583697988932        0.728583697988932                        0
       364                        0         0.77907118119776                        0        0.732153577369099        0.732153577369099                        0
       392                        0         0.78276669626443                        0        0.737066121022688        0.737066121022688                        0
       420                        0        0.784670836258401                        0        0.740101753401445        0.740101753401445                        0
       448                        0        0.786277063043514                        0        0.742689691853409        0.742689691853409                        0
       476                        0        0.789124203855612                        0        0.746453886753697        0.746453886753697                        0
       504                        0        0.790540756852614                        0        0.748735990653033        0.748735990653033                        0
       532                        0        0.791764354241762                        0        0.750727175400755        0.750727175400755                        0
       560                        0        0.794063182330767                        0        0.753752459516872        0.753752459516872                        0
       588                        0        0.795169556436116                        0        0.755551498527165        0.755551498527165                        0
       616                        0        0.796140667971631                        0        0.757146244010442        0.757146244010442                        0
       644                        0        0.798057501118778                        0        0.759658712431067        0.759658712431067                        0
       672                        0        0.798951284445806                        0        0.761124614505269        0.761124614505269                        0
       700                        0         0.79974564797484                        0        0.762440092959485        0.762440092959485                        0
       728                        0        0.801382750607253                        0        0.764578282519978        0.764578282519978                        0
       756                        0        0.802123582478945                        0        0.765803088547236        0.765803088547236                        0
       784                        0        0.802788510129225                        0        0.766912876285279        0.766912876285279                        0
       812                        0        0.804212724219996                        0        0.768767067356454        0.768767067356454                        0
       840                        0        0.804839197209131                        0        0.769810626641977        0.769810626641977                        0
       868                        0        0.805405990592187                        0        0.770763630257676        0.770763630257676                        0
       896                        0        0.806663259614089                        0        0.772395710994523        0.772395710994523                        0
       924                        0        0.807201610705696                        0        0.773298891436618        0.773298891436618                        0
       952                        0        0.807691911774044                        0        0.774129073977559        0.774129073977559                        0
       980                        0        0.808815071771623                        0         0.77558316943841         0.77558316943841                        0
      1008                        0        0.809283835051861                        0         0.77637496138334         0.77637496138334                        0
      1036                        0        0.809713150055065                        0        0.777106757550279        0.777106757550279                        0
      1064                        0        0.810726427688359                        0        0.778415351574939        0.778415351574939                        0
      1092                        0        0.811139115573945                        0        0.779116974136647        0.779116974136647                        0
      1120                        0        0.811518884632899                        0        0.779768481516207        0.779768481516207                        0
      1148                        0         0.81244063064321                        0        0.780956129104371        0.780956129104371                        0
      1176                        0        0.812807356289091                        0        0.781583522940245        0.781583522940245                        0
      1204                        0        0.813146229084574                        0        0.782168475377984        0.782168475377984                        0
      1232                        0        0.813990654325894                        0        0.783254155840996        0.783254155840996                        0
      1260                        0        0.814319156614663                        0        0.783819562768098        0.783819562768098                        0
      1288                        0        0.814623810624249                        0        0.784348599968918        0.784348599968918                        0
      1316                        0        0.815402129584674                        0        0.785347264166609        0.785347264166609                        0
      1344                        0        0.815698444208264                        0         0.78586026437401         0.78586026437401                        0
      1372                        0        0.815974127545827                        0        0.786341776635442        0.786341776635442                        0
      1400                        0        0.816695335385892                        0        0.787265396589786        0.787265396589786                        0
      1428                        0         0.81696424787701                        0        0.787733610783795        0.787733610783795                        0
      1456                        0        0.817215149987434                        0        0.788174317450151        0.788174317450151                        0
      1484                        0        0.817886564867251                        0        0.789032617770777        0.789032617770777                        0
      1512                        0        0.818131924619746                        0        0.789462195170538        0.789462195170538                        0
      1540                        0        0.818361435845039                        0        0.789867550752898        0.789867550752898                        0
      1568                        0        0.818989086352505                        0        0.790668530385235        0.790668530385235                        0
      1596                        0        0.819214029366618                        0         0.79106449576333         0.79106449576333                        0
      1624                        0        0.819424926729925                        0        0.791438981363063        0.791438981363063                        0
      1652                        0        0.820013834369046                        0        0.792189293486537        0.792189293486537                        0
      1680                        0        0.820220944495898                        0        0.792555799013889        0.792555799013889                        0
      1708                        0        0.820415527277674                        0        0.792903135511735        0.792903135511735                        0
      1736                        0        0.820969916201748                        0        0.793608369222145        0.793608369222145                        0
      1764                        0        0.821161343991849                        0         0.79394888053943         0.79394888053943                        0
      1792                        0        0.821341534386548                        0        0.794272187250461        0.794272187250461                        0
      1820                        0        0.821864989647813                        0        0.794937079831751        0.794937079831751                        0
      1848                        0        0.822042541373403                        0        0.795254515746077        0.795254515746077                        0
      1876                        0        0.822209960383029                        0        0.795556430317525        0.795556430317525                        0
      1904                        0        0.822705549076004                        0         0.79618502954405         0.79618502954405                        0
      1932                        0        0.822870754386153                        0        0.796481868433794        0.796481868433794                        0
      1960                        0        0.823026779843724                        0        0.796764638714835        0.796764638714835                        0
      1988                        0        0.823497145062726                        0        0.797360428587453        0.797360428587453                        0
      2016                        0        0.823651309077191                        0        0.797638790511061        0.797638790511061                        0
      2044                        0        0.823797120569477                        0        0.797904345832537        0.797904345832537                        0
      2072                        0        0.824244555148607                        0        0.798470345150264        0.798470345150264                        0
      2100                        0        0.824388799049704                        0        0.798732055960943        0.798732055960943                        0
      2128                        0        0.824525413097556                        0        0.798982063072699        0.798982063072699                        0
      2156                        0        0.824951918111134                        0        0.799520903549804        0.799520903549804                        0
      2184                        0        0.825087211118454                        0        0.799767545502822        0.799767545502822                        0
      2212                        0        0.825215509018169                        0        0.800003452933133        0.800003452933133                        0
      2240                        0        0.825622840651304                        0        0.800517441722189        0.800517441722189                        0
      2268                        0        0.825750025460021                        0        0.800750393817066        0.800750393817066                        0
      2296                        0        0.825870775528317                        0         0.80097346738402         0.80097346738402                        0
      2324                        0         0.82626048297183                        0        0.801464637577477        0.801464637577477                        0
      2352                        0        0.826380296177166                        0        0.801685108012001        0.801685108012001                        0
      2380                        0        0.826494171682233                        0        0.801896459503578        0.801896459503578                        0
      2408                        0        0.826867628027044                        0        0.802366611264686        0.802366611264686                        0
      2436                        0        0.826980716661882                        0        0.802575663762978        0.802575663762978                        0
      2464                        0        0.827088310396746                        0        0.802776274290759        0.802776274290759                        0
      2492                        0         0.82744673801632                        0        0.803227008615917        0.803227008615917                        0
      2520                        0        0.827553673046257                        0        0.803425583951875        0.803425583951875                        0
      2548                        0        0.827655509261772                        0        0.803616323107994        0.803616323107994                        0
      2576                        0        0.828000000816718                        0        0.804049069741759        0.804049069741759                        0
      2604                        0        0.828101288232727                        0        0.804238003463169        0.804238003463169                        0
      2632                        0        0.828197832478755                        0        0.804419645147993        0.804419645147993                        0
      2660                        0        0.828529368412665                        0        0.804835685812669        0.804835685812669                        0
      2688                        0         0.82862545841076                        0        0.805015722934506        0.805015722934506                        0
      2716                        0        0.828717125703849                        0        0.805188958515231        0.805188958515231                        0
