#square and square, nu_xymn_2
#MM NN: 5 4
#quadrature order: 16
#numpanels            c*(gradu.n)^2                      BEM        0.5*(gradu)^2 ex.       Boundary Formula 1       Boundary Formula 2
        56                        0        0.450996295129987                        0          0.3482007358615          0.3482007358615                        0
        84                        0        0.505285541538352                        0        0.419308114299456        0.419308114299456                        0
       112                        0        0.528313575688717                        0        0.450652299231209        0.450652299231209                        0
       140                        0         0.54606212191751                        0        0.475088716647523        0.475088716647523                        0
       168                        0        0.557992824057872                        0        0.492059575961123        0.492059575961123                        0
       196                        0        0.567190030956263                        0        0.505243474147698        0.505243474147698                        0
       224                        0        0.575258251536391                        0        0.516559773722481        0.516559773722481                        0
       252                        0        0.581329753149858                        0          0.5253590119213          0.5253590119213                        0
       280                        0        0.586317526664119                        0        0.532618600901036        0.532618600901036                        0
       308                        0        0.591106829253017                        0        0.539372938448383        0.539372938448383                        0
       336                        0        0.594835612895019                        0        0.544831565223954        0.544831565223954                        0
       364                        0        0.598069226477344                        0         0.54957660822164         0.54957660822164                        0
       392                        0        0.601352612162663                        0        0.554214363461329        0.554214363461329                        0
       420                        0        0.603947702566938                        0        0.558036356258406        0.558036356258406                        0
       448                        0         0.60626061423722                        0        0.561449289124042        0.561449289124042                        0
       476                        0        0.608700294303502                        0        0.564896599763575        0.564896599763575                        0
       504                        0        0.610639617299031                        0         0.56776583381808         0.56776583381808                        0
       532                        0        0.612401785454011                        0        0.570377060123993        0.570377060123993                        0
       560                        0        0.614314357524402                        0        0.573079128594225        0.573079128594225                        0
       588                        0        0.615836611669038                        0        0.575339467404576        0.575339467404576                        0
       616                        0        0.617238658806463                        0        0.577424166782957        0.577424166782957                        0
       644                        0        0.618795179958301                        0        0.579622332123208        0.579622332123208                        0
       672                        0        0.620032628178764                        0        0.581465349715963        0.581465349715963                        0
       700                        0        0.621183989639685                        0        0.583182254858029        0.583182254858029                        0
       728                        0        0.622486293908169                        0        0.585020452194861        0.585020452194861                        0
       756                        0         0.62351904618456                        0        0.586562630030616        0.586562630030616                        0
       784                        0        0.624487538038579                        0        0.588010469024141        0.588010469024141                        0
       812                        0        0.625600534177893                        0        0.589580546856448        0.589580546856448                        0
       840                        0        0.626480256619409                        0        0.590897244639613        0.590897244639613                        0
       868                        0        0.627310433510977                        0        0.592141074367489        0.592141074367489                        0
       896                        0        0.628277753101783                        0        0.593504816920762        0.593504816920762                        0
       924                        0        0.629039463541651                        0        0.594647244595408        0.594647244595408                        0
       952                        0        0.629761966383918                        0        0.595731918023055        0.595731918023055                        0
       980                        0        0.630614193052684                        0        0.596932652458412        0.596932652458412                        0
      1008                        0        0.631282580782341                        0        0.597936996726282        0.597936996726282                        0
      1036                        0        0.631919271974112                        0        0.598894586183715        0.598894586183715                        0
      1064                        0        0.632678584622465                        0        0.599963741514765        0.599963741514765                        0
      1092                        0        0.633271627744242                        0        0.600856404724879        0.600856404724879                        0
      1120                        0        0.633838585355337                        0        0.601710542229627        0.601710542229627                        0
      1148                        0        0.634521526238324                        0        0.602671563646811        0.602671563646811                        0
      1176                        0        0.635052672123266                        0        0.603472329371451        0.603472329371451                        0
      1204                        0        0.635562023378916                        0        0.604240870659161        0.604240870659161                        0
      1232                        0        0.636181225509554                        0        0.605111664147959        0.605111664147959                        0
      1260                        0        0.636660763366269                        0        0.605835694038943        0.605835694038943                        0
      1288                        0        0.637121854080198                        0        0.606532421195306        0.606532421195306                        0
      1316                        0        0.637687161186961                        0        0.607326939414731        0.607326939414731                        0
      1344                        0        0.638123118110578                        0        0.607986079205246        0.607986079205246                        0
      1372                        0        0.638543284762279                        0        0.608621826791869        0.608621826791869                        0
      1400                        0        0.639062501397836                        0        0.609351131700231        0.609351131700231                        0
      1428                        0        0.639461245824411                        0        0.609954792195407        0.609954792195407                        0
      1456                        0        0.639846340601374                        0        0.610538214294545        0.610538214294545                        0
      1484                        0        0.640325748789128                        0        0.611211209284624        0.611211209284624                        0
      1512                        0        0.640692407972406                        0        0.611766976751161        0.611766976751161                        0
      1540                        0        0.641047165096552                        0        0.612305082923583        0.612305082923583                        0
      1568                        0        0.641491888939495                        0        0.612929029632074        0.612929029632074                        0
      1596                        0        0.641830644622898                        0        0.613443098687663        0.613443098687663                        0
      1624                        0        0.642158941742766                        0         0.61394163692046         0.61394163692046                        0
      1652                        0         0.64257321029032                        0        0.614522527892853        0.614522527892853                        0
      1680                        0        0.642887512483439                        0        0.615000014889415        0.615000014889415                        0
      1708                        0         0.64319256092409                        0        0.615463750663919        0.615463750663919                        0
      1736                        0        0.643579901301526                        0        0.616006583188565        0.616006583188565                        0
      1764                        0        0.643872625703416                        0        0.616451757256003        0.616451757256003                        0
      1792                        0        0.644157111398324                        0        0.616884680513167        0.616884680513167                        0
      1820                        0        0.644520493110182                        0        0.617393661246313        0.617393661246313                        0
      1848                        0        0.644794058947375                        0         0.61781011742776         0.61781011742776                        0
      1876                        0        0.645060248496813                        0        0.618215598489348        0.618215598489348                        0
      1904                        0        0.645402192887353                        0        0.618694298680727        0.618694298680727                        0
      1932                        0        0.645658652428408                        0        0.619085089589486        0.619085089589486                        0
      1960                        0        0.645908474055206                        0        0.619465998296337        0.619465998296337                        0
      1988                        0        0.646231138478188                        0        0.619917473155209        0.619917473155209                        0
      2016                        0        0.646472245941985                        0        0.620285210423129        0.620285210423129                        0
      2044                        0        0.646707352085173                        0        0.620644008339416        0.620644008339416                        0
      2072                        0        0.647012595429612                        0        0.621070889961859        0.621070889961859                        0
      2100                        0        0.647239860675006                        0        0.621417823355591        0.621417823355591                        0
      2128                        0        0.647461676954875                        0        0.621756635962942        0.621756635962942                        0
      2156                        0        0.647751111232991                        0        0.622161206492534        0.622161206492534                        0
      2184                        0        0.647965842053871                        0         0.62248928629354         0.62248928629354                        0
      2212                        0        0.648175605987712                        0        0.622809960124653        0.622809960124653                        0
      2240                        0        0.648450637369212                        0        0.623194209944926        0.623194209944926                        0
      2268                        0         0.64865397315051                        0        0.623505136629423        0.623505136629423                        0
      2296                        0        0.648852765064425                        0        0.623809284921863        0.623809284921863                        0
      2324                        0        0.649114626825861                        0        0.624174959383248        0.624174959383248                        0
      2352                        0        0.649307565574741                        0        0.624470223555467        0.624470223555467                        0
      2380                        0        0.649496333507635                        0         0.62475926306193         0.62475926306193                        0
      2408                        0        0.649746112720061                        0        0.625107900325398        0.625107900325398                        0
      2436                        0        0.649929532962384                        0         0.62538881509046         0.62538881509046                        0
      2464                        0        0.650109112898443                        0        0.625663996007428        0.625663996007428                        0
      2492                        0        0.650347772217713                        0        0.625996957942995        0.625996957942995                        0
      2520                        0        0.650522450875561                        0        0.626264685356834        0.626264685356834                        0
      2548                        0        0.650693583307131                        0        0.626527115842284        0.626527115842284                        0
      2576                        0        0.650921978899359                        0        0.626845613446577        0.626845613446577                        0
      2604                        0        0.651088605994944                        0         0.62710118628618         0.62710118628618                        0
      2632                        0        0.651251949580014                        0        0.627351852691389        0.627351852691389                        0
      2660                        0        0.651470845967955                        0        0.627656967135943        0.627656967135943                        0
