#square and square, nu_xymn_2
#MM NN: 3 2
#quadrature order: 16
#numpanels            c*(gradu.n)^2                      BEM        0.5*(gradu)^2 ex.       Boundary Formula 1       Boundary Formula 2
        56                        0        0.564385037116504                        0        0.453201463467463        0.453201463467463                        0
        84                        0        0.619476506708534                        0        0.534230924279439        0.534230924279439                        0
       112                        0        0.637838166205226                        0        0.561704898286174        0.561704898286174                        0
       140                        0        0.653761920269278                        0        0.584400513471361        0.584400513471361                        0
       168                        0        0.663298525369992                        0        0.598893203415378        0.598893203415378                        0
       196                        0        0.670806285572378                        0        0.610262197996132        0.610262197996132                        0
       224                        0        0.678672839035642                        0        0.621265268113855        0.621265268113855                        0
       252                        0        0.683809191349072                        0        0.629055579973422        0.629055579973422                        0
       280                        0        0.687878104493559                        0        0.635266301578186        0.635266301578186                        0
       308                        0        0.692677989810554                        0        0.641930203682928        0.641930203682928                        0
       336                        0        0.695812727762516                        0        0.646724763048211        0.646724763048211                        0
       364                        0        0.698476474234574                        0        0.650814370254218        0.650814370254218                        0
       392                        0        0.701867018340611                        0        0.655493332851247        0.655493332851247                        0
       420                        0        0.704062260684251                        0        0.658868550143912        0.658868550143912                        0
       448                        0        0.705977120655251                        0        0.661824885314148        0.661824885314148                        0
       476                        0        0.708551960828522                        0        0.665361642807564        0.665361642807564                        0
       504                        0        0.710195237634805                        0        0.667901538019587        0.667901538019587                        0
       532                        0        0.711659097254417                        0        0.670172905584263        0.670172905584263                        0
       560                        0        0.713714054532428                        0         0.67298460104324         0.67298460104324                        0
       588                        0          0.7150050551239                        0        0.674989454390389        0.674989454390389                        0
       616                        0        0.716171903590192                        0         0.67680829333363         0.67680829333363                        0
       644                        0        0.717869214896689                        0        0.679122888891207        0.679122888891207                        0
       672                        0        0.718918543599555                        0        0.680759569833477        0.680759569833477                        0
       700                        0        0.719877531121284                        0        0.682260733833906        0.682260733833906                        0
       728                        0        0.721315574146143                        0         0.68421600167926         0.68421600167926                        0
       756                        0        0.722190665372366                        0        0.685586451834379        0.685586451834379                        0
       784                        0        0.722997376873642                        0        0.686854216311931        0.686854216311931                        0
       812                        0        0.724239793861026                        0        0.688539040951177        0.688539040951177                        0
       840                        0          0.7249843137383                        0        0.689709421407208        0.689709421407208                        0
       868                        0        0.725675468957323                        0        0.690799581881355        0.690799581881355                        0
       896                        0        0.726765611442244                        0        0.692274365123659        0.692274365123659                        0
       924                        0        0.727409264307552                        0         0.69328977945334         0.69328977945334                        0
       952                        0        0.728010231761932                        0        0.694240965868015        0.694240965868015                        0
       980                        0        0.728978843970783                        0        0.695548453747163        0.695548453747163                        0
      1008                        0        0.729542634862407                        0          0.6964408631703          0.6964408631703                        0
      1036                        0        0.730071585133745                        0        0.697280801844327        0.697280801844327                        0
      1064                        0        0.730941196006002                        0        0.698452258957101        0.698452258957101                        0
      1092                        0        0.731440457647807                        0        0.699245040759656        0.699245040759656                        0
      1120                        0        0.731910797235395                        0        0.699994229114639        0.699994229114639                        0
      1148                        0        0.732698368180182                        0        0.701053153325872        0.701053153325872                        0
      1176                        0        0.733144592132365                        0         0.70176386232125         0.70176386232125                        0
      1204                        0        0.733566460842325                        0        0.702437832831321        0.702437832831321                        0
      1232                        0         0.73428505522519                        0        0.703402293245277        0.703402293245277                        0
      1260                        0        0.734687048487552                        0        0.704044408376053        0.704044408376053                        0
      1288                        0        0.735068278509815                        0        0.704655180627429        0.704655180627429                        0
      1316                        0        0.735728154297072                        0        0.705539345235025        0.705539345235025                        0
      1344                        0        0.736092796617359                        0        0.706123414756317        0.706123414756317                        0
      1372                        0        0.736439548110839                        0        0.706680459042965        0.706680459042965                        0
      1400                        0         0.73704889603861                        0        0.707495625227423        0.707495625227423                        0
      1428                        0        0.737381651280465                        0        0.708030041024676        0.708030041024676                        0
      1456                        0        0.737698846053547                        0        0.708540936718739        0.708540936718739                        0
      1484                        0        0.738264302114537                        0         0.70929624571954         0.70929624571954                        0
      1512                        0         0.73856957285596                        0        0.709787780953993        0.709787780953993                        0
      1540                        0        0.738861197862843                        0        0.710258677845726        0.710258677845726                        0
      1568                        0        0.739388207652045                        0        0.710961622049878        0.710961622049878                        0
      1596                        0        0.739669586844837                        0        0.711415813219201        0.711415813219201                        0
      1624                        0        0.739938911330823                        0        0.711851762018877        0.711851762018877                        0
      1652                        0         0.74043199452359                        0        0.712508552766251        0.712508552766251                        0
      1680                        0        0.740692447781195                        0        0.712929976798399        0.712929976798399                        0
      1708                        0        0.740942181711167                        0        0.713335170569524        0.713335170569524                        0
      1736                        0        0.741405127616966                        0        0.713951009802593        0.713951009802593                        0
      1764                        0        0.741647127667071                        0        0.714343488688146        0.714343488688146                        0
      1792                        0         0.74187953933994                        0         0.71472144230161         0.71472144230161                        0
      1820                        0        0.742315553888616                        0        0.715300726535517        0.715300726535517                        0
      1848                        0        0.742541181360459                        0        0.715667480906742        0.715667480906742                        0
      1876                        0        0.742758186092651                        0        0.716021166513658        0.716021166513658                        0
      1904                        0        0.743170003953099                        0        0.716567642265501        0.716567642265501                        0
      1932                        0        0.743381024036266                        0        0.716911408346439        0.716911408346439                        0
      1960                        0         0.74358425197354                        0        0.717243359087626        0.717243359087626                        0
      1988                        0        0.743974223220356                        0        0.717760242909137        0.717760242909137                        0
      2016                        0        0.744172144742305                        0        0.718083362747317        0.718083362747317                        0
      2044                        0        0.744362993373217                        0         0.71839575315638         0.71839575315638                        0
      2072                        0        0.744733151290159                        0        0.718885825456744        0.718885825456744                        0
      2100                        0        0.744919272791268                        0        0.719190317374494        0.719190317374494                        0
      2128                        0        0.745098948084884                        0         0.71948502643264         0.71948502643264                        0
      2156                        0        0.745451062795622                        0        0.719950705625892        0.719950705625892                        0
      2184                        0         0.74562650885685                        0        0.720238319827936        0.720238319827936                        0
      2212                        0        0.745796057830959                        0        0.720516980938855        0.720516980938855                        0
      2240                        0         0.74613167914709                        0         0.72096038263437         0.72096038263437                        0
      2268                        0          0.7462974293191                        0        0.721232645537478        0.721232645537478                        0
      2296                        0        0.746457766073317                        0        0.721496686514989        0.721496686514989                        0
      2324                        0        0.746778258044579                        0        0.721919671209032        0.721919671209032                        0
      2352                        0        0.746935170097711                        0        0.722177921106579        0.722177921106579                        0
      2380                        0         0.74708709680834                        0        0.722428596456802        0.722428596456802                        0
      2408                        0        0.747393665818662                        0        0.722832808283598        0.722832808283598                        0
      2436                        0        0.747542494587092                        0        0.723078224281598        0.723078224281598                        0
      2464                        0        0.747686718579566                        0        0.723316641480724        0.723316641480724                        0
      2492                        0        0.747980436374597                        0          0.7237035399504          0.7237035399504                        0
      2520                        0        0.748121849149233                        0        0.723937165626873        0.723937165626873                        0
      2548                        0          0.7482589968855                        0        0.724164306670951        0.724164306670951                        0
      2576                        0        0.748540819584552                        0        0.724535192855183        0.724535192855183                        0
      2604                        0        0.748675408778636                        0        0.724757955746838        0.724757955746838                        0
      2632                        0        0.748806037399504                        0         0.72497469495232         0.72497469495232                        0
      2660                        0        0.749076821296511                        0        0.725330733230422        0.725330733230422                        0
