#square and square, nu_xymn_2
#MM NN: 5 3
#quadrature order: 16
#numpanels            c*(gradu.n)^2                      BEM        0.5*(gradu)^2 ex.       Boundary Formula 1       Boundary Formula 2
        56                        0        0.456574468261781                        0          0.3482007358615          0.3482007358615                        0
        84                        0        0.508082856657367                        0        0.419308114299456        0.419308114299456                        0
       112                        0        0.530132071575135                        0        0.450652299231209        0.450652299231209                        0
       140                        0        0.547351107932694                        0        0.475088716647523        0.475088716647523                        0
       168                        0        0.558968959426867                        0        0.492059575961123        0.492059575961123                        0
       196                        0        0.567962760650937                        0        0.505243474147698        0.505243474147698                        0
       224                        0        0.575890290869327                        0        0.516559773722481        0.516559773722481                        0
       252                        0        0.581859730338658                        0          0.5253590119213          0.5253590119213                        0
       280                        0        0.586770688058085                        0        0.532618600901036        0.532618600901036                        0
       308                        0        0.591500449812581                        0        0.539372938448383        0.539372938448383                        0
       336                        0        0.595181961290443                        0        0.544831565223954        0.544831565223954                        0
       364                        0        0.598377287008772                        0         0.54957660822164         0.54957660822164                        0
       392                        0        0.601629135156935                        0        0.554214363461329        0.554214363461329                        0
       420                        0        0.604197871781508                        0        0.558036356258406        0.558036356258406                        0
       448                        0        0.606488485862268                        0        0.561449289124042        0.561449289124042                        0
       476                        0        0.608909094442181                        0        0.564896599763575        0.564896599763575                        0
       504                        0        0.610831948821348                        0         0.56776583381808         0.56776583381808                        0
       532                        0        0.612579775125382                        0        0.570377060123993        0.570377060123993                        0
       560                        0        0.614479762767009                        0        0.573079128594225        0.573079128594225                        0
       588                        0        0.615990899422298                        0        0.575339467404576        0.575339467404576                        0
       616                        0        0.617383064714093                        0        0.577424166782957        0.577424166782957                        0
       644                        0        0.618930753432279                        0        0.579622332123208        0.579622332123208                        0
       672                        0        0.620160267159195                        0        0.581465349715963        0.581465349715963                        0
       700                        0        0.621304467725593                        0        0.583182254858029        0.583182254858029                        0
       728                        0        0.622600281763684                        0        0.585020452194861        0.585020452194861                        0
       756                        0        0.623627128596547                        0        0.586562630030616        0.586562630030616                        0
       784                        0        0.624590227633618                        0        0.588010469024141        0.588010469024141                        0
       812                        0        0.625698282546142                        0        0.589580546856448        0.589580546856448                        0
       840                        0        0.626573463406178                        0        0.590897244639613        0.590897244639613                        0
       868                        0        0.627399453901324                        0        0.592141074367489        0.592141074367489                        0
       896                        0        0.628362904023877                        0        0.593504816920762        0.593504816920762                        0
       924                        0        0.629121028840695                        0        0.594647244595408        0.594647244595408                        0
       952                        0        0.629840201162961                        0        0.595731918023055        0.595731918023055                        0
       980                        0        0.630689327334637                        0        0.596932652458412        0.596932652458412                        0
      1008                        0        0.631354822615414                        0        0.597936996726282        0.597936996726282                        0
      1036                        0        0.631988810078156                        0        0.598894586183715        0.598894586183715                        0
      1064                        0        0.632745590654497                        0        0.599963741514765        0.599963741514765                        0
      1092                        0        0.633336258246398                        0        0.600856404724879        0.600856404724879                        0
      1120                        0        0.633900983436681                        0        0.601710542229627        0.601710542229627                        0
      1148                        0        0.634581823032536                        0        0.602671563646811        0.602671563646811                        0
      1176                        0        0.635110988056755                        0        0.603472329371451        0.603472329371451                        0
      1204                        0        0.635618469277901                        0        0.604240870659161        0.604240870659161                        0
      1232                        0        0.636235903569781                        0        0.605111664147959        0.605111664147959                        0
      1260                        0        0.636713768005123                        0        0.605835694038943        0.605835694038943                        0
      1288                        0        0.637173272687742                        0        0.606532421195306        0.606532421195306                        0
      1316                        0        0.637737074789811                        0        0.607326939414731        0.607326939414731                        0
      1344                        0        0.638171601960353                        0        0.607986079205246        0.607986079205246                        0
      1372                        0        0.638590408858576                        0        0.608621826791869        0.608621826791869                        0
      1400                        0        0.639108330954196                        0        0.609351131700231        0.609351131700231                        0
      1428                        0        0.639505841684489                        0        0.609954792195407        0.609954792195407                        0
      1456                        0        0.639889759611526                        0        0.610538214294545        0.610538214294545                        0
      1484                        0        0.640368044132678                        0        0.611211209284624        0.611211209284624                        0
      1512                        0        0.640733629470238                        0        0.611766976751161        0.611766976751161                        0
      1540                        0        0.641087359477917                        0        0.612305082923583        0.612305082923583                        0
      1568                        0        0.641531100086519                        0        0.612929029632074        0.612929029632074                        0
      1596                        0        0.641868913791732                        0        0.613443098687663        0.613443098687663                        0
      1624                        0        0.642196307764002                        0         0.61394163692046         0.61394163692046                        0
      1652                        0        0.642609709750919                        0        0.614522527892853        0.614522527892853                        0
      1680                        0        0.642923179892173                        0        0.615000014889415        0.615000014889415                        0
      1708                        0        0.643227428862247                        0        0.615463750663919        0.615463750663919                        0
      1736                        0        0.643614000560379                        0        0.616006583188565        0.616006583188565                        0
      1764                        0        0.643905985409855                        0        0.616451757256003        0.616451757256003                        0
      1792                        0        0.644189759129809                        0        0.616884680513167        0.616884680513167                        0
      1820                        0        0.644552455000086                        0        0.617393661246313        0.617393661246313                        0
      1848                        0        0.644825359781662                        0         0.61781011742776         0.61781011742776                        0
      1876                        0        0.645090911802878                        0        0.618215598489348        0.618215598489348                        0
      1904                        0        0.645432241015765                        0        0.618694298680727        0.618694298680727                        0
      1932                        0        0.645688106628227                        0        0.619085089589486        0.619085089589486                        0
      1960                        0         0.64593735454345                        0        0.619465998296337        0.619465998296337                        0
      1988                        0        0.646259464503997                        0        0.619917473155209        0.619917473155209                        0
      2016                        0        0.646500035845949                        0        0.620285210423129        0.620285210423129                        0
      2044                        0        0.646734623354247                        0        0.620644008339416        0.620644008339416                        0
      2072                        0         0.64703936474801                        0        0.621070889961859        0.621070889961859                        0
      2100                        0        0.647266143971405                        0        0.621417823355591        0.621417823355591                        0
      2128                        0        0.647487489446265                        0        0.621756635962942        0.621756635962942                        0
      2156                        0        0.647776467465423                        0        0.622161206492534        0.622161206492534                        0
      2184                        0        0.647990755940386                        0         0.62248928629354         0.62248928629354                        0
      2212                        0        0.648200090843651                        0        0.622809960124653        0.622809960124653                        0
      2240                        0        0.648474705945155                        0        0.623194209944926        0.623194209944926                        0
      2268                        0         0.64867763766299                        0        0.623505136629423        0.623505136629423                        0
      2296                        0        0.648876037224629                        0        0.623809284921863        0.623809284921863                        0
      2324                        0        0.649137517866448                        0        0.624174959383248        0.624174959383248                        0
      2352                        0        0.649330086274932                        0        0.624470223555467        0.624470223555467                        0
      2380                        0         0.64951849421671                        0         0.62475926306193         0.62475926306193                        0
      2408                        0        0.649767923379369                        0        0.625107900325398        0.625107900325398                        0
      2436                        0        0.649951003125986                        0         0.62538881509046         0.62538881509046                        0
      2464                        0        0.650130251752486                        0        0.625663996007428        0.625663996007428                        0
      2492                        0        0.650368588598628                        0        0.625996957942995        0.625996957942995                        0
      2520                        0         0.65054295328716                        0        0.626264685356834        0.626264685356834                        0
      2548                        0        0.650713779936692                        0        0.626527115842284        0.626527115842284                        0
      2576                        0        0.650941877632761                        0        0.626845613446577        0.626845613446577                        0
      2604                        0        0.651108214430926                        0         0.62710118628618         0.62710118628618                        0
      2632                        0        0.651271275043612                        0        0.627351852691389        0.627351852691389                        0
      2660                        0        0.651489895523173                        0        0.627656967135943        0.627656967135943                        0
      2688                        0        0.651648817261834                        0        0.627901306939696        0.627901306939696                        0
