#square and square, nu_xymn_2
#MM NN: 3 5
#quadrature order: 16
#numpanels            c*(gradu.n)^2                      BEM        0.5*(gradu)^2 ex.       Boundary Formula 1       Boundary Formula 2
        56                        0        0.548329164907199                        0        0.453201463467463        0.453201463467463                        0
        84                        0        0.611213938824508                        0        0.534230924279439        0.534230924279439                        0
       112                        0         0.63239243126163                        0        0.561704898286174        0.561704898286174                        0
       140                        0        0.649877935592398                        0        0.584400513471361        0.584400513471361                        0
       168                        0         0.66034802185687                        0        0.598893203415378        0.598893203415378                        0
       196                        0        0.668466861342703                        0        0.610262197996132        0.610262197996132                        0
       224                        0        0.676757821922135                        0        0.621265268113855        0.621265268113855                        0
       252                        0        0.682202846812691                        0        0.629055579973422        0.629055579973422                        0
       280                        0         0.68650445724249                        0        0.635266301578186        0.635266301578186                        0
       308                        0        0.691484895567179                        0        0.641930203682928        0.641930203682928                        0
       336                        0         0.69476307505828                        0        0.646724763048211        0.646724763048211                        0
       364                        0        0.697543045684828                        0        0.650814370254218        0.650814370254218                        0
       392                        0        0.701029342455944                        0        0.655493332851247        0.655493332851247                        0
       420                        0        0.703304605013919                        0        0.658868550143912        0.658868550143912                        0
       448                        0        0.705287168387542                        0        0.661824885314148        0.661824885314148                        0
       476                        0        0.707919912248675                        0        0.665361642807564        0.665361642807564                        0
       504                        0        0.709613184351693                        0        0.667901538019587        0.667901538019587                        0
       532                        0        0.711120576562183                        0        0.670172905584263        0.670172905584263                        0
       560                        0        0.713213725726021                        0         0.67298460104324         0.67298460104324                        0
       588                        0        0.714538460221259                        0        0.674989454390389        0.674989454390389                        0
       616                        0        0.715735287637405                        0         0.67680829333363         0.67680829333363                        0
       644                        0        0.717459389085352                        0        0.679122888891207        0.679122888891207                        0
       672                        0        0.718532779643008                        0        0.680759569833477        0.680759569833477                        0
       700                        0        0.719513478788796                        0        0.682260733833906        0.682260733833906                        0
       728                        0         0.72097119618285                        0         0.68421600167926         0.68421600167926                        0
       756                        0        0.721864185631228                        0        0.685586451834379        0.685586451834379                        0
       784                        0        0.722687238600525                        0        0.686854216311931        0.686854216311931                        0
       812                        0          0.7239446258631                        0        0.688539040951177        0.688539040951177                        0
       840                        0         0.72470290273205                        0        0.689709421407208        0.689709421407208                        0
       868                        0        0.725406736803756                        0        0.690799581881355        0.690799581881355                        0
       896                        0        0.726508596279133                        0        0.692274365123659        0.692274365123659                        0
       924                        0        0.727163104813126                        0         0.69328977945334         0.69328977945334                        0
       952                        0        0.727774153952983                        0        0.694240965868015        0.694240965868015                        0
       980                        0        0.728752150065816                        0        0.695548453747163        0.695548453747163                        0
      1008                        0        0.729324693838058                        0          0.6964408631703          0.6964408631703                        0
      1036                        0        0.729861824677903                        0        0.697280801844327        0.697280801844327                        0
      1064                        0         0.73073909562948                        0        0.698452258957101        0.698452258957101                        0
      1092                        0        0.731245542762095                        0        0.699245040759656        0.699245040759656                        0
      1120                        0        0.731722634040058                        0        0.699994229114639        0.699994229114639                        0
      1148                        0        0.732516559231999                        0        0.701053153325872        0.701053153325872                        0
      1176                        0        0.732968772491099                        0         0.70176386232125         0.70176386232125                        0
      1204                        0        0.733396294706289                        0        0.702437832831321        0.702437832831321                        0
      1232                        0        0.734120232984581                        0        0.703402293245277        0.703402293245277                        0
      1260                        0        0.734527284135413                        0        0.704044408376053        0.704044408376053                        0
      1288                        0        0.734913307360367                        0        0.704655180627429        0.704655180627429                        0
      1316                        0        0.735577730969062                        0        0.705539345235025        0.705539345235025                        0
      1344                        0        0.735946693246735                        0        0.706123414756317        0.706123414756317                        0
      1372                        0        0.736297552762459                        0        0.706680459042965        0.706680459042965                        0
      1400                        0        0.736910811291268                        0        0.707495625227423        0.707495625227423                        0
      1428                        0        0.737247292963233                        0        0.708030041024676        0.708030041024676                        0
      1456                        0        0.737568042114643                        0        0.708540936718739        0.708540936718739                        0
      1484                        0        0.738136891606549                        0         0.70929624571954         0.70929624571954                        0
      1512                        0        0.738445405023502                        0        0.709787780953993        0.709787780953993                        0
      1540                        0        0.738740131320606                        0        0.710258677845726        0.710258677845726                        0
      1568                        0        0.739270109642831                        0        0.710961622049878        0.710961622049878                        0
      1596                        0        0.739554332568488                        0        0.711415813219201        0.711415813219201                        0
      1624                        0        0.739826383336172                        0        0.711851762018877        0.711851762018877                        0
      1652                        0        0.740322082156523                        0        0.712508552766251        0.712508552766251                        0
      1680                        0        0.740585046682803                        0        0.712929976798399        0.712929976798399                        0
      1708                        0        0.740837193360662                        0        0.713335170569524        0.713335170569524                        0
      1736                        0        0.741302458914736                        0        0.713951009802593        0.713951009802593                        0
      1764                        0        0.741546690553729                        0        0.714343488688146        0.714343488688146                        0
      1792                        0        0.741781250447758                        0         0.71472144230161         0.71472144230161                        0
      1820                        0        0.742219334222124                        0        0.715300726535517        0.715300726535517                        0
      1848                        0        0.742446956003367                        0        0.715667480906742        0.715667480906742                        0
      1876                        0        0.742665883938546                        0        0.716021166513658        0.716021166513658                        0
      1904                        0        0.743079557457672                        0        0.716567642265501        0.716567642265501                        0
      1932                        0        0.743292368989059                        0        0.716911408346439        0.716911408346439                        0
      1960                        0        0.743497327287407                        0        0.717243359087626        0.717243359087626                        0
      1988                        0        0.743888970737045                        0        0.717760242909137        0.717760242909137                        0
      2016                        0        0.744088509052695                        0        0.718083362747317        0.718083362747317                        0
      2044                        0        0.744280921650942                        0         0.71839575315638         0.71839575315638                        0
      2072                        0        0.744652593137435                        0        0.718885825456744        0.718885825456744                        0
      2100                        0        0.744840180095888                        0        0.719190317374494        0.719190317374494                        0
      2128                        0        0.745021274887412                        0         0.71948502643264         0.71948502643264                        0
      2156                        0        0.745374765165978                        0        0.719950705625892        0.719950705625892                        0
      2184                        0        0.745551544779452                        0        0.720238319827936        0.720238319827936                        0
      2212                        0        0.745722387097771                        0        0.720516980938855        0.720516980938855                        0
      2240                        0        0.746059263257922                        0         0.72096038263437         0.72096038263437                        0
      2268                        0        0.746226231388583                        0        0.721232645537478        0.721232645537478                        0
      2296                        0        0.746387750744032                        0        0.721496686514989        0.721496686514989                        0
      2324                        0        0.746709391405861                        0        0.721919671209032        0.721919671209032                        0
      2352                        0        0.746867419609695                        0        0.722177921106579        0.722177921106579                        0
      2380                        0         0.74702043123086                        0        0.722428596456802        0.722428596456802                        0
      2408                        0        0.747328055144615                        0        0.722832808283598        0.722832808283598                        0
      2436                        0        0.747477909979969                        0        0.723078224281598        0.723078224281598                        0
      2464                        0        0.747623132314825                        0        0.723316641480724        0.723316641480724                        0
      2492                        0        0.747917821784603                        0          0.7237035399504          0.7237035399504                        0
      2520                        0        0.748060180571517                        0        0.723937165626873        0.723937165626873                        0
      2548                        0          0.7481982496141                        0        0.724164306670951        0.724164306670951                        0
      2576                        0        0.748480969824206                        0        0.724535192855183        0.724535192855183                        0
      2604                        0         0.74861643360167                        0        0.724757955746838        0.724757955746838                        0
      2632                        0        0.748747914705173                        0         0.72497469495232         0.72497469495232                        0
      2660                        0        0.749019529772675                        0        0.725330733230422        0.725330733230422                        0
