#square and square, nu_xymn_2
#MM NN: 2 3
#quadrature order: 16
#numpanels            c*(gradu.n)^2                      BEM        0.5*(gradu)^2 ex.       Boundary Formula 1       Boundary Formula 2
        56                        0        0.646521031747015                        0        0.545487892921931        0.545487892921931                        0
        84                        0        0.706858667531735                        0        0.630180741111335        0.630180741111335                        0
       112                        0        0.721911124254751                        0        0.651388387664056        0.651388387664056                        0
       140                        0        0.737381031220896                        0          0.6719912469257          0.6719912469257                        0
       168                        0        0.745461972656501                        0        0.684085319687621        0.684085319687621                        0
       196                        0        0.752025852280208                        0        0.693908574245495        0.693908574245495                        0
       224                        0        0.760396250572094                        0         0.70501712424291         0.70501712424291                        0
       252                        0        0.765046478441155                        0        0.712064027222481        0.712064027222481                        0
       280                        0         0.76853543368633                        0        0.717434671859788        0.717434671859788                        0
       308                        0        0.773715242568009                        0        0.724287527974631        0.724287527974631                        0
       336                        0        0.776485456523104                        0        0.728583697988932        0.728583697988932                        0
       364                        0        0.778764585737064                        0        0.732153577369099        0.732153577369099                        0
       392                        0        0.782491444698371                        0        0.737066121022688        0.737066121022688                        0
       420                        0        0.784421778984452                        0        0.740101753401445        0.740101753401445                        0
       448                        0        0.786050170726374                        0        0.742689691853409        0.742689691853409                        0
       476                        0        0.788916271732097                        0        0.746453886753697        0.746453886753697                        0
       504                        0        0.790349199183427                        0        0.748735990653033        0.748735990653033                        0
       532                        0        0.791587058145684                        0        0.750727175400755        0.750727175400755                        0
       560                        0        0.793898401740081                        0        0.753752459516872        0.753752459516872                        0
       588                        0        0.795015833775166                        0        0.755551498527165        0.755551498527165                        0
       616                        0        0.795996775379259                        0        0.757146244010442        0.757146244010442                        0
       644                        0        0.797922395698508                        0        0.759658712431067        0.759658712431067                        0
       672                        0        0.798824073749288                        0        0.761124614505269        0.761124614505269                        0
       700                        0        0.799625563061182                        0        0.762440092959485        0.762440092959485                        0
       728                        0        0.801269124786698                        0        0.764578282519978        0.764578282519978                        0
       756                        0        0.802015834374312                        0        0.765803088547236        0.765803088547236                        0
       784                        0        0.802686130054256                        0        0.766912876285279        0.766912876285279                        0
       812                        0        0.804115263132381                        0        0.768767067356454        0.768767067356454                        0
       840                        0         0.80474625768135                        0        0.769810626641977        0.769810626641977                        0
       868                        0        0.805317219377918                        0        0.770763630257676        0.770763630257676                        0
       896                        0        0.806578341486782                        0        0.772395710994523        0.772395710994523                        0
       924                        0        0.807120263319319                        0        0.773298891436618        0.773298891436618                        0
       952                        0        0.807613881351096                        0        0.774129073977559        0.774129073977559                        0
       980                        0        0.808740129465199                        0         0.77558316943841         0.77558316943841                        0
      1008                        0        0.809211773860442                        0         0.77637496138334         0.77637496138334                        0
      1036                        0        0.809643782193233                        0        0.777106757550279        0.777106757550279                        0
      1064                        0        0.810659582335732                        0        0.778415351574939        0.778415351574939                        0
      1092                        0        0.811074636939516                        0        0.779116974136647        0.779116974136647                        0
      1120                        0        0.811456630283736                        0        0.779768481516207        0.779768481516207                        0
      1148                        0        0.812380470055781                        0        0.780956129104371        0.780956129104371                        0
      1176                        0        0.812749169588894                        0        0.781583522940245        0.781583522940245                        0
      1204                        0        0.813089905945757                        0        0.782168475377984        0.782168475377984                        0
      1232                        0         0.81393609300734                        0        0.783254155840996        0.783254155840996                        0
      1260                        0        0.814266263112914                        0        0.783819562768098        0.783819562768098                        0
      1288                        0        0.814572497926866                        0        0.784348599968918        0.784348599968918                        0
      1316                        0        0.815352317010203                        0        0.785347264166609        0.785347264166609                        0
      1344                        0        0.815650056821157                        0         0.78586026437401         0.78586026437401                        0
      1372                        0        0.815927095636427                        0        0.786341776635442        0.786341776635442                        0
      1400                        0        0.816649594007079                        0        0.787265396589786        0.787265396589786                        0
      1428                        0        0.816919736430331                        0        0.787733610783795        0.787733610783795                        0
      1456                        0        0.817171811852573                        0        0.788174317450151        0.788174317450151                        0
      1484                        0        0.817844347069558                        0        0.789032617770777        0.789032617770777                        0
      1512                        0        0.818090777531276                        0        0.789462195170538        0.789462195170538                        0
      1540                        0        0.818321312915165                        0        0.789867550752898        0.789867550752898                        0
      1568                        0        0.818949943864707                        0        0.790668530385235        0.790668530385235                        0
      1596                        0        0.819175826218478                        0         0.79106449576333         0.79106449576333                        0
      1624                        0        0.819387624233747                        0        0.791438981363063        0.791438981363063                        0
      1652                        0        0.819977396070847                        0        0.792189293486537        0.792189293486537                        0
      1680                        0        0.820185336010801                        0        0.792555799013889        0.792555799013889                        0
      1708                        0        0.820380716139967                        0        0.792903135511735        0.792903135511735                        0
      1736                        0        0.820935871728074                        0        0.793608369222145        0.793608369222145                        0
      1764                        0        0.821128037156207                        0         0.79394888053943         0.79394888053943                        0
      1792                        0        0.821308937705886                        0        0.794272187250461        0.794272187250461                        0
      1820                        0        0.821833077077192                        0        0.794937079831751        0.794937079831751                        0
      1848                        0        0.822011288209778                        0        0.795254515746077        0.795254515746077                        0
      1876                        0        0.822179343176831                        0        0.795556430317525        0.795556430317525                        0
      1904                        0        0.822675545549766                        0         0.79618502954405         0.79618502954405                        0
      1932                        0        0.822841343359558                        0        0.796481868433794        0.796481868433794                        0
      1960                        0        0.822997941164438                        0        0.796764638714835        0.796764638714835                        0
      1988                        0        0.823468859542532                        0        0.797360428587453        0.797360428587453                        0
      2016                        0        0.823623558432927                        0        0.797638790511061        0.797638790511061                        0
      2044                        0        0.823769887368366                        0        0.797904345832537        0.797904345832537                        0
      2072                        0        0.824217822757585                        0        0.798470345150264        0.798470345150264                        0
      2100                        0        0.824362551588421                        0        0.798732055960943        0.798732055960943                        0
      2128                        0        0.824499635394716                        0        0.798982063072699        0.798982063072699                        0
      2156                        0        0.824926595663922                        0        0.799520903549804        0.799520903549804                        0
      2184                        0        0.825062330054768                        0        0.799767545502822        0.799767545502822                        0
      2212                        0        0.825191056061458                        0        0.800003452933133        0.800003452933133                        0
      2240                        0        0.825598803087768                        0        0.800517441722189        0.800517441722189                        0
      2268                        0         0.82572639110802                        0        0.800750393817066        0.800750393817066                        0
      2296                        0        0.825847532709793                        0         0.80097346738402         0.80097346738402                        0
      2324                        0        0.826237620485594                        0        0.801464637577477        0.801464637577477                        0
      2352                        0         0.82635780327391                        0        0.801685108012001        0.801685108012001                        0
      2380                        0        0.826472038041127                        0        0.801896459503578        0.801896459503578                        0
      2408                        0        0.826845843733813                        0        0.802366611264686        0.802366611264686                        0
      2436                        0        0.826959272188245                        0        0.802575663762978        0.802575663762978                        0
      2464                        0        0.827067196581115                        0        0.802776274290759        0.802776274290759                        0
      2492                        0        0.827425946045674                        0        0.803227008615917        0.803227008615917                        0
      2520                        0        0.827533194439112                        0        0.803425583951875        0.803425583951875                        0
      2548                        0        0.827635335852159                        0        0.803616323107994        0.803616323107994                        0
      2576                        0        0.827980124739091                        0        0.804049069741759        0.804049069741759                        0
      2604                        0        0.828081701907779                        0        0.804238003463169        0.804238003463169                        0
      2632                        0        0.828178528600013                        0        0.804419645147993        0.804419645147993                        0
      2660                        0        0.828510339933877                        0        0.804835685812669        0.804835685812669                        0
      2688                        0        0.828606698533978                        0        0.805015722934506        0.805015722934506                        0
