#square and square, nu_xymn_2
#MM NN: 2 4
#quadrature order: 16
#numpanels            c*(gradu.n)^2                      BEM        0.5*(gradu)^2 ex.       Boundary Formula 1       Boundary Formula 2
        56                        0         0.64094285861522                        0        0.545487892921931        0.545487892921931                        0
        84                        0         0.70406135241272                        0        0.630180741111335        0.630180741111335                        0
       112                        0        0.720092628368333                        0        0.651388387664056        0.651388387664056                        0
       140                        0        0.736092045205711                        0          0.6719912469257          0.6719912469257                        0
       168                        0        0.744485837287506                        0        0.684085319687621        0.684085319687621                        0
       196                        0        0.751253122585534                        0        0.693908574245495        0.693908574245495                        0
       224                        0        0.759764211239158                        0         0.70501712424291         0.70501712424291                        0
       252                        0        0.764516501252355                        0        0.712064027222481        0.712064027222481                        0
       280                        0        0.768082272292364                        0        0.717434671859788        0.717434671859788                        0
       308                        0        0.773321622008445                        0        0.724287527974631        0.724287527974631                        0
       336                        0         0.77613910812768                        0        0.728583697988932        0.728583697988932                        0
       364                        0        0.778456525205637                        0        0.732153577369099        0.732153577369099                        0
       392                        0          0.7822149217041                        0        0.737066121022688        0.737066121022688                        0
       420                        0        0.784171609769882                        0        0.740101753401445        0.740101753401445                        0
       448                        0        0.785822299101326                        0        0.742689691853409        0.742689691853409                        0
       476                        0        0.788707471593418                        0        0.746453886753697        0.746453886753697                        0
       504                        0        0.790156867661109                        0        0.748735990653033        0.748735990653033                        0
       532                        0        0.791409068474313                        0        0.750727175400755        0.750727175400755                        0
       560                        0        0.793732996497475                        0        0.753752459516872        0.753752459516872                        0
       588                        0        0.794861546021906                        0        0.755551498527165        0.755551498527165                        0
       616                        0        0.795852369471629                        0        0.757146244010442        0.757146244010442                        0
       644                        0        0.797786822224529                        0        0.759658712431067        0.759658712431067                        0
       672                        0        0.798696434768858                        0        0.761124614505269        0.761124614505269                        0
       700                        0        0.799505084975275                        0        0.762440092959485        0.762440092959485                        0
       728                        0        0.801155136931183                        0        0.764578282519978        0.764578282519978                        0
       756                        0        0.801907751962326                        0        0.765803088547236        0.765803088547236                        0
       784                        0        0.802583440459218                        0        0.766912876285279        0.766912876285279                        0
       812                        0        0.804017514764132                        0        0.768767067356454        0.768767067356454                        0
       840                        0        0.804653050894582                        0        0.769810626641977        0.769810626641977                        0
       868                        0        0.805228198987571                        0        0.770763630257676        0.770763630257676                        0
       896                        0        0.806493190564688                        0        0.772395710994523        0.772395710994523                        0
       924                        0        0.807038698020275                        0        0.773298891436618        0.773298891436618                        0
       952                        0        0.807535646572053                        0        0.774129073977559        0.774129073977559                        0
       980                        0        0.808664995183247                        0         0.77558316943841         0.77558316943841                        0
      1008                        0         0.80913953202737                        0         0.77637496138334         0.77637496138334                        0
      1036                        0        0.809574244089188                        0        0.777106757550279        0.777106757550279                        0
      1064                        0        0.810592576303701                        0        0.778415351574939        0.778415351574939                        0
      1092                        0        0.811010006437359                        0        0.779116974136647        0.779116974136647                        0
      1120                        0        0.811394232202392                        0        0.779768481516207        0.779768481516207                        0
      1148                        0         0.81232017326157                        0        0.780956129104371        0.780956129104371                        0
      1176                        0        0.812690853655405                        0        0.781583522940245        0.781583522940245                        0
      1204                        0        0.813033460046774                        0        0.782168475377984        0.782168475377984                        0
      1232                        0        0.813881414947113                        0        0.783254155840996        0.783254155840996                        0
      1260                        0        0.814213258474061                        0        0.783819562768098        0.783819562768098                        0
      1288                        0        0.814521079319322                        0        0.784348599968918        0.784348599968918                        0
      1316                        0        0.815302403407353                        0        0.785347264166609        0.785347264166609                        0
      1344                        0        0.815601572971382                        0         0.78586026437401         0.78586026437401                        0
      1372                        0         0.81587997154013                        0        0.786341776635442        0.786341776635442                        0
      1400                        0         0.81660376445072                        0        0.787265396589786        0.787265396589786                        0
      1428                        0        0.816875140570251                        0        0.787733610783795        0.787733610783795                        0
      1456                        0        0.817128392842423                        0        0.788174317450151        0.788174317450151                        0
      1484                        0        0.817802051726007                        0        0.789032617770777        0.789032617770777                        0
      1512                        0        0.818049556033444                        0        0.789462195170538        0.789462195170538                        0
      1540                        0          0.8182811185338                        0        0.789867550752898        0.789867550752898                        0
      1568                        0        0.818910732717683                        0        0.790668530385235        0.790668530385235                        0
      1596                        0        0.819137557049643                        0         0.79106449576333         0.79106449576333                        0
      1624                        0         0.81935025821251                        0        0.791438981363063        0.791438981363063                        0
      1652                        0        0.819940896610249                        0        0.792189293486537        0.792189293486537                        0
      1680                        0        0.820149668602067                        0        0.792555799013889        0.792555799013889                        0
      1708                        0        0.820345848201811                        0        0.792903135511735        0.792903135511735                        0
      1736                        0        0.820901772469223                        0        0.793608369222145        0.793608369222145                        0
      1764                        0        0.821094677449767                        0         0.79394888053943         0.79394888053943                        0
      1792                        0        0.821276289974402                        0        0.794272187250461        0.794272187250461                        0
      1820                        0        0.821801115187289                        0        0.794937079831751        0.794937079831751                        0
      1848                        0        0.821979987375492                        0        0.795254515746077        0.795254515746077                        0
      1876                        0        0.822148679870764                        0        0.795556430317525        0.795556430317525                        0
      1904                        0        0.822645497421354                        0         0.79618502954405         0.79618502954405                        0
      1932                        0        0.822811889159739                        0        0.796481868433794        0.796481868433794                        0
      1960                        0        0.822969060676192                        0        0.796764638714835        0.796764638714835                        0
      1988                        0        0.823440533516723                        0        0.797360428587453        0.797360428587453                        0
      2016                        0        0.823595768528962                        0        0.797638790511061        0.797638790511061                        0
      2044                        0        0.823742616099291                        0        0.797904345832537        0.797904345832537                        0
      2072                        0        0.824191053439188                        0        0.798470345150264        0.798470345150264                        0
      2100                        0        0.824336268292022                        0        0.798732055960943        0.798732055960943                        0
      2128                        0        0.824473822903325                        0        0.798982063072699        0.798982063072699                        0
      2156                        0        0.824901239431489                        0        0.799520903549804        0.799520903549804                        0
      2184                        0        0.825037416168255                        0        0.799767545502822        0.799767545502822                        0
      2212                        0        0.825166571205517                        0        0.800003452933133        0.800003452933133                        0
      2240                        0        0.825574734511825                        0        0.800517441722189        0.800517441722189                        0
      2268                        0        0.825702726595538                        0        0.800750393817066        0.800750393817066                        0
      2296                        0        0.825824260549588                        0         0.80097346738402         0.80097346738402                        0
      2324                        0        0.826214729445006                        0        0.801464637577477        0.801464637577477                        0
      2352                        0        0.826335282573718                        0        0.801685108012001        0.801685108012001                        0
      2380                        0        0.826449877332053                        0        0.801896459503578        0.801896459503578                        0
      2408                        0        0.826824033074507                        0        0.802366611264686        0.802366611264686                        0
      2436                        0        0.826937802024643                        0        0.802575663762978        0.802575663762978                        0
      2464                        0        0.827046057727072                        0        0.802776274290759        0.802776274290759                        0
      2492                        0        0.827405129664758                        0        0.803227008615917        0.803227008615917                        0
      2520                        0        0.827512692027514                        0        0.803425583951875        0.803425583951875                        0
      2548                        0        0.827615139222597                        0        0.803616323107994        0.803616323107994                        0
      2576                        0         0.82796022600569                        0        0.804049069741759        0.804049069741759                        0
      2604                        0        0.828062093471798                        0        0.804238003463169        0.804238003463169                        0
      2632                        0        0.828159203136415                        0        0.804419645147993        0.804419645147993                        0
      2660                        0        0.828491290378659                        0        0.804835685812669        0.804835685812669                        0
      2688                        0         0.82858791807221                        0        0.805015722934506        0.805015722934506                        0
