#square and square, nu_xymn_2
#MM NN: 1 5
#quadrature order: 16
#numpanels            c*(gradu.n)^2                      BEM        0.5*(gradu)^2 ex.       Boundary Formula 1       Boundary Formula 2
        56                        0         0.80936757546418                        0        0.727662900098559        0.727662900098559                        0
        84                        0        0.879227256895178                        0        0.819238251623389        0.819238251623389                        0
       112                        0         0.88756661639271                        0         0.82797718988278         0.82797718988278                        0
       140                        0        0.902151823650495                        0        0.844489123794465        0.844489123794465                        0
       168                        0        0.907359983889129                        0        0.851862648998696        0.851862648998696                        0
       196                        0        0.912085487164439                        0        0.858673847528513        0.858673847528513                        0
       224                        0        0.921490264104202                        0        0.870039656391837        0.870039656391837                        0
       252                        0        0.925188689768203                        0        0.875632946145477        0.875632946145477                        0
       280                        0        0.927545999601407                        0        0.879365722936641        0.879365722936641                        0
       308                        0        0.933500832294959                        0        0.886621935884539        0.886621935884539                        0
       336                        0        0.935555053422143                        0        0.889941701384349        0.889941701384349                        0
       364                        0        0.937081783978193                        0        0.892497110065587        0.892497110065587                        0
       392                        0        0.941489764238178                        0        0.897891508633637        0.897891508633637                        0
       420                        0        0.942898520914064                        0        0.900260793749994        0.900260793749994                        0
       448                        0        0.943965007521816                        0        0.902128274628721        0.902128274628721                        0
       476                        0        0.947418797269338                        0        0.906356647577719        0.906356647577719                        0
       504                        0        0.948436705996029                        0        0.908131979249017        0.908131979249017                        0
       532                        0        0.949230308718287                        0        0.909574240581491        0.909574240581491                        0
       560                        0        0.952057722574487                        0        0.913032927496208        0.913032927496208                        0
       588                        0        0.952832152880371                        0        0.914426723414034        0.914426723414034                        0
       616                        0        0.953447015683146                        0        0.915581724100129        0.915581724100129                        0
       644                        0        0.955831435605487                        0        0.918494287223668        0.918494287223668                        0
       672                        0        0.956440962990691                        0         0.91962346579913         0.91962346579913                        0
       700                        0          0.9569318778574                        0        0.920574052411089        0.920574052411089                        0
       728                        0        0.958987952152296                        0        0.923081220603384        0.923081220603384                        0
       756                        0        0.959480384674975                        0        0.924018523846743        0.924018523846743                        0
       784                        0        0.959881368456102                        0        0.924817487520417        0.924817487520417                        0
       812                        0        0.961684941735185                        0        0.927012725848646        0.927012725848646                        0
       840                        0        0.962090903657176                        0        0.927805688834818        0.927805688834818                        0
       868                        0         0.96242435215016                        0        0.928488542046415        0.928488542046415                        0
       896                        0        0.964028121434478                        0        0.930436956707821        0.930436956707821                        0
       924                        0        0.964368257204822                        0        0.931118175655075        0.931118175655075                        0
       952                        0        0.964649572157612                        0        0.931709799453923        0.931709799453923                        0
       980                        0         0.96609155433943                        0        0.933458433554548        0.933458433554548                        0
      1008                        0        0.966380324308842                        0        0.934051091332158        0.934051091332158                        0
      1036                        0        0.966620480757637                        0         0.93456950891204         0.93456950891204                        0
      1064                        0        0.967928958864144                        0        0.936153392906846        0.936153392906846                        0
      1092                        0        0.968176819261856                        0        0.936674485693288        0.936674485693288                        0
      1120                        0        0.968383868804745                        0        0.937133115945701        0.937133115945701                        0
      1148                        0        0.969580425917237                        0        0.938578994407313        0.938578994407313                        0
      1176                        0        0.969795139809675                        0        0.939041301433239        0.939041301433239                        0
      1204                        0        0.969975135094899                        0        0.939450368537922        0.939450368537922                        0
      1232                        0         0.97107659778268                        0        0.940779094990135        0.940779094990135                        0
      1260                        0        0.971264058945232                        0          0.9411924329154          0.9411924329154                        0
      1288                        0        0.971421645131582                        0        0.941559881746157        0.941559881746157                        0
      1316                        0        0.972441373460716                        0        0.942788012073983        0.942788012073983                        0
      1344                        0        0.972606142945075                        0        0.943160061772432        0.943160061772432                        0
      1372                        0        0.972744949065375                        0        0.943492171761175        0.943492171761175                        0
      1400                        0        0.973693719334146                        0        0.944633056505988        0.944633056505988                        0
      1428                        0        0.973839385846013                        0        0.944969924459247        0.944969924459247                        0
      1456                        0        0.973962291332715                        0        0.945271732735112        0.945271732735112                        0
      1484                        0        0.974848916128379                        0        0.946336285377424        0.946336285377424                        0
      1512                        0        0.974978344576449                        0        0.946642894777885        0.946642894777885                        0
      1540                        0         0.97508766535979                        0         0.94691849490412         0.94691849490412                        0
      1568                        0        0.975919439136018                        0        0.947915744502585        0.947915744502585                        0
      1596                        0        0.976034946071679                        0        0.948196113905884        0.948196113905884                        0
      1624                        0        0.976132567390464                        0        0.948448871263971        0.948448871263971                        0
      1652                        0        0.976915593132691                        0        0.949386367901475        0.949386367901475                        0
      1680                        0        0.977019073137588                        0        0.949643813731828        0.949643813731828                        0
      1708                        0         0.97710654616707                        0        0.949876523719712        0.949876523719712                        0
      1736                        0        0.977845979158699                        0        0.950760641208346        0.950760641208346                        0
      1764                        0        0.977938997558362                        0        0.950997927536115        0.950997927536115                        0
      1792                        0        0.978017610929434                        0        0.951212933703649        0.951212933703649                        0
      1820                        0        0.978717843553298                        0        0.952049099144673        0.952049099144673                        0
      1848                        0        0.978801705537405                        0        0.952268550220514        0.952268550220514                        0
      1876                        0        0.978872539091213                        0        0.952467833807639        0.952467833807639                        0
      1904                        0        0.979537342927834                        0         0.95326070413749         0.95326070413749                        0
      1932                        0        0.979613145836657                        0        0.953464290151614        0.953464290151614                        0
      1960                        0        0.979677111590149                        0        0.953649538866598        0.953649538866598                        0
      1988                        0        0.980309748087864                        0        0.954403138366894        0.954403138366894                        0
      2016                        0        0.980378421487621                        0        0.954592541645416        0.954592541645416                        0
      2044                        0        0.980436295246201                        0         0.95476520314117         0.95476520314117                        0
      2072                        0        0.981039602919417                        0        0.955483031782306        0.955483031782306                        0
      2100                        0        0.981101939687433                        0        0.955659698481806        0.955659698481806                        0
      2128                        0         0.98115438571963                        0        0.955821022396725        0.955821022396725                        0
      2156                        0         0.98173084958344                        0        0.956506142101801        0.956506142101801                        0
      2184                        0        0.981787530284086                        0        0.956671323010459        0.956671323010459                        0
      2212                        0        0.981835120783468                        0        0.956822394358368        0.956822394358368                        0
      2240                        0        0.982386928180621                        0        0.957477498349954        0.957477498349954                        0
      2268                        0         0.98243854037165                        0         0.95763228140582         0.95763228140582                        0
      2296                        0        0.982481770953777                        0         0.95777404733892         0.95777404733892                        0
      2324                        0        0.983010856841781                        0        0.958401516383146        0.958401516383146                        0
      2352                        0        0.983057910506823                        0        0.958546852825538        0.958546852825538                        0
      2380                        0        0.983097212657858                        0         0.95868014427113         0.95868014427113                        0
      2408                        0         0.98360529664745                        0        0.959282092663837        0.959282092663837                        0
      2436                        0        0.983648236636793                        0        0.959418818239255        0.959418818239255                        0
      2464                        0        0.983683987796238                        0        0.959544367533279        0.959544367533279                        0
      2492                        0        0.984172604674062                        0        0.960122680986247        0.960122680986247                        0
      2520                        0        0.984211820812204                        0        0.960251533274892        0.960251533274892                        0
      2548                        0        0.984244352599806                        0        0.960369988635805        0.960369988635805                        0
      2576                        0         0.98471487765967                        0        0.960926355710028        0.960926355710028                        0
      2604                        0        0.984750713017522                        0        0.961047988385095        0.961047988385095                        0
      2632                        0        0.984780317994393                        0        0.961159925878773        0.961159925878773                        0
      2660                        0        0.985233988195758                        0        0.961695864228547        0.961695864228547                        0
      2688                        0        0.985266745906769                        0        0.961810858868965        0.961810858868965                        0
