#square and square, nu_xymn_2
#MM NN: 1 2
#quadrature order: 16
#numpanels            c*(gradu.n)^2                      BEM        0.5*(gradu)^2 ex.       Boundary Formula 1       Boundary Formula 2
        56                        0        0.825423447673486                        0        0.727662900098559        0.727662900098559                        0
        84                        0        0.887489824779204                        0        0.819238251623389        0.819238251623389                        0
       112                        0        0.893012351336306                        0         0.82797718988278         0.82797718988278                        0
       140                        0        0.906035808327375                        0        0.844489123794465        0.844489123794465                        0
       168                        0         0.91031048740225                        0        0.851862648998696        0.851862648998696                        0
       196                        0        0.914424911394114                        0        0.858673847528513        0.858673847528513                        0
       224                        0        0.923405281217709                        0        0.870039656391837        0.870039656391837                        0
       252                        0        0.926795034304585                        0        0.875632946145477        0.875632946145477                        0
       280                        0        0.928919646852476                        0        0.879365722936641        0.879365722936641                        0
       308                        0        0.934693926538334                        0        0.886621935884539        0.886621935884539                        0
       336                        0        0.936604706126379                        0        0.889941701384349        0.889941701384349                        0
       364                        0        0.938015212527939                        0        0.892497110065587        0.892497110065587                        0
       392                        0        0.942327440122845                        0        0.897891508633637        0.897891508633637                        0
       420                        0        0.943656176584397                        0        0.900260793749994        0.900260793749994                        0
       448                        0        0.944654959789525                        0        0.902128274628721        0.902128274628721                        0
       476                        0        0.948050845849186                        0        0.906356647577719        0.906356647577719                        0
       504                        0        0.949018759279141                        0        0.908131979249017        0.908131979249017                        0
       532                        0        0.949768829410523                        0        0.909574240581491        0.909574240581491                        0
       560                        0        0.952558051380894                        0        0.913032927496208        0.913032927496208                        0
       588                        0        0.953298747783011                        0        0.914426723414034        0.914426723414034                        0
       616                        0        0.953883631635933                        0        0.915581724100129        0.915581724100129                        0
       644                        0        0.956241261416825                        0        0.918494287223668        0.918494287223668                        0
       672                        0        0.956826726947238                        0         0.91962346579913         0.91962346579913                        0
       700                        0        0.957295930189888                        0        0.920574052411089        0.920574052411089                        0
       728                        0         0.95933233011559                        0        0.923081220603384        0.923081220603384                        0
       756                        0        0.959806864416114                        0        0.924018523846743        0.924018523846743                        0
       784                        0        0.960191506729218                        0        0.924817487520417        0.924817487520417                        0
       812                        0        0.961980109733111                        0        0.927012725848646        0.927012725848646                        0
       840                        0        0.962372314663425                        0        0.927805688834818        0.927805688834818                        0
       868                        0        0.962693084303728                        0        0.928488542046415        0.928488542046415                        0
       896                        0        0.964285136597591                        0        0.930436956707821        0.930436956707821                        0
       924                        0        0.964614416699249                        0        0.931118175655075        0.931118175655075                        0
       952                        0        0.964885649966559                        0        0.931709799453923        0.931709799453923                        0
       980                        0        0.966318248244397                        0        0.933458433554548        0.933458433554548                        0
      1008                        0        0.966598265333191                        0        0.934051091332158        0.934051091332158                        0
      1036                        0         0.96683024121348                        0         0.93456950891204         0.93456950891204                        0
      1064                        0        0.968131059240666                        0        0.936153392906846        0.936153392906846                        0
      1092                        0        0.968371734147567                        0        0.936674485693288        0.936674485693288                        0
      1120                        0        0.968572032000082                        0        0.937133115945701        0.937133115945701                        0
      1148                        0        0.969762234865419                        0        0.938578994407313        0.938578994407313                        0
      1176                        0        0.969970959450941                        0        0.939041301433239        0.939041301433239                        0
      1204                        0        0.970145301230933                        0        0.939450368537922        0.939450368537922                        0
      1232                        0        0.971241420023288                        0        0.940779094990135        0.940779094990135                        0
      1260                        0         0.97142382329737                        0          0.9411924329154          0.9411924329154                        0
      1288                        0        0.971576616281031                        0        0.941559881746157        0.941559881746157                        0
      1316                        0        0.972591796788725                        0        0.942788012073983        0.942788012073983                        0
      1344                        0        0.972752246315699                        0        0.943160061772432        0.943160061772432                        0
      1372                        0        0.972886944413754                        0        0.943492171761175        0.943492171761175                        0
      1400                        0        0.973831804081488                        0        0.944633056505988        0.944633056505988                        0
      1428                        0        0.973973744163245                        0        0.944969924459247        0.944969924459247                        0
      1456                        0        0.974093095271618                        0        0.945271732735112        0.945271732735112                        0
      1484                        0        0.974976326636366                        0        0.946336285377424        0.946336285377424                        0
      1512                        0        0.975102512408908                        0        0.946642894777885        0.946642894777885                        0
      1540                        0        0.975208731902028                        0         0.94691849490412         0.94691849490412                        0
      1568                        0        0.976037537145231                        0        0.947915744502585        0.947915744502585                        0
      1596                        0        0.976150200348028                        0        0.948196113905884        0.948196113905884                        0
      1624                        0        0.976245095385116                        0        0.948448871263971        0.948448871263971                        0
      1652                        0        0.977025505499756                        0        0.949386367901475        0.949386367901475                        0
      1680                        0        0.977126474235981                        0        0.949643813731828        0.949643813731828                        0
      1708                        0        0.977211534517575                        0        0.949876523719712        0.949876523719712                        0
      1736                        0        0.977948647860929                        0        0.950760641208346        0.950760641208346                        0
      1764                        0        0.978039434671704                        0        0.950997927536115        0.950997927536115                        0
      1792                        0        0.978115899821616                        0        0.951212933703649        0.951212933703649                        0
      1820                        0        0.978814063219789                        0        0.952049099144673        0.952049099144673                        0
      1848                        0        0.978895930894498                        0        0.952268550220514        0.952268550220514                        0
      1876                        0        0.978964841245319                        0        0.952467833807639        0.952467833807639                        0
      1904                        0        0.979627789423261                        0         0.95326070413749         0.95326070413749                        0
      1932                        0        0.979701800883865                        0        0.953464290151614        0.953464290151614                        0
      1960                        0        0.979764036276283                        0        0.953649538866598        0.953649538866598                        0
      1988                        0        0.980395000571175                        0        0.954403138366894        0.954403138366894                        0
      2016                        0        0.980462057177231                        0        0.954592541645416        0.954592541645416                        0
      2044                        0        0.980518366968476                        0         0.95476520314117         0.95476520314117                        0
      2072                        0        0.981120161072142                        0        0.955483031782306        0.955483031782306                        0
      2100                        0        0.981181032382815                        0        0.955659698481806        0.955659698481806                        0
      2128                        0          0.9812320589171                        0        0.955821022396725        0.955821022396725                        0
      2156                        0        0.981807147213083                        0        0.956506142101801        0.956506142101801                        0
      2184                        0        0.981862494361484                        0        0.956671323010459        0.956671323010459                        0
      2212                        0        0.981908791516655                        0        0.956822394358368        0.956822394358368                        0
      2240                        0         0.98245934406979                        0        0.957477498349954        0.957477498349954                        0
      2268                        0        0.982509738302166                        0         0.95763228140582         0.95763228140582                        0
      2296                        0        0.982551786283062                        0         0.95777404733892         0.95777404733892                        0
      2324                        0        0.983079723480499                        0        0.958401516383146        0.958401516383146                        0
      2352                        0        0.983125660994839                        0        0.958546852825538        0.958546852825538                        0
      2380                        0        0.983163878235338                        0         0.95868014427113         0.95868014427113                        0
      2408                        0        0.983670907321497                        0        0.959282092663837        0.959282092663837                        0
      2436                        0        0.983712821243917                        0        0.959418818239255        0.959418818239255                        0
      2464                        0        0.983747574060979                        0        0.959544367533279        0.959544367533279                        0
      2492                        0        0.984235219264056                        0        0.960122680986247        0.960122680986247                        0
      2520                        0        0.984273489389919                        0        0.960251533274892        0.960251533274892                        0
      2548                        0        0.984305099871207                        0        0.960369988635805        0.960369988635805                        0
      2576                        0        0.984774727420016                        0        0.960926355710028        0.960926355710028                        0
      2604                        0        0.984809688194486                        0        0.961047988385095        0.961047988385095                        0
      2632                        0        0.984838440688723                        0        0.961159925878773        0.961159925878773                        0
      2660                        0        0.985291279719594                        0        0.961695864228547        0.961695864228547                        0
      2688                        0        0.985323226819811                        0        0.961810858868965        0.961810858868965                        0
      2716                        0        0.985349373310206                        0        0.961916792359013        0.961916792359013                        0
      2744                        0        0.985786533447823                        0        0.962433670784046        0.962433670784046                        0
