#square and square, nu_xymn_2
#MM NN: 4 3
#quadrature order: 16
#numpanels            c*(gradu.n)^2                      BEM        0.5*(gradu)^2 ex.       Boundary Formula 1       Boundary Formula 2
        56                        0        0.500273447859428                        0        0.392670933048715        0.392670933048715                        0
        84                        0        0.555139921558511                        0         0.46899132595672         0.46899132595672                        0
       112                        0        0.576433003850295                        0        0.499278963156596        0.499278963156596                        0
       140                        0        0.593393462003805                        0        0.523097181992833        0.523097181992833                        0
       168                        0        0.604305700183901                        0        0.539065310040953        0.539065310040953                        0
       196                        0        0.612760708206381                        0        0.551472908312392        0.551472908312392                        0
       224                        0        0.620663573585001                        0        0.562581743995028        0.562581743995028                        0
       252                        0        0.626311957904011                        0        0.570925161673894        0.570925161673894                        0
       280                        0        0.630895517461259                        0        0.577724680444629        0.577724680444629                        0
       308                        0        0.635638912043123                        0        0.584387465998066        0.584387465998066                        0
       336                        0        0.639103006007033                        0        0.589547651826157        0.589547651826157                        0
       364                        0        0.642087121149206                        0        0.594003955991296        0.594003955991296                        0
       392                        0        0.645380039684758                        0        0.598619884454115        0.598619884454115                        0
       420                        0        0.647798684537769                        0        0.602241859210982        0.602241859210982                        0
       448                        0        0.649939096267889                        0        0.605454841858796        0.605454841858796                        0
       476                        0        0.652409150186567                        0        0.608910385348883        0.608910385348883                        0
       504                        0        0.654219465971329                        0         0.61163363953468         0.61163363953468                        0
       532                        0        0.655853673399789                        0        0.614097199410734        0.614097199410734                        0
       560                        0        0.657805349660271                        0        0.616822332002072        0.616822332002072                        0
       588                        0        0.659227990426487                        0        0.618970579411671        0.618970579411671                        0
       616                        0        0.660530122159861                        0        0.620940730625287        0.620940730625287                        0
       644                        0        0.662128917475851                        0         0.62316916479732         0.62316916479732                        0
       672                        0        0.663286185701814                        0        0.624922560070214        0.624922560070214                        0
       700                        0        0.664356544686322                        0        0.626547269533714        0.626547269533714                        0
       728                        0         0.66570172298049                        0         0.62841910085635         0.62841910085635                        0
       756                        0        0.666667911256755                        0        0.629887388114727        0.629887388114727                        0
       784                        0        0.667568824619737                        0        0.631258865492857        0.631258865492857                        0
       812                        0        0.668724052358955                        0         0.63286389010558         0.63286389010558                        0
       840                        0        0.669547173274522                        0        0.634118175283549        0.634118175283549                        0
       868                        0        0.670319693462667                        0        0.635297306078758        0.635297306078758                        0
       896                        0        0.671328010317645                        0        0.636696184051477        0.636696184051477                        0
       924                        0        0.672040667790298                        0        0.637784861935593        0.637784861935593                        0
       952                        0        0.672713089518245                        0        0.638813703369499        0.638813703369499                        0
       980                        0        0.673604816903419                        0        0.640049138686368        0.640049138686368                        0
      1008                        0        0.674230035832445                        0        0.641006455676988        0.641006455676988                        0
      1036                        0        0.674822586342368                        0        0.641915133829862        0.641915133829862                        0
      1064                        0        0.675619813137202                        0         0.64301821367524         0.64301821367524                        0
      1092                        0        0.676174383309498                        0        0.643869189169244        0.643869189169244                        0
      1120                        0        0.676701962998415                        0        0.644679937318911        0.644679937318911                        0
      1148                        0        0.677421232126173                        0        0.645673927397005        0.645673927397005                        0
      1176                        0        0.677917727280975                        0        0.646437330802854        0.646437330802854                        0
      1204                        0        0.678391591397838                        0         0.64716697189242         0.64716697189242                        0
      1232                        0         0.67904558366287                        0         0.64806969417449         0.64806969417449                        0
      1260                        0        0.679493634560412                        0        0.648759925098982        0.648759925098982                        0
      1288                        0         0.67992246787111                        0        0.649421460731769        0.649421460731769                        0
      1316                        0        0.680521098047226                        0        0.650246840559076        0.650246840559076                        0
      1344                        0        0.680928224804288                        0        0.650875159957684        0.650875159957684                        0
      1372                        0        0.681318852345309                        0        0.651478822907547        0.651478822907547                        0
      1400                        0        0.681870006025498                        0        0.652237928567867        0.652237928567867                        0
      1428                        0        0.682242179427434                        0        0.652813290190922        0.652813290190922                        0
      1456                        0        0.682600050620063                        0        0.653367262307631        0.653367262307631                        0
      1484                        0        0.683110093479935                        0        0.654069023200318        0.654069023200318                        0
      1512                        0        0.683452123785079                        0        0.654598650280077        0.654598650280077                        0
      1540                        0        0.683781650699978                        0        0.655109564773831        0.655109564773831                        0
      1568                        0        0.684255789048282                        0        0.655761279631225        0.655761279631225                        0
      1596                        0        0.684571601663587                        0        0.656251074286095        0.656251074286095                        0
      1624                        0        0.684876400711423                        0        0.656724375059309        0.656724375059309                        0
      1652                        0        0.685318942207972                        0        0.657332079285554        0.657332079285554                        0
      1680                        0        0.685611777211691                        0        0.657786919184267        0.657786919184267                        0
      1708                        0        0.685894845267649                        0        0.658227122992169        0.658227122992169                        0
      1736                        0        0.686309391009258                        0        0.658795859184915        0.658795859184915                        0
      1764                        0        0.686581950214229                        0        0.659219816458501        0.659219816458501                        0
      1792                        0        0.686845795231139                        0        0.659630707545001        0.659630707545001                        0
      1820                        0        0.687235383651338                        0        0.660164728069839        0.660164728069839                        0
      1848                        0        0.687489940780846                        0        0.660561233491407        0.660561233491407                        0
      1876                        0        0.687736680181913                        0        0.660946010368771        0.660946010368771                        0
      1904                        0        0.688103896473914                        0        0.661448931333968        0.661448931333968                        0
      1932                        0        0.688342380919799                        0        0.661820899261687        0.661820899261687                        0
      1960                        0        0.688573816772778                        0        0.662182286968628        0.662182286968628                        0
      1988                        0         0.68892087722555                        0        0.662657206851258        0.662657206851258                        0
      2016                        0        0.689144938570032                        0        0.663007131572018        0.663007131572018                        0
      2044                        0        0.689362615759982                        0        0.663347468628725        0.663347468628725                        0
      2072                        0        0.689691433557249                        0        0.663797060789878        0.663797060789878                        0
      2100                        0        0.689902491876631                        0        0.664127091704348        0.664127091704348                        0
      2128                        0        0.690107743648051                        0        0.664448398251668        0.664448398251668                        0
      2156                        0        0.690419980778696                        0        0.664874983895327        0.664874983895327                        0
      2184                        0        0.690619266293854                        0        0.665186984834864        0.665186984834864                        0
      2212                        0         0.69081325028569                        0        0.665491016599707        0.665491016599707                        0
      2240                        0        0.691110358915671                        0         0.66589662289747         0.66589662289747                        0
      2268                        0        0.691298943560125                        0        0.666192219391571        0.666192219391571                        0
      2296                        0        0.691482670596036                        0         0.66648051083932         0.66648051083932                        0
      2324                        0        0.691765926350839                        0        0.666866917673977        0.666866917673977                        0
      2352                        0        0.691944749137067                        0        0.667147534964546        0.667147534964546                        0
      2380                        0        0.692119106434081                        0        0.667421434115289        0.667421434115289                        0
      2408                        0        0.692389635404088                        0        0.667790211992775        0.667790211992775                        0
      2436                        0        0.692559522980249                        0        0.668057105866579        0.668057105866579                        0
      2464                        0          0.6927252930144                        0        0.668317802619935        0.668317802619935                        0
      2492                        0        0.692984093841941                        0         0.66867034366643         0.66867034366643                        0
      2520                        0        0.693145777282133                        0        0.668924625657928        0.668924625657928                        0
      2548                        0        0.693303653240192                        0        0.669173175010088        0.669173175010088                        0
      2576                        0        0.693551615318511                        0        0.669510718504364        0.669510718504364                        0
      2604                        0        0.693705743937359                        0        0.669753376648365        0.669753376648365                        0
      2632                        0        0.693856342464067                        0        0.669990717860943        0.669990717860943                        0
      2660                        0        0.694094261033565                        0        0.670314371404447        0.670314371404447                        0
