#square and square, nu_xymn_2
#MM NN: 0 0
#quadrature order: 16
#numpanels            c*(gradu.n)^2                      BEM        0.5*(gradu)^2 ex.       Boundary Formula 1       Boundary Formula 2
        18                        0     -0.00870235656636906                        0       0.0164696454358691       0.0164696454358691                        0
        27                        0     -0.00508276959464007                        0    -0.000797354910335909    -0.000797354910335909                        0
        36                        0     -0.00574314053088002                        0       0.0166361585430419       0.0166361585430419                        0
        45                        0     -0.00433335752732832                        0     -0.00324808795569462     -0.00324808795569462                        0
        54                        0     -0.00422178436319082                        0      0.00768707634409174      0.00768707634409174                        0
        63                        0     -0.00614938134142417                        0      0.00793934953341567      0.00793934953341567                        0
        72                        0     -0.00495474002466038                        0      -0.0155713631502238      -0.0155713631502238                        0
        81                        0     -0.00582029936688489                        0      0.00887896991544386      0.00887896991544386                        0
        90                        0     -0.00619240201074584                        0     -0.00135321329049858     -0.00135321329049858                        0
        99                        0     -0.00558673723666456                        0      -0.0166340661874507      -0.0166340661874507                        0
       108                        0     -0.00625368437679161                        0      0.00651721611303641      0.00651721611303641                        0
       117                        0     -0.00618364573596195                        0      -0.0075823725342294      -0.0075823725342294                        0
       126                        0     -0.00597580726273379                        0     -0.00869687166307356     -0.00869687166307356                        0
       135                        0     -0.00639105219243554                        0      0.00278988651161707      0.00278988651161707                        0
       144                        0     -0.00619286988489056                        0      -0.0117891121024518      -0.0117891121024518                        0
       153                        0     -0.00622372237528925                        0     -0.00266766007352139     -0.00266766007352139                        0
       162                        0     -0.00641819818306659                        0     -0.00122381012617987     -0.00122381012617987                        0
       171                        0     -0.00623671219317698                        0      -0.0131284643836058      -0.0131284643836058                        0
       180                        0     -0.00635954995588744                        0    -0.000361523989895238    -0.000361523989895238                        0
       189                        0     -0.00640961169267852                        0     -0.00490460507164721     -0.00490460507164721                        0
       198                        0     -0.00629884723386809                        0       -0.010996130550448       -0.010996130550448                        0
       207                        0     -0.00642405172992321                        0    -0.000519953453549212    -0.000519953453549212                        0
       216                        0     -0.00639791412144017                        0     -0.00781707223431351     -0.00781707223431351                        0
       225                        0     -0.00636007114565095                        0     -0.00750196125220615     -0.00750196125220615                        0
       234                        0     -0.00644770796288582                        0     -0.00198636827271369     -0.00198636827271369                        0
       243                        0     -0.00639575797279863                        0      -0.0094519092037945      -0.0094519092037945                        0
       252                        0     -0.00640754175422316                        0     -0.00484399485114438     -0.00484399485114438                        0
       261                        0     -0.00645114572183543                        0      -0.0039520252414484      -0.0039520252414484                        0
       270                        0     -0.00640439594149982                        0     -0.00947832285239694     -0.00947832285239694                        0
       279                        0     -0.00643790055985901                        0     -0.00362880278111446     -0.00362880278111446                        0
       288                        0     -0.00644742405652041                        0     -0.00584573257743674     -0.00584573257743674                        0
       297                        0     -0.00641948173418866                        0     -0.00828136147828887     -0.00828136147828887                        0
       306                        0     -0.00645377078425962                        0     -0.00360014817511353     -0.00360014817511353                        0
       315                        0     -0.00644389690338786                        0     -0.00723748968445981     -0.00723748968445981                        0
       324                        0      -0.0064355585200869                        0      -0.0067555292632665      -0.0067555292632665                        0
       333                        0     -0.00645983307529793                        0     -0.00429567608282085     -0.00429567608282085                        0
       342                        0     -0.00644360805849582                        0      -0.0078627325010685      -0.0078627325010685                        0
       351                        0     -0.00644879751794623                        0     -0.00559958387360573     -0.00559958387360573                        0
       360                        0     -0.00646062153490232                        0      -0.0052801878740276      -0.0052801878740276                        0
       369                        0       -0.006446666797261                        0     -0.00773450366471798     -0.00773450366471798                        0
       378                        0     -0.00645771613148857                        0     -0.00505848724271542     -0.00505848724271542                        0
       387                        0      -0.0064595814391769                        0     -0.00620381494091465     -0.00620381494091465                        0
       396                        0      -0.0064516841466327                        0     -0.00714242676434769     -0.00714242676434769                        0
       405                        0     -0.00646259196916643                        0     -0.00506407915110176     -0.00506407915110176                        0
       414                        0     -0.00645879928510418                        0     -0.00682890142773446     -0.00682890142773446                        0
       423                        0     -0.00645700336189168                        0     -0.00646223131759491     -0.00646223131759491                        0
       432                        0      -0.0064645680053972                        0     -0.00541745525812508     -0.00541745525812508                        0
       441                        0     -0.00645912208489521                        0     -0.00706219502380608     -0.00706219502380608                        0
       450                        0     -0.00646144261369926                        0     -0.00596111494569648     -0.00596111494569648                        0
       459                        0     -0.00646495315377655                        0     -0.00590013002394928     -0.00590013002394928                        0
       468                        0     -0.00646051311060558                        0     -0.00696036298864308     -0.00696036298864308                        0
       477                        0     -0.00646450680637942                        0     -0.00573821365275109     -0.00573821365275109                        0
       486                        0     -0.00646481164299562                        0     -0.00633222784510473     -0.00633222784510473                        0
       495                        0     -0.00646249305690539                        0     -0.00667624138115009     -0.00667624138115009                        0
       504                        0     -0.00646625431363724                        0     -0.00576459159328217     -0.00576459159328217                        0
       513                        0     -0.00646479646726346                        0     -0.00660446940418701     -0.00660446940418701                        0
       522                        0     -0.00646451805901053                        0      -0.0063725717708138      -0.0063725717708138                        0
       531                        0     -0.00646704497643798                        0      -0.0059469829838239      -0.0059469829838239                        0
       540                        0     -0.00646515934347549                        0     -0.00668950483434425     -0.00668950483434425                        0
       549                        0      -0.0064662041159163                        0     -0.00615872534440599     -0.00615872534440599                        0
       558                        0     -0.00646731170177202                        0     -0.00617950566828998     -0.00617950566828998                        0
       567                        0     -0.00646586536027455                        0     -0.00662800826751714     -0.00662800826751714                        0
       576                        0     -0.00646739279645397                        0     -0.00607351564871923     -0.00607351564871923                        0
       585                        0     -0.00646741123088399                        0     -0.00637743956626458     -0.00637743956626458                        0
       594                        0     -0.00646674101326114                        0     -0.00649449320609243     -0.00649449320609243                        0
       603                        0     -0.00646811115114847                        0     -0.00610052553657666     -0.00610052553657666                        0
       612                        0     -0.00646755963722683                        0     -0.00649453856832611     -0.00649453856832611                        0
       621                        0     -0.00646759893709498                        0     -0.00636056466394326     -0.00636056466394326                        0
       630                        0     -0.00646848945162548                        0      -0.0061945071565833      -0.0061945071565833                        0
       639                        0     -0.00646783451905762                        0     -0.00652486628000258     -0.00652486628000258                        0
       648                        0     -0.00646831062783901                        0     -0.00627183751724518     -0.00627183751724518                        0
       657                        0     -0.00646868231983668                        0     -0.00630554513555332     -0.00630554513555332                        0
       666                        0     -0.00646821619606124                        0     -0.00649178698813311     -0.00649178698813311                        0
       675                        0     -0.00646882697991589                        0     -0.00624265903466786     -0.00624265903466786                        0
       684                        0      -0.0064688155845067                        0      -0.0063956015810517      -0.0063956015810517                        0
       693                        0     -0.00646864010749918                        0     -0.00643062862736878     -0.00643062862736878                        0
       702                        0     -0.00646916360461792                        0     -0.00626323584006051     -0.00626323584006051                        0
       711                        0     -0.00646896354707402                        0     -0.00644604425793145     -0.00644604425793145                        0
       720                        0     -0.00646903999120143                        0     -0.00637299161566133     -0.00637299161566133                        0
