#square and square, nu_xymn_1
#MM NN: 0 0
#quadrature order: 16
#numpanels            c*(gradu.n)^2                      BEM        0.5*(gradu)^2 ex.       Boundary Formula 1       Boundary Formula 2
        32                        0        0.111272066108846                        0       0.0966861068094928       0.0966861068094928                        0
        48                        0        0.112400172177748                        0        0.100633447257293        0.100633447257293                        0
        64                        0        0.112781049231435                        0        0.101061608763721        0.101061608763721                        0
        80                        0         0.11299376819812                        0        0.101839519475502        0.101839519475502                        0
        96                        0        0.113124091011224                        0        0.102389572476267        0.102389572476267                        0
       112                        0        0.113211921754177                        0        0.102858606870504        0.102858606870504                        0
       128                        0        0.113274624351637                        0        0.103254239590885        0.103254239590885                        0
       144                        0        0.113321386502329                        0        0.103596217970768        0.103596217970768                        0
       160                        0        0.113357439688386                        0        0.103895811501114        0.103895811501114                        0
       176                        0        0.113385980353485                        0         0.10416151419822         0.10416151419822                        0
       192                        0        0.113409064418677                        0        0.104399536567184        0.104399536567184                        0
       208                        0        0.113428070956474                        0        0.104614591608222        0.104614591608222                        0
       224                        0        0.113443957388073                        0        0.104810322235427        0.104810322235427                        0
       240                        0        0.113457407860527                        0        0.104989597685997        0.104989597685997                        0
       256                        0        0.113468923395623                        0        0.105154713836583        0.105154713836583                        0
       272                        0        0.113478878752803                        0        0.105307533687324        0.105307533687324                        0
       288                        0        0.113487559463537                        0        0.105449587784895        0.105449587784895                        0
       304                        0        0.113495186630885                        0        0.105582147468525        0.105582147468525                        0
       320                        0        0.113501933945104                        0        0.105706279228532        0.105706279228532                        0
       336                        0        0.113507939612115                        0        0.105822885685941        0.105822885685941                        0
       352                        0        0.113513314877298                        0        0.105932736928281        0.105932736928281                        0
       368                        0        0.113518150221751                        0        0.106036494779773        0.106036494779773                        0
       384                        0        0.113522519936786                        0        0.106134731820612        0.106134731820612                        0
       400                        0        0.113526485548795                        0        0.106227946451881        0.106227946451881                        0
       416                        0        0.113530098416361                        0        0.106316574945264        0.106316574945264                        0
       432                        0        0.113533401722803                        0          0.1064010011685          0.1064010011685                        0
       448                        0        0.113536432021365                        0        0.106481564500847        0.106481564500847                        0
       464                        0        0.113539220445406                        0        0.106558566324711        0.106558566324711                        0
       480                        0        0.113541793664899                        0        0.106632275388311        0.106632275388311                        0
       496                        0        0.113544174648873                        0        0.106702932264879        0.106702932264879                        0
       512                        0        0.113546383277967                        0        0.106770753084323        0.106770753084323                        0
       528                        0        0.113548436840196                        0        0.106835932673059        0.106835932673059                        0
       544                        0        0.113550350434968                        0         0.10689864721201         0.10689864721201                        0
       560                        0        0.113552137304438                        0        0.106959056496459        0.106959056496459                        0
       576                        0        0.113553809106942                        0        0.107017305868146        0.107017305868146                        0
       592                        0        0.113555376143895                        0         0.10707352787356         0.10707352787356                        0
       608                        0        0.113556847549104                        0        0.107127843694192        0.107127843694192                        0
       624                        0        0.113558231447504                        0          0.1071803643841          0.1071803643841                        0
       640                        0        0.113559535088909                        0        0.107231191946088        0.107231191946088                        0
       656                        0        0.113560764961217                        0        0.107280420269639        0.107280420269639                        0
       672                        0         0.11356192688663                        0        0.107328135952732        0.107328135952732                        0
       688                        0         0.11356302610378                        0        0.107374419022162        0.107374419022162                        0
       704                        0        0.113564067338098                        0         0.10741934356933         0.10741934356933                        0
       720                        0        0.113565054862322                        0        0.107462978311266        0.107462978311266                        0
       736                        0        0.113565992548722                        0         0.10750538708706         0.10750538708706                        0
       752                        0        0.113566883914321                        0        0.107546629300933        0.107546629300933                        0
       768                        0        0.113567732160173                        0          0.1075867603141          0.1075867603141                        0
       784                        0        0.113568540205595                        0        0.107625831797077        0.107625831797077                        0
       800                        0        0.113569310718076                        0        0.107663892043123        0.107663892043123                        0
       816                        0        0.113570046139497                        0        0.107700986251133        0.107700986251133                        0
       832                        0        0.113570748709159                        0        0.107737156778425        0.107737156778425                        0
       848                        0        0.113571420484088                        0         0.10777244336943         0.10777244336943                        0
       864                        0        0.113572063356952                        0        0.107806883362029        0.107806883362029                        0
       880                        0        0.113572679071935                        0        0.107840511874071        0.107840511874071                        0
       896                        0        0.113573269238821                        0        0.107873361971152        0.107873361971152                        0
       912                        0        0.113573835345512                        0        0.107905464821973        0.107905464821973                        0
       928                        0        0.113574378769197                        0        0.107936849836527        0.107936849836527                        0
       944                        0        0.113574900786316                        0        0.107967544793424        0.107967544793424                        0
       960                        0        0.113575402581483                        0        0.107997575956068        0.107997575956068                        0
       976                        0         0.11357588525548                        0        0.108026968178281        0.108026968178281                        0
       992                        0        0.113576349832447                        0        0.108055745001643        0.108055745001643                        0
      1008                        0        0.113576797266341                        0        0.108083928744243        0.108083928744243                        0
      1024                        0        0.113577228446764                        0        0.108111540581563        0.108111540581563                        0
      1040                        0        0.113577644204228                        0        0.108138600622713        0.108138600622713                        0
      1056                        0        0.113578045314908                        0        0.108165127978541        0.108165127978541                        0
      1072                        0        0.113578432504956                        0        0.108191140825258        0.108191140825258                        0
      1088                        0        0.113578806454407                        0        0.108216656463603        0.108216656463603                        0
      1104                        0        0.113579167800737                        0        0.108241691372288        0.108241691372288                        0
      1120                        0        0.113579517142088                        0        0.108266261258859        0.108266261258859                        0
      1136                        0         0.11357985504022                        0         0.10829038110542         0.10829038110542                        0
      1152                        0        0.113580182023191                        0         0.10831406521216         0.10831406521216                        0
      1168                        0        0.113580498587814                        0        0.108337327237112        0.108337327237112                        0
      1184                        0        0.113580805201902                        0        0.108360180232709        0.108360180232709                        0
      1200                        0        0.113581102306325                        0        0.108382636681611        0.108382636681611                        0
      1216                        0        0.113581390316891                        0        0.108404708526758        0.108404708526758                        0
      1232                        0         0.11358166962608                        0        0.108426407202837        0.108426407202837                        0
      1248                        0        0.113581940604632                        0        0.108447743664287        0.108447743664287                        0
      1264                        0        0.113582203603013                        0        0.108468728409508        0.108468728409508                        0
      1280                        0         0.11358245895276                        0        0.108489371507429        0.108489371507429                        0
      1296                        0        0.113582706967726                        0        0.108509682618337        0.108509682618337                        0
      1312                        0        0.113582947945224                        0        0.108529671016384        0.108529671016384                        0
      1328                        0        0.113583182167089                        0        0.108549345608739        0.108549345608739                        0
      1344                        0        0.113583409900659                        0        0.108568714955145        0.108568714955145                        0
      1360                        0        0.113583631399678                        0          0.1085877872839          0.1085877872839                        0
