#square and square, nu_xymn_2
#MM NN: 0 0
#quadrature order: 16
#numpanels            c*(gradu.n)^2                      BEM        0.5*(gradu)^2 ex.       Boundary Formula 1       Boundary Formula 2
        32                        0        0.111272066108846                        0       0.0966861068094902       0.0966861068094902                        0
        48                        0        0.112400172177748                        0        0.100633447257296        0.100633447257296                        0
        64                        0        0.112781049231435                        0        0.101061608763714        0.101061608763714                        0
        80                        0         0.11299376819812                        0        0.101839519475503        0.101839519475503                        0
        96                        0        0.113124091011224                        0        0.102389572476266        0.102389572476266                        0
       112                        0        0.113211921754177                        0        0.102858606870502        0.102858606870502                        0
       128                        0        0.113274624351637                        0        0.103254239590885        0.103254239590885                        0
       144                        0        0.113321386502329                        0        0.103596217970782        0.103596217970782                        0
       160                        0        0.113357439688386                        0        0.103895811501107        0.103895811501107                        0
       176                        0        0.113385980353485                        0        0.104161514198247        0.104161514198247                        0
       192                        0        0.113409064418677                        0        0.104399536567195        0.104399536567195                        0
       208                        0        0.113428070956474                        0        0.104614591608217        0.104614591608217                        0
       224                        0        0.113443957388072                        0        0.104810322235436        0.104810322235436                        0
       240                        0        0.113457407860527                        0        0.104989597686004        0.104989597686004                        0
       256                        0        0.113468923395623                        0        0.105154713836591        0.105154713836591                        0
       272                        0        0.113478878752803                        0        0.105307533687348        0.105307533687348                        0
       288                        0        0.113487559463537                        0        0.105449587784891        0.105449587784891                        0
       304                        0        0.113495186630885                        0        0.105582147468524        0.105582147468524                        0
       320                        0        0.113501933945104                        0        0.105706279228531        0.105706279228531                        0
       336                        0        0.113507939612115                        0        0.105822885685942        0.105822885685942                        0
       352                        0        0.113513314877298                        0        0.105932736928316        0.105932736928316                        0
       368                        0        0.113518150221751                        0         0.10603649477975         0.10603649477975                        0
       384                        0        0.113522519936786                        0         0.10613473182062         0.10613473182062                        0
       400                        0        0.113526485548795                        0        0.106227946451854        0.106227946451854                        0
       416                        0        0.113530098416361                        0        0.106316574945261        0.106316574945261                        0
       432                        0        0.113533401722802                        0        0.106401001168509        0.106401001168509                        0
       448                        0        0.113536432021365                        0        0.106481564500834        0.106481564500834                        0
       464                        0        0.113539220445406                        0         0.10655856632468         0.10655856632468                        0
       480                        0        0.113541793664899                        0        0.106632275388297        0.106632275388297                        0
       496                        0        0.113544174648873                        0        0.106702932264911        0.106702932264911                        0
       512                        0        0.113546383277967                        0        0.106770753084311        0.106770753084311                        0
       528                        0        0.113548436840196                        0        0.106835932673103        0.106835932673103                        0
       544                        0        0.113550350434968                        0        0.106898647212018        0.106898647212018                        0
       560                        0        0.113552137304438                        0        0.106959056496432        0.106959056496432                        0
       576                        0        0.113553809106942                        0         0.10701730586811         0.10701730586811                        0
       592                        0        0.113555376143895                        0        0.107073527873526        0.107073527873526                        0
       608                        0        0.113556847549104                        0        0.107127843694219        0.107127843694219                        0
       624                        0        0.113558231447504                        0        0.107180364384116        0.107180364384116                        0
       640                        0        0.113559535088909                        0         0.10723119194603         0.10723119194603                        0
       656                        0        0.113560764961217                        0        0.107280420269687        0.107280420269687                        0
       672                        0         0.11356192688663                        0        0.107328135952784        0.107328135952784                        0
       688                        0         0.11356302610378                        0        0.107374419022138        0.107374419022138                        0
       704                        0        0.113564067338098                        0        0.107419343569367        0.107419343569367                        0
       720                        0        0.113565054862322                        0        0.107462978311135        0.107462978311135                        0
       736                        0        0.113565992548722                        0        0.107505387087064        0.107505387087064                        0
       752                        0        0.113566883914321                        0        0.107546629300964        0.107546629300964                        0
       768                        0        0.113567732160173                        0        0.107586760314198        0.107586760314198                        0
       784                        0        0.113568540205595                        0        0.107625831797055        0.107625831797055                        0
       800                        0        0.113569310718076                        0        0.107663892043081        0.107663892043081                        0
       816                        0        0.113570046139497                        0        0.107700986251079        0.107700986251079                        0
       832                        0        0.113570748709159                        0        0.107737156778296        0.107737156778296                        0
       848                        0        0.113571420484088                        0        0.107772443369462        0.107772443369462                        0
       864                        0        0.113572063356952                        0        0.107806883362043        0.107806883362043                        0
       880                        0        0.113572679071935                        0         0.10784051187397         0.10784051187397                        0
       896                        0        0.113573269238821                        0        0.107873361971073        0.107873361971073                        0
       912                        0        0.113573835345512                        0        0.107905464821927        0.107905464821927                        0
       928                        0        0.113574378769197                        0         0.10793684983648         0.10793684983648                        0
       944                        0        0.113574900786316                        0        0.107967544793323        0.107967544793323                        0
       960                        0        0.113575402581483                        0        0.107997575956016        0.107997575956016                        0
       976                        0         0.11357588525548                        0        0.108026968178315        0.108026968178315                        0
       992                        0        0.113576349832447                        0        0.108055745001716        0.108055745001716                        0
      1008                        0        0.113576797266341                        0        0.108083928744176        0.108083928744176                        0
      1024                        0        0.113577228446764                        0        0.108111540581492        0.108111540581492                        0
      1040                        0        0.113577644204228                        0        0.108138600622771        0.108138600622771                        0
      1056                        0        0.113578045314908                        0        0.108165127978549        0.108165127978549                        0
      1072                        0        0.113578432504956                        0        0.108191140825387        0.108191140825387                        0
      1088                        0        0.113578806454407                        0          0.1082166564636          0.1082166564636                        0
      1104                        0        0.113579167800737                        0        0.108241691372361        0.108241691372361                        0
      1120                        0        0.113579517142088                        0        0.108266261258842        0.108266261258842                        0
      1136                        0         0.11357985504022                        0        0.108290381105445        0.108290381105445                        0
      1152                        0        0.113580182023191                        0         0.10831406521217         0.10831406521217                        0
      1168                        0        0.113580498587814                        0        0.108337327237052        0.108337327237052                        0
      1184                        0        0.113580805201902                        0        0.108360180232692        0.108360180232692                        0
      1200                        0        0.113581102306325                        0        0.108382636681585        0.108382636681585                        0
      1216                        0        0.113581390316891                        0        0.108404708526674        0.108404708526674                        0
      1232                        0         0.11358166962608                        0         0.10842640720284         0.10842640720284                        0
      1248                        0        0.113581940604632                        0        0.108447743664226        0.108447743664226                        0
      1264                        0        0.113582203603013                        0        0.108468728409603        0.108468728409603                        0
      1280                        0         0.11358245895276                        0         0.10848937150743         0.10848937150743                        0
      1296                        0        0.113582706967726                        0        0.108509682618391        0.108509682618391                        0
      1312                        0        0.113582947945223                        0         0.10852967101641         0.10852967101641                        0
      1328                        0        0.113583182167089                        0        0.108549345608944        0.108549345608944                        0
      1344                        0        0.113583409900659                        0        0.108568714955164        0.108568714955164                        0
      1360                        0        0.113583631399678                        0        0.108587787284013        0.108587787284013                        0
