#square and square, nu_xymn_1
#MM NN: 3 4
#quadrature order: 16
#numpanels            c*(gradu.n)^2                      BEM        0.5*(gradu)^2 ex.       Boundary Formula 1       Boundary Formula 2
        28                        0        0.180182037077783                        0        0.100237190425156        0.100237190425156                        0
        56                        0        0.182020092435328                        0        0.102510331619228        0.102510331619228                        0
       112                        0        0.199952518455385                        0        0.140807680890261        0.140807680890261                        0
       224                        0        0.207534105415695                        0        0.162804918964026        0.162804918964026                        0
       448                        0        0.210948208967821                        0        0.176608930965393        0.176608930965393                        0
       896                        0        0.212443836328193                        0        0.185708480776443        0.185708480776443                        0
      1792                        0         0.21309095058741                        0        0.192087238794768        0.192087238794768                        0
      3584                        0        0.213369099193488                        0        0.196785690489734        0.196785690489734                        0
      7168                        0         0.21348806492147                        0        0.200360586698239        0.200360586698239                        0
