#square and square, nu_xymn_2
#MM NN: 1 1
#quadrature order: 16
#numpanels            c*(gradu.n)^2                      BEM        0.5*(gradu)^2 ex.       Boundary Formula 1       Boundary Formula 2
        28                        0         0.32151286625416                        0        0.250592976062888        0.250592976062888                        0
        56                        0        0.322567817608888                        0         0.25200519241518         0.25200519241518                        0
       112                        0        0.326215750157169                        0        0.274385117122695        0.274385117122695                        0
       224                        0        0.327674485783036                        0        0.286501044411892        0.286501044411892                        0
       448                        0        0.328292345785103                        0        0.295487743816322        0.295487743816322                        0
       896                        0        0.328547418230657                        0        0.302445557530944        0.302445557530944                        0
      1792                        0        0.328651420879207                        0        0.307904104074442        0.307904104074442                        0
      3584                        0        0.328693592831389                        0        0.312213017390439        0.312213017390439                        0
      7168                        0        0.328710648905836                        0        0.315624231204737        0.315624231204737                        0
