#square and square, nu_xymn_1
#MM NN: 5 2
#quadrature order: 16
#numpanels            c*(gradu.n)^2                      BEM        0.5*(gradu)^2 ex.       Boundary Formula 1       Boundary Formula 2
        28                        0        0.229669048165577                        0        0.167061984041926        0.167061984041926                        0
        56                        0        0.232165212926218                        0        0.169630370803601        0.169630370803601                        0
       112                        0        0.252993450412009                        0        0.201984079569902        0.201984079569902                        0
       224                        0        0.260715943829779                        0        0.219422906912401        0.219422906912401                        0
       448                        0        0.263812821060299                        0        0.230855785433742        0.230855785433742                        0
       896                        0        0.265063662850253                        0         0.23887707403109         0.23887707403109                        0
      1792                        0        0.265575360931152                        0        0.244788998043337        0.244788998043337                        0
      3584                        0         0.26578660752638                        0        0.249289331223403        0.249289331223403                        0
      7168                        0        0.265874213993477                        0        0.252780898724443        0.252780898724443                        0
