#square and square, nu_xymn_2
#MM NN: 4 2
#quadrature order: 16
#numpanels            c*(gradu.n)^2                      BEM        0.5*(gradu)^2 ex.       Boundary Formula 1       Boundary Formula 2
        28                        0         0.18618998802017                        0        0.100237190425155        0.100237190425155                        0
        56                        0        0.187643603780578                        0        0.102510331619228        0.102510331619228                        0
       112                        0        0.201764840740112                        0        0.140807680890259        0.140807680890259                        0
       224                        0        0.208162716451453                        0        0.162804918964021        0.162804918964021                        0
       448                        0        0.211175101284961                        0        0.176608930965392        0.176608930965392                        0
       896                        0          0.2125287544555                        0        0.185708480776439        0.185708480776439                        0
      1792                        0        0.213123547268072                        0        0.192087238794751        0.192087238794751                        0
      3584                        0        0.213381804642329                        0        0.196785690489711        0.196785690489711                        0
      7168                        0        0.213493059730451                        0        0.200360586698235        0.200360586698235                        0
