#square and square, nu_xymn_2
#MM NN: 2 5
#quadrature order: 16
#numpanels            c*(gradu.n)^2                      BEM        0.5*(gradu)^2 ex.       Boundary Formula 1       Boundary Formula 2
        28                        0        0.229669048165577                        0        0.167061984041926        0.167061984041926                        0
        56                        0        0.232165212926218                        0        0.169630370803602        0.169630370803602                        0
       112                        0        0.252993450412009                        0        0.201984079569899        0.201984079569899                        0
       224                        0        0.260715943829779                        0        0.219422906912395        0.219422906912395                        0
       448                        0        0.263812821060298                        0        0.230855785433741        0.230855785433741                        0
       896                        0        0.265063662850252                        0        0.238877074031086        0.238877074031086                        0
      1792                        0        0.265575360931153                        0         0.24478899804332         0.24478899804332                        0
      3584                        0        0.265786607526381                        0         0.24928933122338         0.24928933122338                        0
      7168                        0         0.26587421399348                        0        0.252780898724437        0.252780898724437                        0
