#square and square, nu_xymn_1
#MM NN: 4 3
#quadrature order: 16
#numpanels            c*(gradu.n)^2                      BEM        0.5*(gradu)^2 ex.       Boundary Formula 1       Boundary Formula 2
        28                        0        0.197355846958208                        0        0.125296488031445        0.125296488031445                        0
        56                        0        0.199603535795768                        0        0.127832869050257        0.127832869050257                        0
       112                        0        0.220456288856521                        0        0.165092558271757        0.165092558271757                        0
       224                        0        0.228354135231039                        0        0.185281753552535        0.185281753552535                        0
       448                        0        0.231660643364371                        0        0.198001898815598        0.198001898815598                        0
       896                        0        0.233049285386357                        0        0.206586646970948        0.206586646970948                        0
      1792                        0        0.233634606630116                        0          0.2127393107431          0.2127393107431                        0
      3584                        0        0.233881732609929                        0        0.217341346016156        0.217341346016156                        0
      7168                        0        0.233986017212776                        0        0.220875611245217        0.220875611245217                        0
