#square and square, nu_xymn_1
#MM NN: 5 3
#quadrature order: 16
#numpanels            c*(gradu.n)^2                      BEM        0.5*(gradu)^2 ex.       Boundary Formula 1       Boundary Formula 2
        28                        0        0.192382006952133                        0        0.125296488031445        0.125296488031445                        0
        56                        0        0.194749348063507                        0        0.127832869050257        0.127832869050257                        0
       112                        0        0.218641372084071                        0        0.165092558271757        0.165092558271757                        0
       224                        0        0.227699768486224                        0        0.185281753552535        0.185281753552535                        0
       448                        0        0.231425455038851                        0        0.198001898815598        0.198001898815598                        0
       896                        0        0.232962339272646                        0        0.206586646970948        0.206586646970948                        0
      1792                        0        0.233601562150079                        0          0.2127393107431          0.2127393107431                        0
      3584                        0         0.23386893289095                        0        0.217341346016156        0.217341346016156                        0
      7168                        0        0.233981003047986                        0        0.220875611245217        0.220875611245217                        0
