#square and square, nu_xymn_1
#MM NN: 3 2
#quadrature order: 16
#numpanels            c*(gradu.n)^2                      BEM        0.5*(gradu)^2 ex.       Boundary Formula 1       Boundary Formula 2
        28                        0        0.240442795690961                        0        0.167061984041926        0.167061984041926                        0
        56                        0        0.242597573790273                        0        0.169630370803601        0.169630370803601                        0
       112                        0        0.256626863070878                        0        0.201984079569902        0.201984079569902                        0
       224                        0        0.262002349907529                        0        0.219422906912401        0.219422906912401                        0
       448                        0        0.264275881010868                        0        0.230855785433742        0.230855785433742                        0
       896                        0        0.265235759886059                        0         0.23887707403109         0.23887707403109                        0
      1792                        0        0.265641053142673                        0        0.244788998043337        0.244788998043337                        0
      3584                        0         0.26581212343464                        0        0.249289331223403        0.249289331223403                        0
      7168                        0        0.265884225175227                        0        0.252780898724443        0.252780898724443                        0
