#square and square, nu_xymn_1
#MM NN: 5 1
#quadrature order: 16
#numpanels            c*(gradu.n)^2                      BEM        0.5*(gradu)^2 ex.       Boundary Formula 1       Boundary Formula 2
        28                        0        0.303694233676925                        0        0.250592976062889        0.250592976062889                        0
        56                        0          0.3059394788688                        0        0.252005192415179        0.252005192415179                        0
       112                        0        0.320565516153787                        0        0.274385117122697        0.274385117122697                        0
       224                        0        0.325683562266084                        0        0.286501044411899        0.286501044411899                        0
       448                        0        0.327573821721458                        0        0.295487743816323        0.295487743816323                        0
       896                        0        0.328279475612181                        0        0.302445557530947        0.302445557530947                        0
      1792                        0         0.32854889793876                        0         0.30790410407446         0.30790410407446                        0
      3584                        0        0.328653715999546                        0        0.312213017390462        0.312213017390462                        0
      7168                        0        0.328694991865893                        0        0.315624231204744        0.315624231204744                        0
