#square and square, nu_xymn_2
#MM NN: 3 3
#quadrature order: 16
#numpanels            c*(gradu.n)^2                      BEM        0.5*(gradu)^2 ex.       Boundary Formula 1       Boundary Formula 2
        28                        0        0.203155754477517                        0        0.125296488031444        0.125296488031444                        0
        56                        0        0.205181708927562                        0        0.127832869050257        0.127832869050257                        0
       112                        0        0.222274784742939                        0        0.165092558271754        0.165092558271754                        0
       224                        0        0.228986174563976                        0        0.185281753552529        0.185281753552529                        0
       448                        0        0.231888514989419                        0        0.198001898815597        0.198001898815597                        0
       896                        0        0.233134436308451                        0        0.206586646970944        0.206586646970944                        0
      1792                        0        0.233667254361601                        0        0.212739310743083        0.212739310743083                        0
      3584                        0        0.233894448799209                        0        0.217341346016133        0.217341346016133                        0
      7168                        0        0.233991014229734                        0        0.220875611245212        0.220875611245212                        0
