#square and square, nu_xymn_1
#MM NN: 4 5
#quadrature order: 16
#numpanels            c*(gradu.n)^2                      BEM        0.5*(gradu)^2 ex.       Boundary Formula 1       Boundary Formula 2
        28                        0        0.158600441874633                        0        0.083530992020963        0.083530992020963                        0
        56                        0        0.160484266653038                        0       0.0855269581739491       0.0855269581739491                        0
       112                        0        0.181895250109388                        0        0.122914850546974        0.122914850546974                        0
       224                        0        0.191290143166158                        0        0.146223630112707        0.146223630112707                        0
       448                        0        0.195558774365194                        0        0.161002666153118        0.161002666153118                        0
       896                        0         0.19742793947892                        0        0.170591112288815        0.170591112288815                        0
      1792                        0        0.198235029217959                        0         0.17718828525963         0.17718828525963                        0
      3584                        0        0.198581406051685                        0        0.181980414562604        0.181980414562604                        0
      7168                        0        0.198729431885059                        0        0.185594876945303        0.185594876945303                        0
