#square and square, nu_xymn_1
#MM NN: 5 4
#quadrature order: 16
#numpanels            c*(gradu.n)^2                      BEM        0.5*(gradu)^2 ex.       Boundary Formula 1       Boundary Formula 2
        28                        0        0.169408289552399                        0        0.100237190425156        0.100237190425156                        0
        56                        0        0.171587731571273                        0        0.102510331619228        0.102510331619228                        0
       112                        0        0.196319105796516                        0        0.140807680890261        0.140807680890261                        0
       224                        0        0.206247699337945                        0        0.162804918964026        0.162804918964026                        0
       448                        0        0.210485149017252                        0        0.176608930965393        0.176608930965393                        0
       896                        0        0.212271739292388                        0        0.185708480776443        0.185708480776443                        0
      1792                        0        0.213025258375889                        0        0.192087238794768        0.192087238794768                        0
      3584                        0        0.213343583285228                        0        0.196785690489734        0.196785690489734                        0
      7168                        0        0.213478053739722                        0        0.200360586698239        0.200360586698239                        0
