#square and square, nu_xymn_2
#MM NN: 5 5
#quadrature order: 16
#numpanels            c*(gradu.n)^2                      BEM        0.5*(gradu)^2 ex.       Boundary Formula 1       Boundary Formula 2
        28                        0        0.153626601868559                        0       0.0835309920209628       0.0835309920209628                        0
        56                        0        0.155630078920777                        0       0.0855269581739495       0.0855269581739495                        0
       112                        0        0.180080333336937                        0        0.122914850546972        0.122914850546972                        0
       224                        0        0.190635776421343                        0        0.146223630112703        0.146223630112703                        0
       448                        0        0.195323586039672                        0        0.161002666153117        0.161002666153117                        0
       896                        0        0.197340993365208                        0         0.17059111228881         0.17059111228881                        0
      1792                        0        0.198201984737923                        0        0.177188285259613        0.177188285259613                        0
      3584                        0        0.198568606332705                        0         0.18198041456258         0.18198041456258                        0
      7168                        0        0.198724417720269                        0        0.185594876945299        0.185594876945299                        0
