#square and square, nu_xymn_2
#MM NN: 3 5
#quadrature order: 16
#numpanels            c*(gradu.n)^2                      BEM        0.5*(gradu)^2 ex.       Boundary Formula 1       Boundary Formula 2
         8                        0       -0.283867333237195                        0       -0.299561045512106       -0.299561045512106                        0
        16                        0       -0.286136804593577                        0       -0.299191069875381       -0.299191069875381                        0
        32                        0       -0.271236635907847                        0       -0.277609340894363       -0.277609340894363                        0
        64                        0       -0.262547156878585                        0       -0.262649345895139       -0.262649345895139                        0
       128                        0       -0.258564392086411                        0       -0.256428358672738       -0.256428358672738                        0
       256                        0       -0.256807394513897                        0       -0.254203418903866       -0.254203418903866                        0
       512                        0       -0.256038753339593                        0       -0.253603682829513       -0.253603682829513                        0
      1024                        0       -0.255704666812965                        0       -0.253623471541393       -0.253623471541393                        0
      2048                        0       -0.255560396013887                        0       -0.253848950965144       -0.253848950965144                        0
      4096                        0       -0.255498472968852                        0       -0.254116257692561       -0.254116257692561                        0
      8192                        0       -0.255472040182635                        0       -0.254365462981044       -0.254365462981044                        0
