#square and square, nu_xymn_1
#MM NN: 1 4
#quadrature order: 16
#numpanels            c*(gradu.n)^2                      BEM        0.5*(gradu)^2 ex.       Boundary Formula 1       Boundary Formula 2
         8                        0       0.0812519045248268                        0        0.163829427939854        0.163829427939854                        0
        16                        0       0.0781751419216708                        0        0.157718898894121        0.157718898894121                        0
        32                        0       0.0508996731625974                        0        0.100177610107675        0.100177610107675                        0
        64                        0       0.0404141842157621                        0       0.0728985187081759       0.0728985187081759                        0
       128                        0       0.0361377106317336                        0       0.0594654172331456       0.0594654172331456                        0
       256                        0       0.0343043152921487                        0       0.0518930670365763       0.0518930670365763                        0
       512                        0       0.0335098537356263                        0       0.0471080589017752       0.0471080589017752                        0
      1024                        0       0.0331663571604685                        0       0.0438156858859629       0.0438156858859629                        0
      2048                        0       0.0330186632072908                        0       0.0414138859752435       0.0414138859752435                        0
      4096                        0       0.0329555253722882                        0       0.0395960731073824       0.0395960731073824                        0
      8192                        0       0.0329286752596756                        0       0.0381902408988912       0.0381902408988912                        0
