#square and square, nu_xymn_2
#MM NN: 4 4
#quadrature order: 16
#numpanels            c*(gradu.n)^2                      BEM        0.5*(gradu)^2 ex.       Boundary Formula 1       Boundary Formula 2
         8                        0      -0.0641148658690364                        0       -0.147344973395675       -0.147344973395675                        0
        16                        0      -0.0601401822756803                        0       -0.141849283451571       -0.141849283451571                        0
        32                        0      -0.0427030892105877                        0      -0.0900977771928543      -0.0900977771928543                        0
        64                        0      -0.0353378058462699                        0      -0.0655634975639669      -0.0655634975639669                        0
       128                        0       -0.032140905242742                        0      -0.0534820296350878      -0.0534820296350878                        0
       256                        0       -0.030717342892237                        0      -0.0466716064267417      -0.0466716064267417                        0
       512                        0      -0.0300859510839202                        0      -0.0423680639851786      -0.0423680639851786                        0
      1024                        0      -0.0298087718416159                        0      -0.0394069682862303      -0.0394069682862303                        0
      2048                        0      -0.0296882997162992                        0      -0.0372468365660808      -0.0372468365660808                        0
      4096                        0       -0.029636373787173                        0       -0.035611931335864       -0.035611931335864                        0
      8192                        0      -0.0296141448260789                        0       -0.034347553426849       -0.034347553426849                        0
