#square and square, nu_xymn_2
#MM NN: 5 3
#quadrature order: 16
#numpanels            c*(gradu.n)^2                      BEM        0.5*(gradu)^2 ex.       Boundary Formula 1       Boundary Formula 2
         8                        0     -0.00966527363044264                        0      0.00952154242140208      0.00952154242140208                        0
        16                        0      -0.0096424822112861                        0      0.00770441563045817      0.00770441563045817                        0
        32                        0      -0.0124694605573859                        0     -0.00281829230735874     -0.00281829230735874                        0
        64                        0      -0.0132947144824519                        0     -0.00683560373184185     -0.00683560373184185                        0
       128                        0      -0.0135751780318567                        0     -0.00881300155532941     -0.00881300155532941                        0
       256                        0      -0.0136955581388663                        0      -0.0100389926657618      -0.0100389926657618                        0
       512                        0      -0.0137494218163211                        0      -0.0108927939291991      -0.0108927939291991                        0
      1024                        0      -0.0137733745855315                        0      -0.0115236970490446      -0.0115236970490446                        0
      2048                        0      -0.0137838856379237                        0      -0.0120052447520703      -0.0120052447520703                        0
      4096                        0      -0.0137884444969774                        0      -0.0123794736305349      -0.0123794736305349                        0
      8192                        0      -0.0137904038348939                        0      -0.0126731856640703      -0.0126731856640703                        0
