#square and square, nu_xymn_2
#MM NN: 1 1
#quadrature order: 16
#numpanels            c*(gradu.n)^2                      BEM        0.5*(gradu)^2 ex.       Boundary Formula 1       Boundary Formula 2
         8                        0        0.228439440123882                        0        0.182172287437752        0.182172287437752                        0
        16                        0        0.232523402864825                        0         0.18533272679321         0.18533272679321                        0
        32                        0        0.243344496269635                        0        0.207556289673835        0.207556289673835                        0
        64                        0         0.24480628993819                        0        0.215999927932607        0.215999927932607                        0
       128                        0        0.245055508983095                        0         0.22197011402034         0.22197011402034                        0
       256                        0        0.245120387462273                        0        0.226696601139433        0.226696601139433                        0
       512                        0        0.245140330753905                        0        0.230473239682049        0.230473239682049                        0
      1024                        0        0.245146600658348                        0         0.23348658466214         0.23348658466214                        0
      2048                        0        0.245148487096673                        0        0.235886114725922        0.235886114725922                        0
      4096                        0        0.245148998478212                        0        0.237794231874986        0.237794231874986                        0
      8192                        0        0.245149106559863                        0        0.239310311142368        0.239310311142368                        0
