#square and square, nu_xymn_1
#MM NN: 1 5
#quadrature order: 16
#numpanels            c*(gradu.n)^2                      BEM        0.5*(gradu)^2 ex.       Boundary Formula 1       Boundary Formula 2
         8                        0      -0.0323199364164842                        0       0.0567750936835861       0.0567750936835861                        0
        16                        0      -0.0388558017058919                        0       0.0459399223190343       0.0459399223190343                        0
        32                        0      -0.0688688208501602                        0      -0.0168049253678023      -0.0168049253678023                        0
        64                        0      -0.0772973249529642                        0      -0.0407593670314283      -0.0407593670314283                        0
       128                        0      -0.0802075436877114                        0      -0.0525502031910902      -0.0525502031910902                        0
       256                        0       -0.081380893658468                        0      -0.0598605482034696      -0.0598605482034696                        0
       512                        0      -0.0818750330338531                        0      -0.0649515980117632      -0.0649515980117632                        0
      1024                        0      -0.0820847598362002                        0      -0.0687135498204458      -0.0687135498204458                        0
      2048                        0       -0.082173593144732                        0      -0.0715849245136516      -0.0715849245136516                        0
      4096                        0      -0.0822110683123724                        0       -0.073816378063688       -0.073816378063688                        0
      8192                        0      -0.0822268151864997                        0      -0.0755677254260874      -0.0755677254260874                        0
