#square and square, nu_xymn_2
#MM NN: 4 2
#quadrature order: 16
#numpanels            c*(gradu.n)^2                      BEM        0.5*(gradu)^2 ex.       Boundary Formula 1       Boundary Formula 2
         8                        0       0.0849235289211425                        0        0.177034835369923        0.177034835369923                        0
        16                        0       0.0819145247323796                        0        0.170431769502953        0.170431769502953                        0
        32                        0       0.0541873975622009                        0        0.108252387475073        0.108252387475073                        0
        64                        0       0.0433861414540754                        0       0.0787744755048015       0.0787744755048015                        0
       128                        0       0.0389464302879623                        0        0.064258604100946        0.064258604100946                        0
       256                        0       0.0370301214458432                        0       0.0560758875568848       0.0560758875568848                        0
       512                        0       0.0361957563837673                        0       0.0509051856992538       0.0509051856992538                        0
      1024                        0       0.0358338015410081                        0       0.0473474322347349       0.0473474322347349                        0
      2048                        0       0.0356777913203042                        0       0.0447520361744494       0.0447520361744494                        0
      4096                        0       0.0356109728091072                        0       0.0427876992065393       0.0427876992065393                        0
      8192                        0       0.0355825141555656                        0       0.0412685504374344       0.0412685504374344                        0
