#square and square, nu_xymn_1
#MM NN: 3 5
#quadrature order: 16
#numpanels            c*(gradu.n)^2                      BEM        0.5*(gradu)^2 ex.       Boundary Formula 1       Boundary Formula 2
         8                        0     -0.00966527363044242                        0      0.00952154242140211      0.00952154242140211                        0
        16                        0     -0.00964248221128541                        0      0.00770441563045913      0.00770441563045913                        0
        32                        0      -0.0124694605573859                        0     -0.00281829230735879     -0.00281829230735879                        0
        64                        0      -0.0132947144824517                        0     -0.00683560373184274     -0.00683560373184274                        0
       128                        0      -0.0135751780318569                        0     -0.00881300155532674     -0.00881300155532674                        0
       256                        0      -0.0136955581388669                        0      -0.0100389926657664      -0.0100389926657664                        0
       512                        0      -0.0137494218163211                        0      -0.0108927939292094      -0.0108927939292094                        0
      1024                        0      -0.0137733745855313                        0      -0.0115236970490398      -0.0115236970490398                        0
      2048                        0      -0.0137838856379234                        0      -0.0120052447520074      -0.0120052447520074                        0
      4096                        0      -0.0137884444969776                        0      -0.0123794736305447      -0.0123794736305447                        0
      8192                        0      -0.0137904038348956                        0      -0.0126731856638288      -0.0126731856638288                        0
