#square and square, nu_xymn_2
#MM NN: 5 2
#quadrature order: 16
#numpanels            c*(gradu.n)^2                      BEM        0.5*(gradu)^2 ex.       Boundary Formula 1       Boundary Formula 2
         8                        0      -0.0385712708157174                        0       0.0613514280662423       0.0613514280662423                        0
        16                        0      -0.0452338663263203                        0       0.0496428919207487       0.0496428919207487                        0
        32                        0       -0.075452660598652                        0      -0.0181594798523308      -0.0181594798523308                        0
        64                        0      -0.0838897376662497                        0      -0.0440447599856073      -0.0440447599856073                        0
       128                        0      -0.0868046028323312                        0      -0.0567859919159879      -0.0567859919159879                        0
       256                        0      -0.0879903394600997                        0      -0.0646855844497017      -0.0646855844497017                        0
       512                        0      -0.0884937295041165                        0      -0.0701869963510863      -0.0701869963510863                        0
      1024                        0      -0.0887086672559812                        0      -0.0742521788247747      -0.0742521788247747                        0
      2048                        0      -0.0888001139875608                        0      -0.0773549995606506      -0.0773549995606506                        0
      4096                        0      -0.0888388251227035                        0      -0.0797663185572268      -0.0797663185572268                        0
      8192                        0      -0.0888551371523427                        0      -0.0816588325954074      -0.0816588325954074                        0
