#square and square, nu_xymn_2
#MM NN: 1 5
#quadrature order: 16
#numpanels            c*(gradu.n)^2                      BEM        0.5*(gradu)^2 ex.       Boundary Formula 1       Boundary Formula 2
         8                        0       -0.301308293225172                        0        -0.20760006197344        -0.20760006197344                        0
        16                        0       -0.306752536169073                        0       -0.211201638345371       -0.211201638345371                        0
        32                        0       -0.288653199327003                        0       -0.236527186463468       -0.236527186463468                        0
        64                        0       -0.282670448021716                        0       -0.246149395474821       -0.246149395474821                        0
       128                        0         -0.2806007627329                        0       -0.252952905598334       -0.252952905598334                        0
       256                        0       -0.279844738413886                        0       -0.258339120113401       -0.258339120113401                        0
       512                        0       -0.279555772429062                        0       -0.262642905318746       -0.262642905318746                        0
      1024                        0       -0.279442428500718                        0       -0.266076855747831       -0.266076855747831                        0
      2048                        0       -0.279397365224621                        0       -0.268811314413058       -0.268811314413058                        0
      4096                        0       -0.279379326765406                        0       -0.270985768299374       -0.270985768299374                        0
      8192                        0       -0.279372082208149                        0        -0.27271346329784        -0.27271346329784                        0
