#square and square, nu_xymn_2
#MM NN: 2 4
#quadrature order: 16
#numpanels            c*(gradu.n)^2                      BEM        0.5*(gradu)^2 ex.       Boundary Formula 1       Boundary Formula 2
         8                        0       -0.299437984665328                        0       -0.252366489759667       -0.252366489759667                        0
        16                        0       -0.305361662751462                        0       -0.255381874008793       -0.255381874008793                        0
        32                        0       -0.304389767581314                        0       -0.270423349338728       -0.270423349338728                        0
        64                        0       -0.301105514766779                        0        -0.27382355193659        -0.27382355193659                        0
       128                        0       -0.299472623997837                        0        -0.27738961359581        -0.27738961359581                        0
       256                        0       -0.298767064890666                        0       -0.281015938019219       -0.281015938019219                        0
       512                        0       -0.298465378796848                        0       -0.284275217275015       -0.284275217275015                        0
      1024                        0       -0.298336255499973                        0       -0.287030435818107       -0.287030435818107                        0
      2048                        0       -0.298281030091041                        0       -0.289289741917997       -0.289289741917997                        0
      4096                        0       -0.298257472892813                        0       -0.291113795724591       -0.291113795724591                        0
      8192                        0       -0.298247459843262                        0       -0.292574571618262       -0.292574571618262                        0
