#square and square, nu_xymn_2
#MM NN: 5 4
#quadrature order: 16
#numpanels            c*(gradu.n)^2                      BEM        0.5*(gradu)^2 ex.       Boundary Formula 1       Boundary Formula 2
         8                        0       0.0404227984117225                        0      -0.0510624054148326      -0.0510624054148326                        0
        16                        0       0.0478310231513825                        0      -0.0413174648597425      -0.0413174648597425                        0
        32                        0       0.0658356160797573                        0        0.015114020187778        0.015114020187778                        0
        64                        0       0.0707993385106619                        0       0.0366581750689773       0.0366581750689773                        0
       128                        0       0.0725940520316449                        0       0.0472626217920599       0.0472626217920599                        0
       256                        0       0.0733637955571038                        0       0.0538374026778928       0.0538374026778928                        0
       512                        0       0.0737028813247614                        0       0.0584161929965008       0.0584161929965008                        0
      1024                        0       0.0738512697866028                        0       0.0617996186493254       0.0617996186493254                        0
      2048                        0       0.0739155025309088                        0       0.0643820767165407       0.0643820767165407                        0
      4096                        0         0.07394305025079                        0       0.0663890022612031       0.0663890022612031                        0
      8192                        0       0.0739547805288017                        0       0.0679641297214229       0.0679641297214229                        0
