#square and square, nu_xymn_1
#MM NN: 2 2
#quadrature order: 16
#numpanels            c*(gradu.n)^2                      BEM        0.5*(gradu)^2 ex.       Boundary Formula 1       Boundary Formula 2
         8                        0        0.350295107566987                        0        0.303218080249757        0.303218080249757                        0
        16                        0        0.355289863772184                        0        0.306841061351981        0.306841061351981                        0
        32                        0        0.362264063673957                        0        0.324913378631551        0.324913378631551                        0
        64                        0         0.36066321387122                        0         0.32899871858761         0.32899871858761                        0
       128                        0        0.359420560642779                        0        0.333283338036828        0.333283338036828                        0
       256                        0        0.358820220889481                        0        0.337640363135871        0.337640363135871                        0
       512                        0        0.358548757038124                        0        0.341556383840086        0.341556383840086                        0
      1024                        0        0.358428368004181                        0        0.344866776111571        0.344866776111571                        0
      2048                        0        0.358375547316676                        0        0.347581330087687        0.347581330087687                        0
      4096                        0        0.358352565479167                        0        0.349772928877782        0.349772928877782                        0
      8192                        0        0.358342638129751                        0         0.35152804962376         0.35152804962376                        0
