#square and square, nu_xymn_1
#MM NN: 2 4
#quadrature order: 16
#numpanels            c*(gradu.n)^2                      BEM        0.5*(gradu)^2 ex.       Boundary Formula 1       Boundary Formula 2
         8                        0       0.0849235289211433                        0        0.177034835369923        0.177034835369923                        0
        16                        0       0.0819145247323791                        0        0.170431769502955        0.170431769502955                        0
        32                        0       0.0541873975622006                        0        0.108252387475073        0.108252387475073                        0
        64                        0       0.0433861414540757                        0       0.0787744755047983       0.0787744755047983                        0
       128                        0       0.0389464302879625                        0       0.0642586041009591       0.0642586041009591                        0
       256                        0       0.0370301214458435                        0       0.0560758875568643       0.0560758875568643                        0
       512                        0       0.0361957563837667                        0       0.0509051856992026       0.0509051856992026                        0
      1024                        0       0.0358338015410085                        0       0.0473474322347597       0.0473474322347597                        0
      2048                        0       0.0356777913203039                        0       0.0447520361747685       0.0447520361747685                        0
      4096                        0       0.0356109728091044                        0       0.0427876992064843       0.0427876992064843                        0
      8192                        0        0.035582514155564                        0       0.0412685504386613       0.0412685504386613                        0
