#square and square, nu_xymn_1
#MM NN: 4 2
#quadrature order: 16
#numpanels            c*(gradu.n)^2                      BEM        0.5*(gradu)^2 ex.       Boundary Formula 1       Boundary Formula 2
         8                        0       -0.299437984665328                        0       -0.252366489759668       -0.252366489759668                        0
        16                        0       -0.305361662751463                        0       -0.255381874008789       -0.255381874008789                        0
        32                        0       -0.304389767581315                        0       -0.270423349338728       -0.270423349338728                        0
        64                        0       -0.301105514766779                        0       -0.273823551936595       -0.273823551936595                        0
       128                        0       -0.299472623997837                        0       -0.277389613595796       -0.277389613595796                        0
       256                        0       -0.298767064890665                        0       -0.281015938019242       -0.281015938019242                        0
       512                        0       -0.298465378796849                        0       -0.284275217275066       -0.284275217275066                        0
      1024                        0       -0.298336255499973                        0       -0.287030435818084       -0.287030435818084                        0
      2048                        0       -0.298281030091042                        0       -0.289289741917678       -0.289289741917678                        0
      4096                        0       -0.298257472892814                        0       -0.291113795724635       -0.291113795724635                        0
      8192                        0        -0.29824745984326                        0       -0.292574571617029       -0.292574571617029                        0
