#square and square, nu_xymn_2
#MM NN: 4 1
#quadrature order: 16
#numpanels            c*(gradu.n)^2                      BEM        0.5*(gradu)^2 ex.       Boundary Formula 1       Boundary Formula 2
         8                        0       0.0812519045248261                        0        0.163829427939854        0.163829427939854                        0
        16                        0       0.0781751419216714                        0        0.157718898894119        0.157718898894119                        0
        32                        0       0.0508996731625975                        0        0.100177610107676        0.100177610107676                        0
        64                        0       0.0404141842157618                        0       0.0728985187081788       0.0728985187081788                        0
       128                        0       0.0361377106317337                        0       0.0594654172331334       0.0594654172331334                        0
       256                        0       0.0343043152921487                        0       0.0518930670365953       0.0518930670365953                        0
       512                        0       0.0335098537356266                        0       0.0471080589018226       0.0471080589018226                        0
      1024                        0       0.0331663571604683                        0         0.04381568588594         0.04381568588594                        0
      2048                        0       0.0330186632072908                        0       0.0414138859749481       0.0414138859749481                        0
      4096                        0       0.0329555253722908                        0       0.0395960731074333       0.0395960731074333                        0
      8192                        0       0.0329286752596764                        0       0.0381902408977558       0.0381902408977558                        0
