#square and square, nu_xymn_2
#MM NN: 2 5
#quadrature order: 16
#numpanels            c*(gradu.n)^2                      BEM        0.5*(gradu)^2 ex.       Boundary Formula 1       Boundary Formula 2
         8                        0       -0.410053503521652                        0       -0.319766854156058       -0.319766854156058                        0
        16                        0       -0.416574883559988                        0        -0.32358756718469        -0.32358756718469                        0
        32                        0       -0.393259412853096                        0       -0.342646219752626       -0.342646219752626                        0
        64                        0       -0.383976902019094                        0       -0.346954525856368       -0.346954525856368                        0
       128                        0       -0.380352950088874                        0       -0.351472987556974       -0.351472987556974                        0
       256                        0       -0.378905179187981                        0       -0.356067806600212       -0.356067806600212                        0
       512                        0       -0.378312661990473                        0       -0.360197552492523       -0.360197552492523                        0
      1024                        0       -0.378067195505819                        0        -0.36368861648789        -0.36368861648789                        0
      2048                        0       -0.377965020355075                        0       -0.366551323041463       -0.366551323041463                        0
      4096                        0        -0.37792244676251                        0        -0.36886253301273        -0.36886253301273                        0
      8192                        0       -0.377904720124316                        0       -0.370713443221097       -0.370713443221097                        0
