#square and square, nu_xymn_2
#MM NN: 5 1
#quadrature order: 16
#numpanels            c*(gradu.n)^2                      BEM        0.5*(gradu)^2 ex.       Boundary Formula 1       Boundary Formula 2
         8                        0      -0.0323199364164849                        0       0.0567750936835859       0.0567750936835859                        0
        16                        0      -0.0388558017058923                        0       0.0459399223190286       0.0459399223190286                        0
        32                        0      -0.0688688208501602                        0       -0.016804925367802       -0.016804925367802                        0
        64                        0      -0.0772973249529643                        0      -0.0407593670314229      -0.0407593670314229                        0
       128                        0      -0.0802075436877112                        0      -0.0525502031911062      -0.0525502031911062                        0
       256                        0      -0.0813808936584675                        0      -0.0598605482034424      -0.0598605482034424                        0
       512                        0      -0.0818750330338527                        0      -0.0649515980117021      -0.0649515980117021                        0
      1024                        0      -0.0820847598362004                        0       -0.068713549820474       -0.068713549820474                        0
      2048                        0      -0.0821735931447319                        0      -0.0715849245140266      -0.0715849245140266                        0
      4096                        0      -0.0822110683123704                        0      -0.0738163780636295      -0.0738163780636295                        0
      8192                        0      -0.0822268151864985                        0      -0.0755677254275277      -0.0755677254275277                        0
