#square and square, nu_xymn_1
#MM NN: 5 4
#quadrature order: 16
#numpanels            c*(gradu.n)^2                      BEM        0.5*(gradu)^2 ex.       Boundary Formula 1       Boundary Formula 2
         8                        0      -0.0557337531966473                        0       -0.186696889366384       -0.186696889366384                        0
        16                        0      -0.0515168096473803                        0       -0.179733447086403       -0.179733447086403                        0
        32                        0      -0.0478031140163614                        0       -0.114160492571137       -0.114160492571137                        0
        64                        0      -0.0427330368501276                        0      -0.0830737606385959      -0.0830737606385959                        0
       128                        0      -0.0399765122811357                        0      -0.0677656545707907      -0.0677656545707907                        0
       256                        0      -0.0386336584211942                        0      -0.0591363488064355      -0.0591363488064355                        0
       512                        0      -0.0380086357444853                        0      -0.0536834448587505      -0.0536834448587505                        0
      1024                        0      -0.0377255590385231                        0      -0.0499315194054575      -0.0499315194054575                        0
      2048                        0      -0.0375997122968713                        0      -0.0471944740659816      -0.0471944740659816                        0
      4096                        0      -0.0375445091849141                        0      -0.0451229292150502      -0.0451229292150502                        0
      8192                        0      -0.0375205376963817                        0      -0.0435208696608123      -0.0435208696608123                        0
