#square and square, nu_xymn_1
#MM NN: 4 1
#quadrature order: 16
#numpanels            c*(gradu.n)^2                      BEM        0.5*(gradu)^2 ex.       Boundary Formula 1       Boundary Formula 2
         8                        0       -0.215418036299391                        0       -0.163842181368047       -0.163842181368047                        0
        16                        0        -0.22043366734106                        0       -0.166684618521151       -0.166684618521151                        0
        32                        0       -0.222278373434773                        0       -0.186672054982234       -0.186672054982234                        0
        64                        0       -0.221296879255019                        0       -0.194266097580361       -0.194266097580361                        0
       128                        0       -0.220799107361945                        0       -0.199635565821344       -0.199635565821344                        0
       256                        0        -0.22060688811885                        0       -0.203886475609534       -0.203886475609534                        0
       512                        0       -0.220532392944209                        0       -0.207283110222674       -0.207283110222674                        0
      1024                        0       -0.220502724511423                        0       -0.209993253580283       -0.209993253580283                        0
      2048                        0       -0.220490677320872                        0        -0.21215134384411        -0.21215134384411                        0
      4096                        0       -0.220485734637887                        0       -0.213867466973852       -0.213867466973852                        0
      8192                        0       -0.220483697593454                        0       -0.215230998922498       -0.215230998922498                        0
