#square and square, nu_xymn_1
#MM NN: 5 1
#quadrature order: 16
#numpanels            c*(gradu.n)^2                      BEM        0.5*(gradu)^2 ex.       Boundary Formula 1       Boundary Formula 2
         8                        0       -0.301308293225171                        0       -0.207600061973441       -0.207600061973441                        0
        16                        0       -0.306752536169075                        0       -0.211201638345367       -0.211201638345367                        0
        32                        0       -0.288653199327003                        0       -0.236527186463468       -0.236527186463468                        0
        64                        0       -0.282670448021716                        0       -0.246149395474826       -0.246149395474826                        0
       128                        0         -0.2806007627329                        0       -0.252952905598317       -0.252952905598317                        0
       256                        0       -0.279844738413885                        0       -0.258339120113427       -0.258339120113427                        0
       512                        0       -0.279555772429063                        0       -0.262642905318807       -0.262642905318807                        0
      1024                        0       -0.279442428500717                        0       -0.266076855747803       -0.266076855747803                        0
      2048                        0       -0.279397365224622                        0       -0.268811314412684       -0.268811314412684                        0
      4096                        0       -0.279379326765408                        0       -0.270985768299428       -0.270985768299428                        0
      8192                        0       -0.279372082208151                        0       -0.272713463296395       -0.272713463296395                        0
