#square and square, nu_xymn_2
#MM NN: 5 5
#quadrature order: 16
#numpanels            c*(gradu.n)^2                      BEM        0.5*(gradu)^2 ex.       Boundary Formula 1       Boundary Formula 2
         8                        0       0.0835347037694269                        0      -0.0646998131990177      -0.0646998131990177                        0
        16                        0        0.091883390058616                        0      -0.0523522587031476      -0.0523522587031476                        0
        32                        0       0.0914072398545042                        0       0.0191505722241469       0.0191505722241469                        0
        64                        0       0.0922960225211527                        0       0.0464485967692146       0.0464485967692146                        0
       128                        0       0.0929302314122133                        0        0.059885208626577        0.059885208626577                        0
       256                        0       0.0933215536695773                        0       0.0682159382833958       0.0682159382833958                        0
       512                        0       0.0935294661004821                        0       0.0740176014812944       0.0740176014812944                        0
      1024                        0       0.0936311598062797                        0        0.078304649965049        0.078304649965049                        0
      2048                        0       0.0936785894868214                        0        0.081576813765123        0.081576813765123                        0
      4096                        0       0.0937000750858847                        0       0.0841197356425612       0.0841197356425612                        0
      8192                        0       0.0937096238042648                        0       0.0861155376736826       0.0861155376736826                        0
