#square and square, nu_xymn_1
#MM NN: 4 3
#quadrature order: 16
#numpanels            c*(gradu.n)^2                      BEM        0.5*(gradu)^2 ex.       Boundary Formula 1       Boundary Formula 2
         8                        0       -0.220280494099045                        0       -0.236419655577345       -0.236419655577345                        0
        16                        0       -0.222192175053917                        0       -0.236127663297581       -0.236127663297581                        0
        32                        0       -0.213137606668476                        0       -0.219094924866145       -0.219094924866145                        0
        64                        0       -0.206906951142084                        0       -0.207288193256204       -0.207288193256204                        0
       128                        0       -0.203954130681667                        0       -0.202378463908858       -0.202378463908858                        0
       256                        0       -0.202635301451927                        0       -0.200622496296529       -0.200622496296529                        0
       512                        0       -0.202054427667483                        0       -0.200149172417276       -0.200149172417276                        0
      1024                        0        -0.20180078610685                        0       -0.200164790070217       -0.200164790070217                        0
      2048                        0       -0.201690868725386                        0       -0.200342743006648       -0.200342743006648                        0
      4096                        0       -0.201643556403148                        0       -0.200553706899956       -0.200553706899956                        0
      8192                        0       -0.201623312356248                        0       -0.200750384770111       -0.200750384770111                        0
