#square and square, nu_xymn_1
#MM NN: 2 5
#quadrature order: 16
#numpanels            c*(gradu.n)^2                      BEM        0.5*(gradu)^2 ex.       Boundary Formula 1       Boundary Formula 2
         8                        0      -0.0385712708157167                        0       0.0613514280662425       0.0613514280662425                        0
        16                        0      -0.0452338663263199                        0       0.0496428919207549       0.0496428919207549                        0
        32                        0      -0.0754526605986521                        0      -0.0181594798523311      -0.0181594798523311                        0
        64                        0      -0.0838897376662495                        0      -0.0440447599856132      -0.0440447599856132                        0
       128                        0      -0.0868046028323316                        0      -0.0567859919159707      -0.0567859919159707                        0
       256                        0      -0.0879903394601005                        0      -0.0646855844497311      -0.0646855844497311                        0
       512                        0       -0.088493729504117                        0      -0.0701869963511523      -0.0701869963511523                        0
      1024                        0      -0.0887086672559811                        0      -0.0742521788247443      -0.0742521788247443                        0
      2048                        0      -0.0888001139875616                        0      -0.0773549995602453      -0.0773549995602453                        0
      4096                        0      -0.0888388251227061                        0        -0.07976631855729        -0.07976631855729                        0
      8192                        0      -0.0888551371523439                        0      -0.0816588325938512      -0.0816588325938512                        0
