#square and square, nu_xymn_1
#MM NN: 1 3
#quadrature order: 16
#numpanels            c*(gradu.n)^2                      BEM        0.5*(gradu)^2 ex.       Boundary Formula 1       Boundary Formula 2
         8                        0        0.243066736193421                        0        0.262869482645756        0.262869482645756                        0
        16                        0        0.244941937500094                        0        0.262544823262716        0.262544823262716                        0
        32                        0        0.236345160602015                        0        0.243606519979184        0.243606519979184                        0
        64                        0        0.229845610554351                        0        0.230478891388138        0.230478891388138                        0
       128                        0        0.226697053091087                        0        0.225019878218037        0.225019878218037                        0
       256                        0        0.225277401143683                        0        0.223067458920798        0.223067458920798                        0
       512                        0        0.224648776813196                        0        0.222541181175578        0.222541181175578                        0
      1024                        0         0.22437334243526                        0        0.222558546078419        0.222558546078419                        0
      2048                        0        0.224253690663045                        0        0.222756407784208        0.222756407784208                        0
      4096                        0        0.224202092616881                        0         0.22299097360047         0.22299097360047                        0
      8192                        0        0.224179981705946                        0        0.223209655121891        0.223209655121891                        0
