#square and square, nu_xymn_1
#MM NN: 3 1
#quadrature order: 16
#numpanels            c*(gradu.n)^2                      BEM        0.5*(gradu)^2 ex.       Boundary Formula 1       Boundary Formula 2
         8                        0       0.0420358069049585                        0       0.0305514451901976       0.0305514451901976                        0
        16                        0       0.0417388634193874                        0       0.0310814708659091       0.0310814708659091                        0
        32                        0       0.0416174834018303                        0       0.0348085029673776       0.0348085029673776                        0
        64                        0       0.0413464285416698                        0       0.0362245545254775       0.0362245545254775                        0
       128                        0       0.0412060531959356                        0       0.0372257925051916       0.0372257925051916                        0
       256                        0       0.0411498931989068                        0       0.0380184542991081       0.0380184542991081                        0
       512                        0       0.0411277840524035                        0       0.0386518204771458       0.0386518204771458                        0
      1024                        0       0.0411189900563041                        0       0.0391571774954437       0.0391571774954437                        0
      2048                        0       0.0411154568899365                        0       0.0395595938686895       0.0395595938686895                        0
      4096                        0       0.0411140280918647                        0       0.0398795971871278       0.0398795971871278                        0
      8192                        0       0.0411134481800068                        0       0.0401338532721379       0.0401338532721379                        0
