#square and square, nu_xymn_2
#MM NN: 4 3
#quadrature order: 16
#numpanels            c*(gradu.n)^2                      BEM        0.5*(gradu)^2 ex.       Boundary Formula 1       Boundary Formula 2
         8                        0       0.0102762058495637                        0       0.0274752315988575       0.0274752315988575                        0
        16                        0       0.0106432698107121                        0       0.0264504572171466       0.0264504572171466                        0
        32                        0      0.00781033271966695                        0       0.0168004190293511       0.0168004190293511                        0
        64                        0      0.00651611624752193                        0       0.0122255428094162       0.0122255428094162                        0
       128                        0      0.00596276555484941                        0      0.00997272670208462      0.00997272670208462                        0
       256                        0      0.00571558849274795                        0      0.00870279566457944      0.00870279566457944                        0
       512                        0      0.00560524487803268                        0      0.00790031952608275      0.00790031952608275                        0
      1024                        0      0.00555649317752394                        0      0.00734816774078559      0.00734816774078559                        0
      2048                        0      0.00553518616249635                        0      0.00694537069975067      0.00694537069975067                        0
      4096                        0      0.00552595971364287                        0      0.00664051198073781      0.00664051198073781                        0
      8192                        0      0.00552199464337597                        0      0.00640474502460705      0.00640474502460705                        0
