#square and square, nu_xymn_2
#MM NN: 3 2
#quadrature order: 16
#numpanels            c*(gradu.n)^2                      BEM        0.5*(gradu)^2 ex.       Boundary Formula 1       Boundary Formula 2
         8                        0        0.263195628573664                        0        0.284057975231733        0.284057975231733                        0
        16                        0        0.265163100445752                        0        0.283707146805181        0.283707146805181                        0
        32                        0        0.255547647005522                        0        0.263242328938533        0.263242328938533                        0
        64                        0         0.24842548453481                        0        0.249056552941884        0.249056552941884                        0
       128                        0        0.244989301099879                        0         0.24315751813475         0.24315751813475                        0
       256                        0         0.24344312306209                        0        0.241047724838101        0.241047724838101                        0
       512                        0        0.242759328519734                        0        0.240479026679558        0.240479026679558                        0
      1024                        0        0.242459971914506                        0        0.240497791273664        0.240497791273664                        0
      2048                        0        0.242330006505956                        0        0.240711601545482        0.240711601545482                        0
      4096                        0        0.242273986773528                        0         0.24096507444823         0.24096507444823                        0
      8192                        0        0.242249990000156                        0        0.241201382709013        0.241201382709013                        0
