#square and square, nu_xymn_1
#MM NN: 2 1
#quadrature order: 16
#numpanels            c*(gradu.n)^2                      BEM        0.5*(gradu)^2 ex.       Boundary Formula 1       Boundary Formula 2
         8                        0        0.250052308444424                        0        0.196856213935782        0.196856213935782                        0
        16                        0        0.254114371629018                        0        0.200271399278399        0.200271399278399                        0
        32                        0        0.263865391015466                        0        0.224286283816418        0.224286283816418                        0
        64                        0         0.26485637162109                        0        0.233410518258684        0.233410518258684                        0
       128                        0        0.264923911170611                        0        0.239861928877992        0.239861928877992                        0
       256                        0        0.264921895480926                        0        0.244969392656235        0.244969392656235                        0
       512                        0         0.26491661253112                        0         0.24905044568228         0.24905044568228                        0
      1024                        0        0.264913126153453                        0        0.252306680164435        0.252306680164435                        0
      2048                        0        0.264911174626835                        0         0.25489962341703         0.25489962341703                        0
      4096                        0        0.264910161122676                        0        0.256961543608447        0.256961543608447                        0
      8192                        0        0.264909660044185                        0        0.258599825855117        0.258599825855117                        0
