#square and square, nu_xymn_1
#MM NN: 1 2
#quadrature order: 16
#numpanels            c*(gradu.n)^2                      BEM        0.5*(gradu)^2 ex.       Boundary Formula 1       Boundary Formula 2
         8                        0        0.320966249511752                        0        0.280600394405644        0.280600394405644                        0
        16                        0        0.325939521944461                        0        0.283953129590071        0.283953129590071                        0
        32                        0        0.334335805393505                        0        0.300677394028044        0.300677394028044                        0
        64                        0        0.333443006779252                        0        0.304457999729416        0.304457999729416                        0
       128                        0        0.332494813415576                        0        0.308423020239863        0.308423020239863                        0
       256                        0        0.332011377963386                        0        0.312455045507682        0.312455045507682                        0
       512                        0        0.331786996944666                        0        0.316078961842745        0.316078961842745                        0
      1024                        0         0.33168584965186                        0        0.319142424866622        0.319142424866622                        0
      2048                        0        0.331640958993108                        0        0.321654494449366        0.321654494449366                        0
      4096                        0        0.331621257525473                        0        0.323682617193146        0.323682617193146                        0
      8192                        0        0.331612688550328                        0        0.325306819724688        0.325306819724688                        0
