#square and square, nu_xymn_2
#MM NN: 2 3
#quadrature order: 16
#numpanels            c*(gradu.n)^2                      BEM        0.5*(gradu)^2 ex.       Boundary Formula 1       Boundary Formula 2
         8                        0        0.057853395865732                        0       0.0470584614740653       0.0470584614740653                        0
        16                        0       0.0576264536140048                        0       0.0476207363769343       0.0476207363769343                        0
        32                        0       0.0569423553411732                        0       0.0504255013360258       0.0504255013360258                        0
        64                        0       0.0562348118005878                        0       0.0510595328316807       0.0510595328316807                        0
       128                        0       0.0558789389988125                        0       0.0517244918575972       0.0517244918575972                        0
       256                        0       0.0557254195105949                        0       0.0524006880052472       0.0524006880052472                        0
       512                        0       0.0556602839407703                        0       0.0530084417028089       0.0530084417028089                        0
      1024                        0       0.0556326818084702                        0       0.0535222038341688       0.0535222038341688                        0
      2048                        0       0.0556209935367747                        0       0.0539434937968775       0.0539434937968775                        0
      4096                        0       0.0556160528354906                        0        0.054283622812683        0.054283622812683                        0
      8192                        0       0.0556139695217011                        0       0.0545560118536369       0.0545560118536369                        0
