#square and square, nu_xymn_2
#MM NN: 1 3
#quadrature order: 16
#numpanels            c*(gradu.n)^2                      BEM        0.5*(gradu)^2 ex.       Boundary Formula 1       Boundary Formula 2
         8                        0       0.0420358069049586                        0       0.0305514451901975       0.0305514451901975                        0
        16                        0       0.0417388634193879                        0       0.0310814708659097       0.0310814708659097                        0
        32                        0       0.0416174834018302                        0       0.0348085029673776       0.0348085029673776                        0
        64                        0         0.04134642854167                        0       0.0362245545254768       0.0362245545254768                        0
       128                        0       0.0412060531959355                        0        0.037225792505194        0.037225792505194                        0
       256                        0       0.0411498931989065                        0       0.0380184542991042       0.0380184542991042                        0
       512                        0       0.0411277840524037                        0        0.038651820477137        0.038651820477137                        0
      1024                        0       0.0411189900563042                        0       0.0391571774954478       0.0391571774954478                        0
      2048                        0        0.041115456889937                        0       0.0395595938687446       0.0395595938687446                        0
      4096                        0       0.0411140280918647                        0       0.0398795971871198       0.0398795971871198                        0
      8192                        0        0.041113448180006                        0       0.0401338532723504       0.0401338532723504                        0
