#square and square, nu_xymn_1
#MM NN: 3 3
#quadrature order: 16
#numpanels            c*(gradu.n)^2                      BEM        0.5*(gradu)^2 ex.       Boundary Formula 1       Boundary Formula 2
         8                        0        0.041388546904738                        0       0.0440848753901253       0.0440848753901253                        0
        16                        0       0.0415383675917997                        0       0.0440304279575003       0.0440304279575003                        0
        32                        0       0.0397719298068787                        0       0.0408543546759927       0.0408543546759927                        0
        64                        0       0.0385953429775475                        0       0.0386527683040058       0.0386527683040058                        0
       128                        0       0.0380367587483735                        0       0.0377372572567183       0.0377372572567183                        0
       256                        0       0.0377874310140067                        0       0.0374098241877985       0.0374098241877985                        0
       512                        0       0.0376777379794904                        0       0.0373215640802154       0.0373215640802154                        0
      1024                        0       0.0376298947392327                        0       0.0373244762842879       0.0373244762842879                        0
      2048                        0       0.0376091827887978                        0       0.0373576589442012       0.0373576589442012                        0
      4096                        0       0.0376002754687068                        0       0.0373969971156642       0.0373969971156642                        0
      8192                        0       0.0375964670343212                        0       0.0374336713903839       0.0374336713903839                        0
