#square and square, nu_xymn_1
#MM NN: 4 4
#quadrature order: 16
#numpanels            c*(gradu.n)^2                      BEM        0.5*(gradu)^2 ex.       Boundary Formula 1       Boundary Formula 2
         8                        0       -0.064114865869037                        0       -0.147344973395675       -0.147344973395675                        0
        16                        0      -0.0601401822756791                        0       -0.141849283451573       -0.141849283451573                        0
        32                        0      -0.0427030892105875                        0      -0.0900977771928539      -0.0900977771928539                        0
        64                        0      -0.0353378058462702                        0      -0.0655634975639643      -0.0655634975639643                        0
       128                        0      -0.0321409052427427                        0      -0.0534820296350987      -0.0534820296350987                        0
       256                        0      -0.0307173428922379                        0      -0.0466716064267247      -0.0466716064267247                        0
       512                        0      -0.0300859510839197                        0       -0.042368063985136       -0.042368063985136                        0
      1024                        0      -0.0298087718416163                        0      -0.0394069682862509      -0.0394069682862509                        0
      2048                        0      -0.0296882997162986                        0      -0.0372468365663464      -0.0372468365663464                        0
      4096                        0      -0.0296363737871702                        0      -0.0356119313358183      -0.0356119313358183                        0
      8192                        0      -0.0296141448260785                        0      -0.0343475534278702      -0.0343475534278702                        0
