#square and square, nu_xymn_1
#MM NN: 5 5
#quadrature order: 16
#numpanels            c*(gradu.n)^2                      BEM        0.5*(gradu)^2 ex.       Boundary Formula 1       Boundary Formula 2
         8                        0        0.083534703769426                        0      -0.0646998131990179      -0.0646998131990179                        0
        16                        0       0.0918833900586174                        0      -0.0523522587031541      -0.0523522587031541                        0
        32                        0       0.0914072398545045                        0       0.0191505722241473       0.0191505722241473                        0
        64                        0       0.0922960225211529                        0       0.0464485967692207       0.0464485967692207                        0
       128                        0       0.0929302314122132                        0       0.0598852086265588       0.0598852086265588                        0
       256                        0       0.0933215536695772                        0       0.0682159382834269       0.0682159382834269                        0
       512                        0       0.0935294661004832                        0        0.074017601481364        0.074017601481364                        0
      1024                        0        0.093631159806279                        0        0.078304649965017        0.078304649965017                        0
      2048                        0       0.0936785894868223                        0       0.0815768137646957       0.0815768137646957                        0
      4096                        0       0.0937000750858865                        0        0.084119735642628        0.084119735642628                        0
      8192                        0        0.093709623804265                        0       0.0861155376720416       0.0861155376720416                        0
