#square and square, nu_xymn_2
#MM NN: 1 4
#quadrature order: 16
#numpanels            c*(gradu.n)^2                      BEM        0.5*(gradu)^2 ex.       Boundary Formula 1       Boundary Formula 2
         8                        0       -0.215418036299391                        0       -0.163842181368046       -0.163842181368046                        0
        16                        0       -0.220433667341059                        0       -0.166684618521154       -0.166684618521154                        0
        32                        0       -0.222278373434773                        0       -0.186672054982234       -0.186672054982234                        0
        64                        0       -0.221296879255019                        0       -0.194266097580357       -0.194266097580357                        0
       128                        0       -0.220799107361945                        0       -0.199635565821357       -0.199635565821357                        0
       256                        0       -0.220606888118851                        0       -0.203886475609514       -0.203886475609514                        0
       512                        0       -0.220532392944209                        0       -0.207283110222626       -0.207283110222626                        0
      1024                        0       -0.220502724511424                        0       -0.209993253580305       -0.209993253580305                        0
      2048                        0       -0.220490677320872                        0       -0.212151343844405       -0.212151343844405                        0
      4096                        0       -0.220485734637886                        0       -0.213867466973809       -0.213867466973809                        0
      8192                        0       -0.220483697593455                        0       -0.215230998923638       -0.215230998923638                        0
