#square and square, nu_xymn_1
#MM NN: 3 2
#quadrature order: 16
#numpanels            c*(gradu.n)^2                      BEM        0.5*(gradu)^2 ex.       Boundary Formula 1       Boundary Formula 2
         8                        0       0.0578533958657319                        0       0.0470584614740655       0.0470584614740655                        0
        16                        0       0.0576264536140043                        0       0.0476207363769334       0.0476207363769334                        0
        32                        0       0.0569423553411732                        0       0.0504255013360257       0.0504255013360257                        0
        64                        0       0.0562348118005877                        0       0.0510595328316816       0.0510595328316816                        0
       128                        0       0.0558789389988127                        0       0.0517244918575945       0.0517244918575945                        0
       256                        0       0.0557254195105953                        0       0.0524006880052515       0.0524006880052515                        0
       512                        0       0.0556602839407701                        0       0.0530084417028185       0.0530084417028185                        0
      1024                        0       0.0556326818084703                        0       0.0535222038341644       0.0535222038341644                        0
      2048                        0       0.0556209935367743                        0        0.053943493796818        0.053943493796818                        0
      4096                        0       0.0556160528354906                        0       0.0542836228126912       0.0542836228126912                        0
      8192                        0       0.0556139695217019                        0        0.054556011853407        0.054556011853407                        0
