#square and square, nu_xymn_2
#MM NN: 3 3
#quadrature order: 16
#numpanels            c*(gradu.n)^2                      BEM        0.5*(gradu)^2 ex.       Boundary Formula 1       Boundary Formula 2
         8                        0        0.041388546904738                        0       0.0440848753901252       0.0440848753901252                        0
        16                        0          0.0415383675918                        0       0.0440304279575008       0.0440304279575008                        0
        32                        0       0.0397719298068787                        0       0.0408543546759928       0.0408543546759928                        0
        64                        0       0.0385953429775475                        0       0.0386527683040055       0.0386527683040055                        0
       128                        0       0.0380367587483735                        0       0.0377372572567188       0.0377372572567188                        0
       256                        0       0.0377874310140066                        0       0.0374098241877976       0.0374098241877976                        0
       512                        0       0.0376777379794906                        0       0.0373215640802139       0.0373215640802139                        0
      1024                        0       0.0376298947392326                        0       0.0373244762842885       0.0373244762842885                        0
      2048                        0       0.0376091827887979                        0       0.0373576589442105       0.0373576589442105                        0
      4096                        0       0.0376002754687074                        0        0.037396997115664        0.037396997115664                        0
      8192                        0       0.0375964670343208                        0         0.03743367139042         0.03743367139042                        0
