#square and square, nu_xymn_2
#MM NN: 2 2
#quadrature order: 16
#numpanels            c*(gradu.n)^2                      BEM        0.5*(gradu)^2 ex.       Boundary Formula 1       Boundary Formula 2
         8                        0        0.350295107566987                        0        0.303218080249756        0.303218080249756                        0
        16                        0        0.355289863772184                        0        0.306841061351986        0.306841061351986                        0
        32                        0        0.362264063673957                        0        0.324913378631551        0.324913378631551                        0
        64                        0         0.36066321387122                        0        0.328998718587604        0.328998718587604                        0
       128                        0        0.359420560642779                        0        0.333283338036845        0.333283338036845                        0
       256                        0        0.358820220889481                        0        0.337640363135843        0.337640363135843                        0
       512                        0        0.358548757038124                        0        0.341556383840024        0.341556383840024                        0
      1024                        0        0.358428368004181                        0        0.344866776111599        0.344866776111599                        0
      2048                        0        0.358375547316677                        0         0.34758133008807         0.34758133008807                        0
      4096                        0        0.358352565479166                        0        0.349772928877729        0.349772928877729                        0
      8192                        0        0.358342638129749                        0        0.351528049625241        0.351528049625241                        0
