#square and square, nu_xymn_1
#MM NN: 4 5
#quadrature order: 16
#numpanels            c*(gradu.n)^2                      BEM        0.5*(gradu)^2 ex.       Boundary Formula 1       Boundary Formula 2
         8                        0       0.0404227984117219                        0      -0.0510624054148327      -0.0510624054148327                        0
        16                        0        0.047831023151383                        0      -0.0413174648597477      -0.0413174648597477                        0
        32                        0       0.0658356160797574                        0       0.0151140201877783       0.0151140201877783                        0
        64                        0        0.070799338510662                        0       0.0366581750689821       0.0366581750689821                        0
       128                        0       0.0725940520316447                        0       0.0472626217920455       0.0472626217920455                        0
       256                        0       0.0733637955571035                        0       0.0538374026779172       0.0538374026779172                        0
       512                        0       0.0737028813247624                        0       0.0584161929965557       0.0584161929965557                        0
      1024                        0       0.0738512697866021                        0       0.0617996186493001       0.0617996186493001                        0
      2048                        0       0.0739155025309104                        0       0.0643820767162035       0.0643820767162035                        0
      4096                        0       0.0739430502507916                        0       0.0663890022612557       0.0663890022612557                        0
      8192                        0        0.073954780528802                        0       0.0679641297201277       0.0679641297201277                        0
