#square and square, nu_xymn_1
#MM NN: 2 3
#quadrature order: 16
#numpanels            c*(gradu.n)^2                      BEM        0.5*(gradu)^2 ex.       Boundary Formula 1       Boundary Formula 2
         8                        0        0.263195628573665                        0        0.284057975231733        0.284057975231733                        0
        16                        0        0.265163100445751                        0        0.283707146805178        0.283707146805178                        0
        32                        0        0.255547647005522                        0        0.263242328938533        0.263242328938533                        0
        64                        0         0.24842548453481                        0        0.249056552941886        0.249056552941886                        0
       128                        0        0.244989301099879                        0        0.243157518134746        0.243157518134746                        0
       256                        0         0.24344312306209                        0        0.241047724838107        0.241047724838107                        0
       512                        0        0.242759328519733                        0        0.240479026679568        0.240479026679568                        0
      1024                        0        0.242459971914506                        0         0.24049779127366         0.24049779127366                        0
      2048                        0        0.242330006505954                        0        0.240711601545423        0.240711601545423                        0
      4096                        0        0.242273986773528                        0        0.240965074448231        0.240965074448231                        0
      8192                        0        0.242249990000155                        0         0.24120138270878         0.24120138270878                        0
