#square and square, nu_xymn_2
#MM NN: 3 4
#quadrature order: 16
#numpanels            c*(gradu.n)^2                      BEM        0.5*(gradu)^2 ex.       Boundary Formula 1       Boundary Formula 2
         8                        0       -0.220280494099044                        0       -0.236419655577344       -0.236419655577344                        0
        16                        0       -0.222192175053918                        0       -0.236127663297583       -0.236127663297583                        0
        32                        0       -0.213137606668477                        0       -0.219094924866146       -0.219094924866146                        0
        64                        0       -0.206906951142084                        0       -0.207288193256202       -0.207288193256202                        0
       128                        0       -0.203954130681666                        0       -0.202378463908861       -0.202378463908861                        0
       256                        0       -0.202635301451927                        0       -0.200622496296524       -0.200622496296524                        0
       512                        0       -0.202054427667483                        0       -0.200149172417268       -0.200149172417268                        0
      1024                        0       -0.201800786106851                        0        -0.20016479007022        -0.20016479007022                        0
      2048                        0       -0.201690868725386                        0       -0.200342743006697       -0.200342743006697                        0
      4096                        0       -0.201643556403148                        0       -0.200553706899955       -0.200553706899955                        0
      8192                        0       -0.201623312356249                        0       -0.200750384770305       -0.200750384770305                        0
