#square and square, nu_xymn_2
#MM NN: 4 5
#quadrature order: 16
#numpanels            c*(gradu.n)^2                      BEM        0.5*(gradu)^2 ex.       Boundary Formula 1       Boundary Formula 2
         8                        0      -0.0557337531966461                        0       -0.186696889366383       -0.186696889366383                        0
        16                        0      -0.0515168096473821                        0       -0.179733447086401       -0.179733447086401                        0
        32                        0      -0.0478031140163609                        0       -0.114160492571137       -0.114160492571137                        0
        64                        0      -0.0427330368501275                        0      -0.0830737606385993      -0.0830737606385993                        0
       128                        0      -0.0399765122811354                        0      -0.0677656545707769      -0.0677656545707769                        0
       256                        0      -0.0386336584211943                        0      -0.0591363488064571      -0.0591363488064571                        0
       512                        0      -0.0380086357444859                        0      -0.0536834448588045      -0.0536834448588045                        0
      1024                        0      -0.0377255590385224                        0      -0.0499315194054314      -0.0499315194054314                        0
      2048                        0      -0.0375997122968718                        0      -0.0471944740656451      -0.0471944740656451                        0
      4096                        0        -0.03754450918492                        0      -0.0451229292151081      -0.0451229292151081                        0
      8192                        0       -0.037520537696382                        0      -0.0435208696595184      -0.0435208696595184                        0
