#square and square, nu_xymn_1
#MM NN: 5 3
#quadrature order: 16
#numpanels            c*(gradu.n)^2                      BEM        0.5*(gradu)^2 ex.       Boundary Formula 1       Boundary Formula 2
         8                        0       -0.283867333237196                        0       -0.299561045512107       -0.299561045512107                        0
        16                        0       -0.286136804593576                        0       -0.299191069875378       -0.299191069875378                        0
        32                        0       -0.271236635907847                        0       -0.277609340894363       -0.277609340894363                        0
        64                        0       -0.262547156878585                        0       -0.262649345895141       -0.262649345895141                        0
       128                        0       -0.258564392086411                        0       -0.256428358672735       -0.256428358672735                        0
       256                        0       -0.256807394513897                        0       -0.254203418903872       -0.254203418903872                        0
       512                        0       -0.256038753339592                        0       -0.253603682829524       -0.253603682829524                        0
      1024                        0       -0.255704666812967                        0       -0.253623471541389       -0.253623471541389                        0
      2048                        0       -0.255560396013887                        0       -0.253848950965081       -0.253848950965081                        0
      4096                        0       -0.255498472968854                        0       -0.254116257692563       -0.254116257692563                        0
      8192                        0       -0.255472040182639                        0       -0.254365462980798       -0.254365462980798                        0
