#square and square, nu_xymn_1
#MM NN: 3 4
#quadrature order: 16
#numpanels            c*(gradu.n)^2                      BEM        0.5*(gradu)^2 ex.       Boundary Formula 1       Boundary Formula 2
         8                        0       0.0102762058495638                        0       0.0274752315988576       0.0274752315988576                        0
        16                        0       0.0106432698107124                        0       0.0264504572171469       0.0264504572171469                        0
        32                        0      0.00781033271966686                        0        0.016800419029351        0.016800419029351                        0
        64                        0        0.006516116247522                        0       0.0122255428094157       0.0122255428094157                        0
       128                        0      0.00596276555484926                        0      0.00997272670208666      0.00997272670208666                        0
       256                        0      0.00571558849274764                        0      0.00870279566457626      0.00870279566457626                        0
       512                        0      0.00560524487803266                        0       0.0079003195260748       0.0079003195260748                        0
      1024                        0      0.00555649317752396                        0      0.00734816774078943      0.00734816774078943                        0
      2048                        0      0.00553518616249686                        0      0.00694537069980019      0.00694537069980019                        0
      4096                        0      0.00552595971364279                        0      0.00664051198072928      0.00664051198072928                        0
      8192                        0      0.00552199464337526                        0      0.00640474502479748      0.00640474502479748                        0
