#square and square, nu_xymn_1
#MM NN: 5 2
#quadrature order: 16
#numpanels            c*(gradu.n)^2                      BEM        0.5*(gradu)^2 ex.       Boundary Formula 1       Boundary Formula 2
         8                        0       -0.410053503521652                        0       -0.319766854156059       -0.319766854156059                        0
        16                        0       -0.416574883559989                        0       -0.323587567184684       -0.323587567184684                        0
        32                        0       -0.393259412853096                        0       -0.342646219752626       -0.342646219752626                        0
        64                        0       -0.383976902019093                        0       -0.346954525856374       -0.346954525856374                        0
       128                        0       -0.380352950088874                        0       -0.351472987556956       -0.351472987556956                        0
       256                        0       -0.378905179187979                        0       -0.356067806600241       -0.356067806600241                        0
       512                        0       -0.378312661990473                        0       -0.360197552492588       -0.360197552492588                        0
      1024                        0       -0.378067195505817                        0        -0.36368861648786        -0.36368861648786                        0
      2048                        0       -0.377965020355074                        0       -0.366551323041059       -0.366551323041059                        0
      4096                        0       -0.377922446762511                        0       -0.368862533012785       -0.368862533012785                        0
      8192                        0       -0.377904720124316                        0       -0.370713443219535       -0.370713443219535                        0
