#square and square, nu_xymn_2
#MM NN: 3 1
#quadrature order: 16
#numpanels            c*(gradu.n)^2                      BEM        0.5*(gradu)^2 ex.       Boundary Formula 1       Boundary Formula 2
         8                        0        0.243066736193421                        0        0.262869482645755        0.262869482645755                        0
        16                        0        0.244941937500095                        0        0.262544823262719        0.262544823262719                        0
        32                        0        0.236345160602015                        0        0.243606519979185        0.243606519979185                        0
        64                        0        0.229845610554351                        0        0.230478891388136        0.230478891388136                        0
       128                        0        0.226697053091087                        0         0.22501987821804         0.22501987821804                        0
       256                        0        0.225277401143682                        0        0.223067458920792        0.223067458920792                        0
       512                        0        0.224648776813196                        0        0.222541181175568        0.222541181175568                        0
      1024                        0         0.22437334243526                        0        0.222558546078422        0.222558546078422                        0
      2048                        0        0.224253690663046                        0        0.222756407784263        0.222756407784263                        0
      4096                        0        0.224202092616883                        0        0.222990973600469        0.222990973600469                        0
      8192                        0        0.224179981705947                        0        0.223209655122107        0.223209655122107                        0
