  18.1225   18.7128   4.91981  -6.05057   -5.2463   18.7128   15.9997  -1.78807  -11.7312  -5.53291   4.91981  -1.78807  -12.1624  -10.7735   1.36034  -6.05057  -11.7312  -10.7735 -0.189508    10.623   -5.2463  -5.53291   1.36034    10.623   12.5834         0         0         0         0         0         0         0         0         0         0         0         0         0         0         0         0         0         0         0         0         0         0         0         0         0
  18.7128   24.8193    16.418   2.96995  -4.48881   15.9997   19.2916   9.01241  -3.71756  -7.68113  -1.78807  -5.58131  -9.67765  -9.58908  -3.68001  -11.7312  -16.2821   -11.505  -1.22432   7.52802  -5.53291  -4.00924   4.37613   12.5652   13.4148         0         0         0         0         0         0         0         0         0         0         0         0         0         0         0         0         0         0         0         0         0         0         0         0         0
  4.91981    16.418   26.9299   24.0145   9.01983  -1.78807   9.01241   22.5079   20.1959   3.19763  -12.1624  -9.67765  0.165172   0.94534  -7.15455  -10.7735   -11.505  -6.18755  -4.21988  -4.97489   1.36034   4.37613   6.53062   5.60568   4.29013         0         0         0         0         0         0         0         0         0         0         0         0         0         0         0         0         0         0         0         0         0         0         0         0         0
 -6.05057   2.96995   24.0145   38.4797   32.8608  -11.7312  -3.71756   20.1959   36.2617   28.2034  -10.7735  -9.58908   0.94534   6.63762  -0.25242 -0.189508  -1.22432  -4.21988  -9.37504  -13.4457    10.623   12.5652   5.60568  -2.57828  -3.96711         0         0         0         0         0         0         0         0         0         0         0         0         0         0         0         0         0         0         0         0         0         0         0         0         0
  -5.2463  -4.48881   9.01983   32.8608   50.0528  -5.53291  -7.68113   3.19763   28.2034   47.6784   1.36034  -3.68001  -7.15455  -0.25242    8.4813    10.623   7.52802  -4.97489  -13.4457  -14.3819   12.5834   13.4148   4.29013  -3.96711  -5.00194         0         0         0         0         0         0         0         0         0         0         0         0         0         0         0         0         0         0         0         0         0         0         0         0         0
  18.7128   15.9997  -1.78807  -11.7312  -5.53291   24.8193   19.2916  -5.58131  -16.2821  -4.00924    16.418   9.01241  -9.67765   -11.505   4.37613   2.96995  -3.71756  -9.58908  -1.22432   12.5652  -4.48881  -7.68113  -3.68001   7.52802   13.4148         0         0         0         0         0         0         0         0         0         0         0         0         0         0         0         0         0         0         0         0         0         0         0         0         0
  15.9997   19.2916   9.01241  -3.71756  -7.68113   19.2916   22.6763   9.64915  -5.08113  -7.81371   9.01241   9.64915   2.66702  -2.77195 -0.204702  -3.71756  -5.08113  -2.77195   2.81053   8.30402  -7.68113  -7.81371 -0.204702   8.30402    10.114         0         0         0         0         0         0         0         0         0         0         0         0         0         0         0         0         0         0         0         0         0         0         0         0         0
 -1.78807   9.01241   22.5079   20.1959   3.19763  -5.58131   9.64915   30.4101   27.6818   3.38049  -9.67765   2.66702   22.2461   20.6684  0.454777  -9.58908  -2.77195   9.82664   8.72364  -2.64608  -3.68001 -0.204702   4.28525   1.44789  -3.94358         0         0         0         0         0         0         0         0         0         0         0         0         0         0         0         0         0         0         0         0         0         0         0         0         0
 -11.7312  -3.71756   20.1959   36.2617   28.2034  -16.2821  -5.08113   27.6818   48.4095   35.3843   -11.505  -2.77195   20.6684   32.8745   19.6375  -1.22432   2.81053   8.72364   7.57412  -1.74461   7.52802   8.30402   1.44789  -7.77869  -11.4868         0         0         0         0         0         0         0         0         0         0         0         0         0         0         0         0         0         0         0         0         0         0         0         0         0
 -5.53291  -7.68113   3.19763   28.2034   47.6784  -4.00924  -7.81371   3.38049   35.3843   61.8502   4.37613 -0.204702  0.454777   19.6375   39.3259   12.5652   8.30402  -2.64608  -1.74461   6.96342   13.4148    10.114  -3.94358  -11.4868  -8.19518         0         0         0         0         0         0         0         0         0         0         0         0         0         0         0         0         0         0         0         0         0         0         0         0         0
  4.91981  -1.78807  -12.1624  -10.7735   1.36034    16.418   9.01241  -9.67765   -11.505   4.37613   26.9299   22.5079  0.165172  -6.18755   6.53062   24.0145   20.1959   0.94534  -4.21988   5.60568   9.01983   3.19763  -7.15455  -4.97489   4.29013         0         0         0         0         0         0         0         0         0         0         0         0         0         0         0         0         0         0         0         0         0         0         0         0         0
 -1.78807  -5.58131  -9.67765  -9.58908  -3.68001   9.01241   9.64915   2.66702  -2.77195 -0.204702   22.5079   30.4101   22.2461   9.82664   4.28525   20.1959   27.6818   20.6684   8.72364   1.44789   3.19763   3.38049  0.454777  -2.64608  -3.94358         0         0         0         0         0         0         0         0         0         0         0         0         0         0         0         0         0         0         0         0         0         0         0         0         0
 -12.1624  -9.67765  0.165172   0.94534  -7.15455  -9.67765   2.66702   22.2461   20.6684  0.454777  0.165172   22.2461   46.6402   40.7209   10.4871   0.94534   20.6684   40.7209   32.5361   3.90634  -7.15455  0.454777   10.4871   3.90634  -12.3081         0         0         0         0         0         0         0         0         0         0         0         0         0         0         0         0         0         0         0         0         0         0         0         0         0
 -10.7735  -9.58908   0.94534   6.63762  -0.25242   -11.505  -2.77195   20.6684   32.8745   19.6375  -6.18755   9.82664   40.7209   56.0046   39.3436  -4.21988   8.72364   32.5361   42.9258   28.1712  -4.97489  -2.64608   3.90634   4.27037  -4.14528         0         0         0         0         0         0         0         0         0         0         0         0         0         0         0         0         0         0         0         0         0         0         0         0         0
  1.36034  -3.68001  -7.15455  -0.25242    8.4813   4.37613 -0.204702  0.454777   19.6375   39.3259   6.53062   4.28525   10.4871   39.3436   67.0204   5.60568   1.44789   3.90634   28.1712   53.9178   4.29013  -3.94358  -12.3081  -4.14528   11.3168         0         0         0         0         0         0         0         0         0         0         0         0         0         0         0         0         0         0         0         0         0         0         0         0         0
 -6.05057  -11.7312  -10.7735 -0.189508    10.623   2.96995  -3.71756  -9.58908  -1.22432   12.5652   24.0145   20.1959   0.94534  -4.21988   5.60568   38.4797   36.2617   6.63762  -9.37504  -2.57828   32.8608   28.2034  -0.25242  -13.4457  -3.96711         0         0         0         0         0         0         0         0         0         0         0         0         0         0         0         0         0         0         0         0         0         0         0         0         0
 -11.7312  -16.2821   -11.505  -1.22432   7.52802  -3.71756  -5.08113  -2.77195   2.81053   8.30402   20.1959   27.6818   20.6684   8.72364   1.44789   36.2617   48.4095   32.8745   7.57412  -7.77869   28.2034   35.3843   19.6375  -1.74461  -11.4868         0         0         0         0         0         0         0         0         0         0         0         0         0         0         0         0         0         0         0         0         0         0         0         0         0
 -10.7735   -11.505  -6.18755  -4.21988  -4.97489  -9.58908  -2.77195   9.82664   8.72364  -2.64608   0.94534   20.6684   40.7209   32.5361   3.90634   6.63762   32.8745   56.0046   42.9258   4.27037  -0.25242   19.6375   39.3436   28.1712  -4.14528         0         0         0         0         0         0         0         0         0         0         0         0         0         0         0         0         0         0         0         0         0         0         0         0         0
-0.189508  -1.22432  -4.21988  -9.37504  -13.4457  -1.22432   2.81053   8.72364   7.57412  -1.74461  -4.21988   8.72364   32.5361   42.9258   28.1712  -9.37504   7.57412   42.9258   61.6461   44.1897  -13.4457  -1.74461   28.1712   44.1897   28.8417         0         0         0         0         0         0         0         0         0         0         0         0         0         0         0         0         0         0         0         0         0         0         0         0         0
   10.623   7.52802  -4.97489  -13.4457  -14.3819   12.5652   8.30402  -2.64608  -1.74461   6.96342   5.60568   1.44789   3.90634   28.1712   53.9178  -2.57828  -7.77869   4.27037   44.1897   80.2807  -3.96711  -11.4868  -4.14528   28.8417   59.4314         0         0         0         0         0         0         0         0         0         0         0         0         0         0         0         0         0         0         0         0         0         0         0         0         0
  -5.2463  -5.53291   1.36034    10.623   12.5834  -4.48881  -7.68113  -3.68001   7.52802   13.4148   9.01983   3.19763  -7.15455  -4.97489   4.29013   32.8608   28.2034  -0.25242  -13.4457  -3.96711   50.0528   47.6784    8.4813  -14.3819  -5.00194         0         0         0         0         0         0         0         0         0         0         0         0         0         0         0         0         0         0         0         0         0         0         0         0         0
 -5.53291  -4.00924   4.37613   12.5652   13.4148  -7.68113  -7.81371 -0.204702   8.30402    10.114   3.19763   3.38049  0.454777  -2.64608  -3.94358   28.2034   35.3843   19.6375  -1.74461  -11.4868   47.6784   61.8502   39.3259   6.96342  -8.19518         0         0         0         0         0         0         0         0         0         0         0         0         0         0         0         0         0         0         0         0         0         0         0         0         0
  1.36034   4.37613   6.53062   5.60568   4.29013  -3.68001 -0.204702   4.28525   1.44789  -3.94358  -7.15455  0.454777   10.4871   3.90634  -12.3081  -0.25242   19.6375   39.3436   28.1712  -4.14528    8.4813   39.3259   67.0204   53.9178   11.3168         0         0         0         0         0         0         0         0         0         0         0         0         0         0         0         0         0         0         0         0         0         0         0         0         0
   10.623   12.5652   5.60568  -2.57828  -3.96711   7.52802   8.30402   1.44789  -7.77869  -11.4868  -4.97489  -2.64608   3.90634   4.27037  -4.14528  -13.4457  -1.74461   28.1712   44.1897   28.8417  -14.3819   6.96342   53.9178   80.2807   59.4314         0         0         0         0         0         0         0         0         0         0         0         0         0         0         0         0         0         0         0         0         0         0         0         0         0
  12.5834   13.4148   4.29013  -3.96711  -5.00194   13.4148    10.114  -3.94358  -11.4868  -8.19518   4.29013  -3.94358  -12.3081  -4.14528   11.3168  -3.96711  -11.4868  -4.14528   28.8417   59.4314  -5.00194  -8.19518   11.3168   59.4314   96.9936         0         0         0         0         0         0         0         0         0         0         0         0         0         0         0         0         0         0         0         0         0         0         0         0         0
        0         0         0         0         0         0         0         0         0         0         0         0         0         0         0         0         0         0         0         0         0         0         0         0         0   18.1225   18.7128   4.91981  -6.05057   -5.2463   18.7128   15.9997  -1.78807  -11.7312  -5.53291   4.91981  -1.78807  -12.1624  -10.7735   1.36034  -6.05057  -11.7312  -10.7735 -0.189508    10.623   -5.2463  -5.53291   1.36034    10.623   12.5834
        0         0         0         0         0         0         0         0         0         0         0         0         0         0         0         0         0         0         0         0         0         0         0         0         0   18.7128   24.8193    16.418   2.96995  -4.48881   15.9997   19.2916   9.01241  -3.71756  -7.68113  -1.78807  -5.58131  -9.67765  -9.58908  -3.68001  -11.7312  -16.2821   -11.505  -1.22432   7.52802  -5.53291  -4.00924   4.37613   12.5652   13.4148
        0         0         0         0         0         0         0         0         0         0         0         0         0         0         0         0         0         0         0         0         0         0         0         0         0   4.91981    16.418   26.9299   24.0145   9.01983  -1.78807   9.01241   22.5079   20.1959   3.19763  -12.1624  -9.67765  0.165172   0.94534  -7.15455  -10.7735   -11.505  -6.18755  -4.21988  -4.97489   1.36034   4.37613   6.53062   5.60568   4.29013
        0         0         0         0         0         0         0         0         0         0         0         0         0         0         0         0         0         0         0         0         0         0         0         0         0  -6.05057   2.96995   24.0145   38.4797   32.8608  -11.7312  -3.71756   20.1959   36.2617   28.2034  -10.7735  -9.58908   0.94534   6.63762  -0.25242 -0.189508  -1.22432  -4.21988  -9.37504  -13.4457    10.623   12.5652   5.60568  -2.57828  -3.96711
        0         0         0         0         0         0         0         0         0         0         0         0         0         0         0         0         0         0         0         0         0         0         0         0         0   -5.2463  -4.48881   9.01983   32.8608   50.0528  -5.53291  -7.68113   3.19763   28.2034   47.6784   1.36034  -3.68001  -7.15455  -0.25242    8.4813    10.623   7.52802  -4.97489  -13.4457  -14.3819   12.5834   13.4148   4.29013  -3.96711  -5.00194
        0         0         0         0         0         0         0         0         0         0         0         0         0         0         0         0         0         0         0         0         0         0         0         0         0   18.7128   15.9997  -1.78807  -11.7312  -5.53291   24.8193   19.2916  -5.58131  -16.2821  -4.00924    16.418   9.01241  -9.67765   -11.505   4.37613   2.96995  -3.71756  -9.58908  -1.22432   12.5652  -4.48881  -7.68113  -3.68001   7.52802   13.4148
        0         0         0         0         0         0         0         0         0         0         0         0         0         0         0         0         0         0         0         0         0         0         0         0         0   15.9997   19.2916   9.01241  -3.71756  -7.68113   19.2916   22.6763   9.64915  -5.08113  -7.81371   9.01241   9.64915   2.66702  -2.77195 -0.204702  -3.71756  -5.08113  -2.77195   2.81053   8.30402  -7.68113  -7.81371 -0.204702   8.30402    10.114
        0         0         0         0         0         0         0         0         0         0         0         0         0         0         0         0         0         0         0         0         0         0         0         0         0  -1.78807   9.01241   22.5079   20.1959   3.19763  -5.58131   9.64915   30.4101   27.6818   3.38049  -9.67765   2.66702   22.2461   20.6684  0.454777  -9.58908  -2.77195   9.82664   8.72364  -2.64608  -3.68001 -0.204702   4.28525   1.44789  -3.94358
        0         0         0         0         0         0         0         0         0         0         0         0         0         0         0         0         0         0         0         0         0         0         0         0         0  -11.7312  -3.71756   20.1959   36.2617   28.2034  -16.2821  -5.08113   27.6818   48.4095   35.3843   -11.505  -2.77195   20.6684   32.8745   19.6375  -1.22432   2.81053   8.72364   7.57412  -1.74461   7.52802   8.30402   1.44789  -7.77869  -11.4868
        0         0         0         0         0         0         0         0         0         0         0         0         0         0         0         0         0         0         0         0         0         0         0         0         0  -5.53291  -7.68113   3.19763   28.2034   47.6784  -4.00924  -7.81371   3.38049   35.3843   61.8502   4.37613 -0.204702  0.454777   19.6375   39.3259   12.5652   8.30402  -2.64608  -1.74461   6.96342   13.4148    10.114  -3.94358  -11.4868  -8.19518
        0         0         0         0         0         0         0         0         0         0         0         0         0         0         0         0         0         0         0         0         0         0         0         0         0   4.91981  -1.78807  -12.1624  -10.7735   1.36034    16.418   9.01241  -9.67765   -11.505   4.37613   26.9299   22.5079  0.165172  -6.18755   6.53062   24.0145   20.1959   0.94534  -4.21988   5.60568   9.01983   3.19763  -7.15455  -4.97489   4.29013
        0         0         0         0         0         0         0         0         0         0         0         0         0         0         0         0         0         0         0         0         0         0         0         0         0  -1.78807  -5.58131  -9.67765  -9.58908  -3.68001   9.01241   9.64915   2.66702  -2.77195 -0.204702   22.5079   30.4101   22.2461   9.82664   4.28525   20.1959   27.6818   20.6684   8.72364   1.44789   3.19763   3.38049  0.454777  -2.64608  -3.94358
        0         0         0         0         0         0         0         0         0         0         0         0         0         0         0         0         0         0         0         0         0         0         0         0         0  -12.1624  -9.67765  0.165172   0.94534  -7.15455  -9.67765   2.66702   22.2461   20.6684  0.454777  0.165172   22.2461   46.6402   40.7209   10.4871   0.94534   20.6684   40.7209   32.5361   3.90634  -7.15455  0.454777   10.4871   3.90634  -12.3081
        0         0         0         0         0         0         0         0         0         0         0         0         0         0         0         0         0         0         0         0         0         0         0         0         0  -10.7735  -9.58908   0.94534   6.63762  -0.25242   -11.505  -2.77195   20.6684   32.8745   19.6375  -6.18755   9.82664   40.7209   56.0046   39.3436  -4.21988   8.72364   32.5361   42.9258   28.1712  -4.97489  -2.64608   3.90634   4.27037  -4.14528
        0         0         0         0         0         0         0         0         0         0         0         0         0         0         0         0         0         0         0         0         0         0         0         0         0   1.36034  -3.68001  -7.15455  -0.25242    8.4813   4.37613 -0.204702  0.454777   19.6375   39.3259   6.53062   4.28525   10.4871   39.3436   67.0204   5.60568   1.44789   3.90634   28.1712   53.9178   4.29013  -3.94358  -12.3081  -4.14528   11.3168
        0         0         0         0         0         0         0         0         0         0         0         0         0         0         0         0         0         0         0         0         0         0         0         0         0  -6.05057  -11.7312  -10.7735 -0.189508    10.623   2.96995  -3.71756  -9.58908  -1.22432   12.5652   24.0145   20.1959   0.94534  -4.21988   5.60568   38.4797   36.2617   6.63762  -9.37504  -2.57828   32.8608   28.2034  -0.25242  -13.4457  -3.96711
        0         0         0         0         0         0         0         0         0         0         0         0         0         0         0         0         0         0         0         0         0         0         0         0         0  -11.7312  -16.2821   -11.505  -1.22432   7.52802  -3.71756  -5.08113  -2.77195   2.81053   8.30402   20.1959   27.6818   20.6684   8.72364   1.44789   36.2617   48.4095   32.8745   7.57412  -7.77869   28.2034   35.3843   19.6375  -1.74461  -11.4868
        0         0         0         0         0         0         0         0         0         0         0         0         0         0         0         0         0         0         0         0         0         0         0         0         0  -10.7735   -11.505  -6.18755  -4.21988  -4.97489  -9.58908  -2.77195   9.82664   8.72364  -2.64608   0.94534   20.6684   40.7209   32.5361   3.90634   6.63762   32.8745   56.0046   42.9258   4.27037  -0.25242   19.6375   39.3436   28.1712  -4.14528
        0         0         0         0         0         0         0         0         0         0         0         0         0         0         0         0         0         0         0         0         0         0         0         0         0 -0.189508  -1.22432  -4.21988  -9.37504  -13.4457  -1.22432   2.81053   8.72364   7.57412  -1.74461  -4.21988   8.72364   32.5361   42.9258   28.1712  -9.37504   7.57412   42.9258   61.6461   44.1897  -13.4457  -1.74461   28.1712   44.1897   28.8417
        0         0         0         0         0         0         0         0         0         0         0         0         0         0         0         0         0         0         0         0         0         0         0         0         0    10.623   7.52802  -4.97489  -13.4457  -14.3819   12.5652   8.30402  -2.64608  -1.74461   6.96342   5.60568   1.44789   3.90634   28.1712   53.9178  -2.57828  -7.77869   4.27037   44.1897   80.2807  -3.96711  -11.4868  -4.14528   28.8417   59.4314
        0         0         0         0         0         0         0         0         0         0         0         0         0         0         0         0         0         0         0         0         0         0         0         0         0   -5.2463  -5.53291   1.36034    10.623   12.5834  -4.48881  -7.68113  -3.68001   7.52802   13.4148   9.01983   3.19763  -7.15455  -4.97489   4.29013   32.8608   28.2034  -0.25242  -13.4457  -3.96711   50.0528   47.6784    8.4813  -14.3819  -5.00194
        0         0         0         0         0         0         0         0         0         0         0         0         0         0         0         0         0         0         0         0         0         0         0         0         0  -5.53291  -4.00924   4.37613   12.5652   13.4148  -7.68113  -7.81371 -0.204702   8.30402    10.114   3.19763   3.38049  0.454777  -2.64608  -3.94358   28.2034   35.3843   19.6375  -1.74461  -11.4868   47.6784   61.8502   39.3259   6.96342  -8.19518
        0         0         0         0         0         0         0         0         0         0         0         0         0         0         0         0         0         0         0         0         0         0         0         0         0   1.36034   4.37613   6.53062   5.60568   4.29013  -3.68001 -0.204702   4.28525   1.44789  -3.94358  -7.15455  0.454777   10.4871   3.90634  -12.3081  -0.25242   19.6375   39.3436   28.1712  -4.14528    8.4813   39.3259   67.0204   53.9178   11.3168
        0         0         0         0         0         0         0         0         0         0         0         0         0         0         0         0         0         0         0         0         0         0         0         0         0    10.623   12.5652   5.60568  -2.57828  -3.96711   7.52802   8.30402   1.44789  -7.77869  -11.4868  -4.97489  -2.64608   3.90634   4.27037  -4.14528  -13.4457  -1.74461   28.1712   44.1897   28.8417  -14.3819   6.96342   53.9178   80.2807   59.4314
        0         0         0         0         0         0         0         0         0         0         0         0         0         0         0         0         0         0         0         0         0         0         0         0         0   12.5834   13.4148   4.29013  -3.96711  -5.00194   13.4148    10.114  -3.94358  -11.4868  -8.19518   4.29013  -3.94358  -12.3081  -4.14528   11.3168  -3.96711  -11.4868  -4.14528   28.8417   59.4314  -5.00194  -8.19518   11.3168   59.4314   96.9936
