#square and square, nu_xymn_1
#MM NN: 2 4
#quadrature order: 16
#numpanels            c*(gradu.n)^2                      BEM        0.5*(gradu)^2 ex.       Boundary Formula 1       Boundary Formula 2
        28                        0         0.18618998802017                        0        0.100237190425156        0.100237190425156                        0
        56                        0        0.187643603780578                        0        0.102510331619228        0.102510331619228                        0
       112                        0        0.201764840740112                        0        0.140807680890261        0.140807680890261                        0
       224                        0        0.208162716451452                        0        0.162804918964026        0.162804918964026                        0
       448                        0        0.211175101284961                        0        0.176608930965393        0.176608930965393                        0
       896                        0        0.212528754455499                        0        0.185708480776443        0.185708480776443                        0
      1792                        0        0.213123547268072                        0        0.192087238794768        0.192087238794768                        0
      3584                        0        0.213381804642328                        0        0.196785690489734        0.196785690489734                        0
      7168                        0         0.21349305973045                        0        0.200360586698239        0.200360586698239                        0
