#square and square, nu_xymn_2
#MM NN: 2 2
#quadrature order: 16
#numpanels            c*(gradu.n)^2                      BEM        0.5*(gradu)^2 ex.       Boundary Formula 1       Boundary Formula 2
        28                        0        0.246450746633349                        0        0.167061984041926        0.167061984041926                        0
        56                        0        0.248221085135523                        0        0.169630370803602        0.169630370803602                        0
       112                        0        0.258439185355605                        0        0.201984079569899        0.201984079569899                        0
       224                        0        0.262630960943286                        0        0.219422906912395        0.219422906912395                        0
       448                        0        0.264502773328008                        0        0.230855785433741        0.230855785433741                        0
       896                        0        0.265320678013365                        0        0.238877074031086        0.238877074031086                        0
      1792                        0        0.265673649823335                        0         0.24478899804332         0.24478899804332                        0
      3584                        0         0.26582482888348                        0         0.24928933122338         0.24928933122338                        0
      7168                        0        0.265889219984207                        0        0.252780898724437        0.252780898724437                        0
