#square and square, nu_xymn_1
#MM NN: 2 5
#quadrature order: 16
#numpanels            c*(gradu.n)^2                      BEM        0.5*(gradu)^2 ex.       Boundary Formula 1       Boundary Formula 2
        28                        0         0.17040830033633                        0        0.083530992020963        0.083530992020963                        0
        56                        0        0.171685951130082                        0       0.0855269581739491       0.0855269581739491                        0
       112                        0        0.185526068280534                        0        0.122914850546974        0.122914850546974                        0
       224                        0         0.19255079353485                        0        0.146223630112707        0.146223630112707                        0
       448                        0        0.196013538307382                        0        0.161002666153118        0.161002666153118                        0
       896                        0         0.19759800852832                        0        0.170591112288815        0.170591112288815                        0
      1792                        0        0.198300273630105                        0         0.17718828525963         0.17718828525963                        0
      3584                        0        0.198606827689805                        0        0.181980414562604        0.181980414562604                        0
      7168                        0        0.198739423710997                        0        0.185594876945303        0.185594876945303                        0
