#square and square, nu_xymn_1
#MM NN: 3 1
#quadrature order: 16
#numpanels            c*(gradu.n)^2                      BEM        0.5*(gradu)^2 ex.       Boundary Formula 1       Boundary Formula 2
        28                        0        0.314467981202309                        0        0.250592976062889        0.250592976062889                        0
        56                        0        0.316371839732856                        0        0.252005192415179        0.252005192415179                        0
       112                        0        0.324198928812656                        0        0.274385117122697        0.274385117122697                        0
       224                        0        0.326969968343835                        0        0.286501044411899        0.286501044411899                        0
       448                        0        0.328036881672027                        0        0.295487743816323        0.295487743816323                        0
       896                        0        0.328451572647986                        0        0.302445557530947        0.302445557530947                        0
      1792                        0        0.328614590150282                        0         0.30790410407446         0.30790410407446                        0
      3584                        0        0.328679231907806                        0        0.312213017390462        0.312213017390462                        0
      7168                        0        0.328705003047641                        0        0.315624231204744        0.315624231204744                        0
