#square and square, nu_xymn_2
#MM NN: 2 4
#quadrature order: 16
#numpanels            c*(gradu.n)^2                      BEM        0.5*(gradu)^2 ex.       Boundary Formula 1       Boundary Formula 2
        28                        0        0.234642888171652                        0        0.167061984041926        0.167061984041926                        0
        56                        0        0.237019400658479                        0        0.169630370803602        0.169630370803602                        0
       112                        0         0.25480836718446                        0        0.201984079569899        0.201984079569899                        0
       224                        0        0.261370310574594                        0        0.219422906912395        0.219422906912395                        0
       448                        0         0.26404800938582                        0        0.230855785433741        0.230855785433741                        0
       896                        0        0.265150608963964                        0        0.238877074031086        0.238877074031086                        0
      1792                        0        0.265608405411189                        0         0.24478899804332         0.24478899804332                        0
      3584                        0         0.26579940724536                        0         0.24928933122338         0.24928933122338                        0
      7168                        0        0.265879228158268                        0        0.252780898724437        0.252780898724437                        0
