#square and square, nu_xymn_2
#MM NN: 4 4
#quadrature order: 16
#numpanels            c*(gradu.n)^2                      BEM        0.5*(gradu)^2 ex.       Boundary Formula 1       Boundary Formula 2
        28                        0        0.174382129558474                        0        0.100237190425155        0.100237190425155                        0
        56                        0        0.176441919303533                        0        0.102510331619228        0.102510331619228                        0
       112                        0        0.198134022568966                        0        0.140807680890259        0.140807680890259                        0
       224                        0        0.206902066082761                        0        0.162804918964021        0.162804918964021                        0
       448                        0        0.210720337342773                        0        0.176608930965392        0.176608930965392                        0
       896                        0        0.212358685406098                        0        0.185708480776439        0.185708480776439                        0
      1792                        0        0.213058302855926                        0        0.192087238794751        0.192087238794751                        0
      3584                        0        0.213356383004206                        0        0.196785690489711        0.196785690489711                        0
      7168                        0        0.213483067904513                        0        0.200360586698235        0.200360586698235                        0
