#square and square, nu_xymn_1
#MM NN: 1 5
#quadrature order: 16
#numpanels            c*(gradu.n)^2                      BEM        0.5*(gradu)^2 ex.       Boundary Formula 1       Boundary Formula 2
        28                        0        0.171445234445794                        0        0.083530992020963        0.083530992020963                        0
        56                        0        0.172258417660865                        0       0.0855269581739491       0.0855269581739491                        0
       112                        0         0.18573056734032                        0        0.122914850546974        0.122914850546974                        0
       224                        0        0.192626699938293                        0        0.146223630112707        0.146223630112707                        0
       448                        0        0.196042110103317                        0        0.161002666153118        0.161002666153118                        0
       896                        0        0.197608935983685                        0        0.170591112288815        0.170591112288815                        0
      1792                        0        0.198304507678369                        0         0.17718828525963         0.17718828525963                        0
      3584                        0        0.198608483164549                        0        0.181980414562604        0.181980414562604                        0
      7168                        0        0.198740074760213                        0        0.185594876945303        0.185594876945303                        0
