#square and square, nu_xymn_2
#MM NN: 4 5
#quadrature order: 16
#numpanels            c*(gradu.n)^2                      BEM        0.5*(gradu)^2 ex.       Boundary Formula 1       Boundary Formula 2
        28                        0        0.169408289552399                        0        0.100237190425155        0.100237190425155                        0
        56                        0        0.171587731571273                        0        0.102510331619228        0.102510331619228                        0
       112                        0        0.196319105796516                        0        0.140807680890259        0.140807680890259                        0
       224                        0        0.206247699337946                        0        0.162804918964021        0.162804918964021                        0
       448                        0        0.210485149017251                        0        0.176608930965392        0.176608930965392                        0
       896                        0        0.212271739292388                        0        0.185708480776439        0.185708480776439                        0
      1792                        0         0.21302525837589                        0        0.192087238794751        0.192087238794751                        0
      3584                        0        0.213343583285228                        0        0.196785690489711        0.196785690489711                        0
      7168                        0        0.213478053739722                        0        0.200360586698235        0.200360586698235                        0
