#square and square, nu_xymn_1
#MM NN: 2 3
#quadrature order: 16
#numpanels            c*(gradu.n)^2                      BEM        0.5*(gradu)^2 ex.       Boundary Formula 1       Boundary Formula 2
        28                        0        0.549514645083828                        0        0.436324836291421        0.436324836291421                        0
        56                        0        0.564385037116504                        0        0.453201463467462        0.453201463467462                        0
       112                        0        0.637838166205227                        0         0.56170489828618         0.56170489828618                        0
       224                        0        0.678672839035647                        0        0.621265268113868        0.621265268113868                        0
       448                        0        0.705977120655253                        0         0.66182488531415         0.66182488531415                        0
       896                        0        0.726765611442249                        0        0.692274365123666        0.692274365123666                        0
      1792                        0        0.741879539339961                        0        0.714721442301653        0.714721442301653                        0
      3584                        0        0.753771311470344                        0        0.732301305284059        0.732301305284059                        0
      7168                        0        0.762911455648817                        0        0.745904290396666        0.745904290396666                        0
