#square and square, nu_xymn_1
#MM NN: 1 3
#quadrature order: 16
#numpanels            c*(gradu.n)^2                      BEM        0.5*(gradu)^2 ex.       Boundary Formula 1       Boundary Formula 2
        28                        0        0.550551579193292                        0        0.436324836291421        0.436324836291421                        0
        56                        0        0.564957503647286                        0        0.453201463467462        0.453201463467462                        0
       112                        0        0.638042665265014                        0         0.56170489828618         0.56170489828618                        0
       224                        0         0.67874874543909                        0        0.621265268113868        0.621265268113868                        0
       448                        0        0.706005692451189                        0         0.66182488531415         0.66182488531415                        0
       896                        0        0.726776538897615                        0        0.692274365123666        0.692274365123666                        0
      1792                        0        0.741883773388225                        0        0.714721442301653        0.714721442301653                        0
      3584                        0        0.753772966945087                        0        0.732301305284059        0.732301305284059                        0
      7168                        0        0.762912106698035                        0        0.745904290396666        0.745904290396666                        0
