#square and square, nu_xymn_1
#MM NN: 3 5
#quadrature order: 16
#numpanels            c*(gradu.n)^2                      BEM        0.5*(gradu)^2 ex.       Boundary Formula 1       Boundary Formula 2
        28                        0        0.446692682647349                        0        0.337381636793587        0.337381636793587                        0
        56                        0        0.456574468261781                        0        0.348200735861499        0.348200735861499                        0
       112                        0        0.530132071575137                        0        0.450652299231214        0.450652299231214                        0
       224                        0         0.57589029086933                        0        0.516559773722492        0.516559773722492                        0
       448                        0         0.60648848586227                        0        0.561449289124044        0.561449289124044                        0
       896                        0        0.628362904023883                        0        0.593504816920771        0.593504816920771                        0
      1792                        0        0.644189759129829                        0        0.616884680513209        0.616884680513209                        0
      3584                        0         0.65627658997525                        0        0.634748250368015        0.634748250368015                        0
      7168                        0        0.665558818062079                        0        0.648528533579987        0.648528533579987                        0
