#square and square, nu_xymn_1
#MM NN: 4 2
#quadrature order: 16
#numpanels            c*(gradu.n)^2                      BEM        0.5*(gradu)^2 ex.       Boundary Formula 1       Boundary Formula 2
        28                        0        0.620048500866007                        0        0.522822616667336        0.522822616667336                        0
        56                        0         0.64094285861522                        0        0.545487892921929        0.545487892921929                        0
       112                        0        0.720092628368334                        0        0.651388387664063        0.651388387664063                        0
       224                        0        0.759764211239163                        0        0.705017124242924        0.705017124242924                        0
       448                        0        0.785822299101328                        0        0.742689691853412        0.742689691853412                        0
       896                        0        0.806493190564692                        0        0.772395710994529        0.772395710994529                        0
      1792                        0        0.821276289974422                        0        0.794272187250504        0.794272187250504                        0
      3584                        0        0.833147362041418                        0        0.811737998247199        0.811737998247199                        0
      7168                        0        0.842211872810622                        0        0.825228686326518        0.825228686326518                        0
