#square and square, nu_xymn_1
#MM NN: 2 5
#quadrature order: 16
#numpanels            c*(gradu.n)^2                      BEM        0.5*(gradu)^2 ex.       Boundary Formula 1       Boundary Formula 2
        28                        0        0.452700633589736                        0        0.337381636793587        0.337381636793587                        0
        56                        0        0.462197979607031                        0        0.348200735861499        0.348200735861499                        0
       112                        0        0.531944393859864                        0        0.450652299231214        0.450652299231214                        0
       224                        0        0.576518901905086                        0        0.516559773722492        0.516559773722492                        0
       448                        0         0.60671537817941                        0        0.561449289124044        0.561449289124044                        0
       896                        0        0.628447822151189                        0        0.593504816920771        0.593504816920771                        0
      1792                        0        0.644222355810491                        0        0.616884680513209        0.616884680513209                        0
      3584                        0        0.656289295424092                        0        0.634748250368015        0.634748250368015                        0
      7168                        0        0.665563812871058                        0        0.648528533579987        0.648528533579987                        0
