#square and square, nu_xymn_1
#MM NN: 1 2
#quadrature order: 16
#numpanels            c*(gradu.n)^2                      BEM        0.5*(gradu)^2 ex.       Boundary Formula 1       Boundary Formula 2
        28                        0        0.632893293437167                        0        0.522822616667336        0.522822616667336                        0
        56                        0        0.652717009623047                        0        0.545487892921929        0.545487892921929                        0
       112                        0        0.723927945599266                        0        0.651388387664063        0.651388387664063                        0
       224                        0        0.761100768011299                        0        0.705017124242924        0.705017124242924                        0
       448                        0        0.786305634839452                        0        0.742689691853412        0.742689691853412                        0
       896                        0        0.806674187069458                        0        0.772395710994529        0.772395710994529                        0
      1792                        0        0.821345768434833                        0        0.794272187250504        0.794272187250504                        0
      3584                        0        0.833174439154283                        0        0.811737998247199        0.811737998247199                        0
      7168                        0        0.842222515685777                        0        0.825228686326518        0.825228686326518                        0
