#square and square, nu_xymn_1
#MM NN: 5 3
#quadrature order: 16
#numpanels            c*(gradu.n)^2                      BEM        0.5*(gradu)^2 ex.       Boundary Formula 1       Boundary Formula 2
        28                        0        0.532732946616057                        0        0.436324836291421        0.436324836291421                        0
        56                        0        0.548329164907199                        0        0.453201463467462        0.453201463467462                        0
       112                        0        0.632392431261631                        0         0.56170489828618         0.56170489828618                        0
       224                        0        0.676757821922139                        0        0.621265268113868        0.621265268113868                        0
       448                        0        0.705287168387544                        0         0.66182488531415         0.66182488531415                        0
       896                        0        0.726508596279137                        0        0.692274365123666        0.692274365123666                        0
      1792                        0        0.741781250447779                        0        0.714721442301653        0.714721442301653                        0
      3584                        0        0.753733090113244                        0        0.732301305284059        0.732301305284059                        0
      7168                        0         0.76289644965809                        0        0.745904290396666        0.745904290396666                        0
