#square and square, nu_xymn_1
#MM NN: 1 1
#quadrature order: 16
#numpanels            c*(gradu.n)^2                      BEM        0.5*(gradu)^2 ex.       Boundary Formula 1       Boundary Formula 2
        28                        0        0.796683932082733                        0        0.695818177419164        0.695818177419164                        0
        56                        0        0.825995914204268                        0        0.727662900098558        0.727662900098558                        0
       112                        0        0.893216850396094                        0        0.827977189882786        0.827977189882786                        0
       224                        0        0.923481187621159                        0        0.870039656391853        0.870039656391853                        0
       448                        0        0.944683531585464                        0        0.902128274628725        0.902128274628725                        0
       896                        0        0.964296064052959                        0        0.930436956707826        0.930436956707826                        0
      1792                        0          0.9781201338699                        0        0.951212933703692        0.951212933703692                        0
      3584                        0         0.98983768522759                        0        0.968467301215722        0.968467301215722                        0
      7168                        0        0.998708379755276                        0        0.981740795029005        0.981740795029005                        0
