#square and square, nu_xymn_1
#MM NN: 3 4
#quadrature order: 16
#numpanels            c*(gradu.n)^2                      BEM        0.5*(gradu)^2 ex.       Boundary Formula 1       Boundary Formula 2
        28                        0        0.488291395634814                        0        0.379448000417105        0.379448000417105                        0
        56                        0        0.500273447859427                        0        0.392670933048714        0.392670933048714                        0
       112                        0        0.576433003850296                        0        0.499278963156602        0.499278963156602                        0
       224                        0        0.620663573585004                        0        0.562581743995039        0.562581743995039                        0
       448                        0         0.64993909626789                        0        0.605454841858798        0.605454841858798                        0
       896                        0        0.671328010317651                        0        0.636696184051485        0.636696184051485                        0
      1792                        0        0.686845795231159                        0        0.659630707545043        0.659630707545043                        0
      3584                        0        0.698839657897076                        0        0.677346897054842        0.677346897054842                        0
      7168                        0        0.708059500870184                        0        0.691043287436524        0.691043287436524                        0
