#square and square, nu_xymn_1
#MM NN: 5 5
#quadrature order: 16
#numpanels            c*(gradu.n)^2                      BEM        0.5*(gradu)^2 ex.       Boundary Formula 1       Boundary Formula 2
        28                        0        0.435918935121964                        0        0.337381636793587        0.337381636793587                        0
        56                        0        0.446142107397726                        0        0.348200735861499        0.348200735861499                        0
       112                        0        0.526498658916267                        0        0.450652299231214        0.450652299231214                        0
       224                        0        0.574603884791579                        0        0.516559773722492        0.516559773722492                        0
       448                        0        0.606025425911701                        0        0.561449289124044        0.561449289124044                        0
       896                        0        0.628190806988077                        0        0.593504816920771        0.593504816920771                        0
      1792                        0        0.644124066918309                        0        0.616884680513209        0.616884680513209                        0
      3584                        0        0.656251074066991                        0        0.634748250368015        0.634748250368015                        0
      7168                        0        0.665548806880331                        0        0.648528533579987        0.648528533579987                        0
