#square and square, nu_xymn_1
#MM NN: 4 1
#quadrature order: 16
#numpanels            c*(gradu.n)^2                      BEM        0.5*(gradu)^2 ex.       Boundary Formula 1       Boundary Formula 2
        28                        0        0.783839139511573                        0        0.695818177419164        0.695818177419164                        0
        56                        0        0.814221763196441                        0        0.727662900098558        0.727662900098558                        0
       112                        0        0.889381533165162                        0        0.827977189882786        0.827977189882786                        0
       224                        0        0.922144630849023                        0        0.870039656391853        0.870039656391853                        0
       448                        0         0.94420019584734                        0        0.902128274628725        0.902128274628725                        0
       896                        0        0.964115067548193                        0        0.930436956707826        0.930436956707826                        0
      1792                        0        0.978050655409491                        0        0.951212933703692        0.951212933703692                        0
      3584                        0        0.989810608114725                        0        0.968467301215722        0.968467301215722                        0
      7168                        0        0.998697736880123                        0        0.981740795029005        0.981740795029005                        0
