#square and square, nu_xymn_1
#MM NN: 4 3
#quadrature order: 16
#numpanels            c*(gradu.n)^2                      BEM        0.5*(gradu)^2 ex.       Boundary Formula 1       Boundary Formula 2
        28                        0        0.537706786622132                        0        0.436324836291421        0.436324836291421                        0
        56                        0        0.553183352639459                        0        0.453201463467462        0.453201463467462                        0
       112                        0        0.634207348034082                        0         0.56170489828618         0.56170489828618                        0
       224                        0        0.677412188666954                        0        0.621265268113868        0.621265268113868                        0
       448                        0        0.705522356713065                        0         0.66182488531415         0.66182488531415                        0
       896                        0        0.726595542392849                        0        0.692274365123666        0.692274365123666                        0
      1792                        0        0.741814294927816                        0        0.714721442301653        0.714721442301653                        0
      3584                        0        0.753745889832223                        0        0.732301305284059        0.732301305284059                        0
      7168                        0        0.762901463822881                        0        0.745904290396666        0.745904290396666                        0
