#square and square, nu_xymn_1
#MM NN: 5 4
#quadrature order: 16
#numpanels            c*(gradu.n)^2                      BEM        0.5*(gradu)^2 ex.       Boundary Formula 1       Boundary Formula 2
        28                        0         0.47751764810943                        0        0.379448000417105        0.379448000417105                        0
        56                        0        0.489841086995372                        0        0.392670933048714        0.392670933048714                        0
       112                        0        0.572799591191428                        0        0.499278963156602        0.499278963156602                        0
       224                        0        0.619377167507254                        0        0.562581743995039        0.562581743995039                        0
       448                        0        0.649476036317322                        0        0.605454841858798        0.605454841858798                        0
       896                        0        0.671155913281845                        0        0.636696184051485        0.636696184051485                        0
      1792                        0        0.686780103019638                        0        0.659630707545043        0.659630707545043                        0
      3584                        0        0.698814141988816                        0        0.677346897054842        0.677346897054842                        0
      7168                        0        0.708049489688435                        0        0.691043287436524        0.691043287436524                        0
