#square and square, nu_xymn_2
#MM NN: 4 5
#quadrature order: 16
#numpanels            c*(gradu.n)^2                      BEM        0.5*(gradu)^2 ex.       Boundary Formula 1       Boundary Formula 2
        28                        0         0.47751764810943                        0        0.379448000417104        0.379448000417104                        0
        56                        0        0.489841086995372                        0        0.392670933048715        0.392670933048715                        0
       112                        0        0.572799591191426                        0        0.499278963156596        0.499278963156596                        0
       224                        0        0.619377167507251                        0        0.562581743995028        0.562581743995028                        0
       448                        0        0.649476036317319                        0        0.605454841858796        0.605454841858796                        0
       896                        0         0.67115591328184                        0        0.636696184051477        0.636696184051477                        0
      1792                        0        0.686780103019618                        0        0.659630707545001        0.659630707545001                        0
      3584                        0        0.698814141988788                        0        0.677346897054772        0.677346897054772                        0
      7168                        0        0.708049489688444                        0        0.691043287436524        0.691043287436524                        0
