#square and square, nu_xymn_2
#MM NN: 2 2
#quadrature order: 16
#numpanels            c*(gradu.n)^2                      BEM        0.5*(gradu)^2 ex.       Boundary Formula 1       Boundary Formula 2
        28                        0        0.631856359327703                        0        0.522822616667335        0.522822616667335                        0
        56                        0        0.652144543092265                        0        0.545487892921931        0.545487892921931                        0
       112                        0        0.723723446539478                        0        0.651388387664056        0.651388387664056                        0
       224                        0         0.76102486160785                        0         0.70501712424291         0.70501712424291                        0
       448                        0        0.786277063043514                        0        0.742689691853409        0.742689691853409                        0
       896                        0        0.806663259614089                        0        0.772395710994523        0.772395710994523                        0
      1792                        0        0.821341534386548                        0        0.794272187250461        0.794272187250461                        0
      3584                        0        0.833172783679512                        0        0.811737998247129        0.811737998247129                        0
      7168                        0        0.842221864636568                        0        0.825228686326517        0.825228686326517                        0
