#square and square, nu_xymn_2
#MM NN: 4 1
#quadrature order: 16
#numpanels            c*(gradu.n)^2                      BEM        0.5*(gradu)^2 ex.       Boundary Formula 1       Boundary Formula 2
        28                        0        0.495336280686665                        0        0.379448000417104        0.379448000417104                        0
        56                        0         0.50646942573546                        0        0.392670933048715        0.392670933048715                        0
       112                        0        0.578449825194808                        0        0.499278963156596        0.499278963156596                        0
       224                        0        0.621368091024201                        0        0.562581743995028        0.562581743995028                        0
       448                        0        0.650194560380965                        0        0.605454841858796        0.605454841858796                        0
       896                        0        0.671423855900317                        0        0.636696184051477        0.636696184051477                        0
      1792                        0        0.686882625960065                        0        0.659630707545001        0.659630707545001                        0
      3584                        0        0.698854018820632                        0        0.677346897054772        0.677346897054772                        0
      7168                        0         0.70806514672839                        0        0.691043287436524        0.691043287436524                        0
