#square and square, nu_xymn_2
#MM NN: 1 2
#quadrature order: 16
#numpanels            c*(gradu.n)^2                      BEM        0.5*(gradu)^2 ex.       Boundary Formula 1       Boundary Formula 2
        28                        0        0.795646997973269                        0        0.695818177419163        0.695818177419163                        0
        56                        0        0.825423447673486                        0        0.727662900098559        0.727662900098559                        0
       112                        0        0.893012351336306                        0         0.82797718988278         0.82797718988278                        0
       224                        0        0.923405281217709                        0        0.870039656391837        0.870039656391837                        0
       448                        0        0.944654959789525                        0        0.902128274628721        0.902128274628721                        0
       896                        0        0.964285136597591                        0        0.930436956707821        0.930436956707821                        0
      1792                        0        0.978115899821616                        0        0.951212933703649        0.951212933703649                        0
      3584                        0         0.98983602975282                        0        0.968467301215654        0.968467301215654                        0
      7168                        0        0.998707728706068                        0        0.981740795029004        0.981740795029004                        0
