#square and square, nu_xymn_2
#MM NN: 3 4
#quadrature order: 16
#numpanels            c*(gradu.n)^2                      BEM        0.5*(gradu)^2 ex.       Boundary Formula 1       Boundary Formula 2
        28                        0        0.537706786622132                        0        0.436324836291421        0.436324836291421                        0
        56                        0         0.55318335263946                        0        0.453201463467463        0.453201463467463                        0
       112                        0         0.63420734803408                        0        0.561704898286174        0.561704898286174                        0
       224                        0         0.67741218866695                        0        0.621265268113855        0.621265268113855                        0
       448                        0        0.705522356713064                        0        0.661824885314148        0.661824885314148                        0
       896                        0        0.726595542392844                        0        0.692274365123659        0.692274365123659                        0
      1792                        0        0.741814294927795                        0         0.71472144230161         0.71472144230161                        0
      3584                        0        0.753745889832194                        0         0.73230130528399         0.73230130528399                        0
      7168                        0        0.762901463822891                        0        0.745904290396666        0.745904290396666                        0
