#square and square, nu_xymn_2
#MM NN: 3 2
#quadrature order: 16
#numpanels            c*(gradu.n)^2                      BEM        0.5*(gradu)^2 ex.       Boundary Formula 1       Boundary Formula 2
        28                        0        0.549514645083829                        0        0.436324836291421        0.436324836291421                        0
        56                        0        0.564385037116504                        0        0.453201463467463        0.453201463467463                        0
       112                        0        0.637838166205226                        0        0.561704898286174        0.561704898286174                        0
       224                        0        0.678672839035642                        0        0.621265268113855        0.621265268113855                        0
       448                        0        0.705977120655251                        0        0.661824885314148        0.661824885314148                        0
       896                        0        0.726765611442244                        0        0.692274365123659        0.692274365123659                        0
      1792                        0         0.74187953933994                        0         0.71472144230161         0.71472144230161                        0
      3584                        0        0.753771311470316                        0         0.73230130528399         0.73230130528399                        0
      7168                        0        0.762911455648827                        0        0.745904290396666        0.745904290396666                        0
