#square and square, nu_xymn_2
#MM NN: 5 5
#quadrature order: 16
#numpanels            c*(gradu.n)^2                      BEM        0.5*(gradu)^2 ex.       Boundary Formula 1       Boundary Formula 2
        28                        0        0.435918935121965                        0        0.337381636793587        0.337381636793587                        0
        56                        0        0.446142107397726                        0          0.3482007358615          0.3482007358615                        0
       112                        0        0.526498658916266                        0        0.450652299231209        0.450652299231209                        0
       224                        0        0.574603884791576                        0        0.516559773722481        0.516559773722481                        0
       448                        0        0.606025425911699                        0        0.561449289124042        0.561449289124042                        0
       896                        0        0.628190806988072                        0        0.593504816920762        0.593504816920762                        0
      1792                        0        0.644124066918288                        0        0.616884680513167        0.616884680513167                        0
      3584                        0        0.656251074066963                        0        0.634748250367945        0.634748250367945                        0
      7168                        0        0.665548806880339                        0        0.648528533579988        0.648528533579988                        0
