#square and square, nu_xymn_2
#MM NN: 5 1
#quadrature order: 16
#numpanels            c*(gradu.n)^2                      BEM        0.5*(gradu)^2 ex.       Boundary Formula 1       Boundary Formula 2
        28                        0          0.4537375676992                        0        0.337381636793587        0.337381636793587                        0
        56                        0        0.462770446137814                        0          0.3482007358615          0.3482007358615                        0
       112                        0        0.532148892919649                        0        0.450652299231209        0.450652299231209                        0
       224                        0        0.576594808308527                        0        0.516559773722481        0.516559773722481                        0
       448                        0        0.606743949975344                        0        0.561449289124042        0.561449289124042                        0
       896                        0        0.628458749606549                        0        0.593504816920762        0.593504816920762                        0
      1792                        0        0.644226589858734                        0        0.616884680513167        0.616884680513167                        0
      3584                        0        0.656290950898807                        0        0.634748250367945        0.634748250367945                        0
      7168                        0        0.665564463920284                        0        0.648528533579988        0.648528533579988                        0
