#square and square, nu_xymn_2
#MM NN: 1 4
#quadrature order: 16
#numpanels            c*(gradu.n)^2                      BEM        0.5*(gradu)^2 ex.       Boundary Formula 1       Boundary Formula 2
        28                        0        0.783839139511573                        0        0.695818177419163        0.695818177419163                        0
        56                        0        0.814221763196442                        0        0.727662900098559        0.727662900098559                        0
       112                        0         0.88938153316516                        0         0.82797718988278         0.82797718988278                        0
       224                        0        0.922144630849017                        0        0.870039656391837        0.870039656391837                        0
       448                        0        0.944200195847337                        0        0.902128274628721        0.902128274628721                        0
       896                        0         0.96411506754819                        0        0.930436956707821        0.930436956707821                        0
      1792                        0         0.97805065540947                        0        0.951212933703649        0.951212933703649                        0
      3584                        0        0.989810608114699                        0        0.968467301215654        0.968467301215654                        0
      7168                        0        0.998697736880131                        0        0.981740795029004        0.981740795029004                        0
