#square and square, nu_xymn_2
#MM NN: 1 3
#quadrature order: 16
#numpanels            c*(gradu.n)^2                      BEM        0.5*(gradu)^2 ex.       Boundary Formula 1       Boundary Formula 2
        28                        0        0.789639047030882                        0        0.695818177419163        0.695818177419163                        0
        56                        0        0.819799936328236                        0        0.727662900098559        0.727662900098559                        0
       112                        0        0.891200029051578                        0         0.82797718988278         0.82797718988278                        0
       224                        0        0.922776670181952                        0        0.870039656391837        0.870039656391837                        0
       448                        0        0.944428067472385                        0        0.902128274628721        0.902128274628721                        0
       896                        0        0.964200218470283                        0        0.930436956707821        0.930436956707821                        0
      1792                        0        0.978083303140956                        0        0.951212933703649        0.951212933703649                        0
      3584                        0        0.989823324303981                        0        0.968467301215654        0.968467301215654                        0
      7168                        0        0.998702733897088                        0        0.981740795029004        0.981740795029004                        0
