#square and square, nu_xymn_2
#MM NN: 3 5
#quadrature order: 16
#numpanels            c*(gradu.n)^2                      BEM        0.5*(gradu)^2 ex.       Boundary Formula 1       Boundary Formula 2
        28                        0        0.532732946616057                        0        0.436324836291421        0.436324836291421                        0
        56                        0        0.548329164907199                        0        0.453201463467463        0.453201463467463                        0
       112                        0         0.63239243126163                        0        0.561704898286174        0.561704898286174                        0
       224                        0        0.676757821922135                        0        0.621265268113855        0.621265268113855                        0
       448                        0        0.705287168387542                        0        0.661824885314148        0.661824885314148                        0
       896                        0        0.726508596279133                        0        0.692274365123659        0.692274365123659                        0
      1792                        0        0.741781250447758                        0         0.71472144230161         0.71472144230161                        0
      3584                        0        0.753733090113217                        0         0.73230130528399         0.73230130528399                        0
      7168                        0        0.762896449658097                        0        0.745904290396666        0.745904290396666                        0
