#square and square, nu_xymn_2
#MM NN: 4 2
#quadrature order: 16
#numpanels            c*(gradu.n)^2                      BEM        0.5*(gradu)^2 ex.       Boundary Formula 1       Boundary Formula 2
        28                        0        0.494299346577201                        0        0.379448000417104        0.379448000417104                        0
        56                        0        0.505896959204677                        0        0.392670933048715        0.392670933048715                        0
       112                        0        0.578245326135022                        0        0.499278963156596        0.499278963156596                        0
       224                        0        0.621292184620758                        0        0.562581743995028        0.562581743995028                        0
       448                        0        0.650165988585029                        0        0.605454841858796        0.605454841858796                        0
       896                        0        0.671412928444952                        0        0.636696184051477        0.636696184051477                        0
      1792                        0          0.6868783919118                        0        0.659630707545001        0.659630707545001                        0
      3584                        0        0.698852363345889                        0        0.677346897054772        0.677346897054772                        0
      7168                        0        0.708064495679172                        0        0.691043287436524        0.691043287436524                        0
