#square and square, nu_xymn_2
#MM NN: 2 1
#quadrature order: 16
#numpanels            c*(gradu.n)^2                      BEM        0.5*(gradu)^2 ex.       Boundary Formula 1       Boundary Formula 2
        28                        0        0.632893293437167                        0        0.522822616667335        0.522822616667335                        0
        56                        0        0.652717009623047                        0        0.545487892921931        0.545487892921931                        0
       112                        0        0.723927945599265                        0        0.651388387664056        0.651388387664056                        0
       224                        0        0.761100768011294                        0         0.70501712424291         0.70501712424291                        0
       448                        0        0.786305634839449                        0        0.742689691853409        0.742689691853409                        0
       896                        0        0.806674187069454                        0        0.772395710994523        0.772395710994523                        0
      1792                        0        0.821345768434812                        0        0.794272187250461        0.794272187250461                        0
      3584                        0        0.833174439154256                        0        0.811737998247129        0.811737998247129                        0
      7168                        0        0.842222515685787                        0        0.825228686326517        0.825228686326517                        0
