#square and square, nu_xymn_2
#MM NN: 0 0
#quadrature order: 16
#numpanels            c*(gradu.n)^2                      BEM        0.5*(gradu)^2 ex.       Boundary Formula 1       Boundary Formula 2
        18                        0        0.250753752199661                        0        0.202827748085372        0.202827748085372                        0
        27                        0         0.25149010194804                        0        0.249757031496938        0.249757031496938                        0
        36                        0        0.253060911392083                        0        0.194374214748812        0.194374214748812                        0
        45                        0        0.256207850476692                        0        0.258888776448732        0.258888776448732                        0
        54                        0        0.252709614787131                        0        0.202532434638115        0.202532434638115                        0
        63                        0        0.257404006345444                        0        0.219780348282117        0.219780348282117                        0
        72                        0        0.256549130317333                        0        0.273566626315299        0.273566626315299                        0
        81                        0        0.256601476934323                        0        0.206308646661669        0.206308646661669                        0
        90                        0         0.25816774256221                        0        0.243922475118063        0.243922475118063                        0
        99                        0        0.257101395522644                        0        0.264209798374991        0.264209798374991                        0
       108                        0        0.257825772874485                        0         0.22013013815457         0.22013013815457                        0
       117                        0        0.258260938946204                        0        0.258116386721604        0.258116386721604                        0
       126                        0        0.257593944648873                        0         0.24518097573204         0.24518097573204                        0
       135                        0        0.258313440414484                        0        0.234291589603164        0.234291589603164                        0
       144                        0         0.25823162431069                        0        0.266104540729739        0.266104540729739                        0
       153                        0        0.258013321866884                        0        0.236987555109772        0.236987555109772                        0
       162                        0        0.258480005752197                        0        0.246506751781008        0.246506751781008                        0
       171                        0        0.258231684557875                        0        0.266153738382501        0.266153738382501                        0
       180                        0        0.258291757507602                        0         0.23775952363755         0.23775952363755                        0
       189                        0        0.258511077601747                        0        0.255789821983385        0.255789821983385                        0
       198                        0         0.25828350575757                        0          0.2595347910974          0.2595347910974                        0
       207                        0        0.258450714844127                        0        0.242672718299851        0.242672718299851                        0
       216                        0        0.258496313800603                        0        0.261650749894113        0.261650749894113                        0
       225                        0        0.258364855323754                        0        0.252680914015808        0.252680914015808                        0
       234                        0        0.258526909883531                        0        0.248780949499675        0.248780949499675                        0
       243                        0        0.258479818547788                        0        0.263584224911193        0.263584224911193                        0
       252                        0        0.258444917500187                        0        0.249394025447795        0.249394025447795                        0
       261                        0        0.258553310833563                        0        0.254421222139088        0.254421222139088                        0
       270                        0         0.25847861352945                        0        0.261929935101329        0.261929935101329                        0
       279                        0        0.258505918509873                        0        0.249519113025368        0.249519113025368                        0
       288                        0        0.258554938830261                        0        0.258627649569394        0.258627649569394                        0
       297                        0        0.258493119219293                        0        0.258578900784919        0.258578900784919                        0
       306                        0        0.258544039948509                        0        0.251666338571885        0.251666338571885                        0
       315                        0        0.258548758624603                        0        0.260866329226977        0.260866329226977                        0
       324                        0        0.258515889705116                        0        0.255709576036775        0.255709576036775                        0
       333                        0         0.25856311073207                        0        0.254534211983952        0.254534211983952                        0
       342                        0        0.258544376857233                        0        0.261108110189195        0.261108110189195                        0
       351                        0        0.258538812279815                        0        0.254367059926648        0.254367059926648                        0
       360                        0        0.258569565671203                        0        0.257182116072736        0.257182116072736                        0
       369                        0        0.258545328415986                        0        0.259950284188281        0.259950284188281                        0
       378                        0        0.258556858656102                        0        0.254493909180425        0.254493909180425                        0
       387                        0        0.258569633091287                        0        0.259027563631515        0.259027563631515                        0
       396                        0        0.258551037932139                        0        0.258354934606213        0.258354934606213                        0
       405                        0        0.258568473934978                        0        0.255545178809705        0.255545178809705                        0
       414                        0        0.258567979925617                        0        0.259840328819304        0.259840328819304                        0
       423                        0        0.258559076705733                        0        0.257121444656628        0.257121444656628                        0
       432                        0        0.258574439635737                        0        0.256917406573011        0.256917406573011                        0
       441                        0        0.258567274230639                        0        0.259739456653744        0.259739456653744                        0
       450                        0        0.258566993353183                        0        0.256593878158215        0.256593878158215                        0
       459                        0        0.258576584335535                        0        0.258135998418918        0.258135998418918                        0
       468                        0        0.258568386363548                        0        0.259100918292224        0.259100918292224                        0
       477                        0         0.25857324898205                        0        0.256721311222806        0.256721311222806                        0
       486                        0         0.25857683081165                        0        0.258922056028706        0.258922056028706                        0
       495                        0        0.258570983654119                        0        0.258361647508866        0.258361647508866                        0
       504                        0        0.258577349999596                        0        0.257253589347105        0.257253589347105                        0
       513                        0        0.258576647544122                        0        0.259204643024114        0.259204643024114                        0
       522                        0        0.258574226950024                        0        0.257835138337493        0.257835138337493                        0
       531                        0        0.258579556843652                        0        0.257906014721569        0.257906014721569                        0
       540                        0        0.258576851647031                        0        0.259086081068137        0.259086081068137                        0
       549                        0        0.258577312705933                        0        0.257640731936726        0.257640731936726                        0
       558                        0        0.258580490465215                        0        0.258455788538423        0.258455788538423                        0
       567                        0        0.258577671688617                        0        0.258761972691889        0.258761972691889                        0
       576                        0         0.25857974704351                        0         0.25773880233897         0.25773880233897                        0
       585                        0        0.258580806991581                        0        0.258783793439949        0.258783793439949                        0
       594                        0        0.258578954349454                        0        0.258426532589191        0.258426532589191                        0
       603                        0        0.258581385372188                        0        0.258007778346414        0.258007778346414                        0
       612                        0        0.258581000928408                        0        0.258876224257011        0.258876224257011                        0
       621                        0        0.258580397518435                        0        0.258206246361969        0.258206246361969                        0
       630                        0        0.258582338014268                        0        0.258314363812055        0.258314363812055                        0
       639                        0        0.258581336524274                        0        0.258796088556787        0.258796088556787                        0
       648                        0        0.258581725908982                        0        0.258141602034144        0.258141602034144                        0
       657                        0        0.258582835949093                        0         0.25855874910722         0.25855874910722                        0
       666                        0        0.258581874674456                        0        0.258638641684535        0.258638641684535                        0
       675                        0        0.258582777854012                        0        0.258206146810382        0.258206146810382                        0
       684                        0        0.258583116199355                        0        0.258693477598467        0.258693477598467                        0
       693                        0        0.258582549106044                        0        0.258489493600251        0.258489493600251                        0
       702                        0        0.258583515351021                        0        0.258340369788891        0.258340369788891                        0
       711                        0        0.258583352671552                        0        0.258720592300722        0.258720592300722                        0
       720                        0        0.258583248539866                        0        0.258399869845452        0.258399869845452                        0
       729                        0        0.258583989049991                        0        0.258482854078999        0.258482854078999                        0
       738                        0         0.25858363408243                        0        0.258674559094099        0.258674559094099                        0
       747                        0        0.258583876718954                        0        0.258382346292251        0.258382346292251                        0
       756                        0        0.258584289446138                        0        0.258590309148427        0.258590309148427                        0
       765                        0         0.25858397639221                        0        0.258600357307311        0.258600357307311                        0
       774                        0        0.258584380903091                        0        0.258421012781985        0.258421012781985                        0
       783                        0        0.258584505523529                        0         0.25864488115268         0.25864488115268                        0
       792                        0        0.258584351935947                        0        0.258535411848737        0.258535411848737                        0
       801                        0        0.258584753577542                        0        0.258487057329678        0.258487057329678                        0
       810                        0        0.258584700508071                        0        0.258651077188135        0.258651077188135                        0
       819                        0        0.258584719426029                        0        0.258500248925009        0.258500248925009                        0
       828                        0         0.25858501853657                        0        0.258552655776281        0.258552655776281                        0
       837                        0        0.258584905166471                        0        0.258626692217757        0.258626692217757                        0
       846                        0          0.2585850451421                        0        0.258498014968545        0.258498014968545                        0
       855                        0        0.258585212488751                        0        0.258599497529051        0.258599497529051                        0
       864                        0        0.258585123591385                        0        0.258592568823888        0.258592568823888                        0
       873                        0        0.258585312412711                        0        0.258519798081977        0.258519798081977                        0
       882                        0        0.258585369888369                        0        0.258621293116567        0.258621293116567                        0
       891                        0        0.258585344623037                        0        0.258564904479068        0.258564904479068                        0
       900                        0        0.258585521400314                        0        0.258551867927041        0.258551867927041                        0
       909                        0        0.258585514436262                        0        0.258621609768237        0.258621609768237                        0
       918                        0        0.258585553072445                        0         0.25855175992284         0.25855175992284                        0
       927                        0         0.25858568338714                        0        0.258581816708492        0.258581816708492                        0
       936                        0        0.258585657205876                        0        0.258609323630181        0.258609323630181                        0
       945                        0        0.258585737347032                        0        0.258553430776563        0.258553430776563                        0
       954                        0        0.258585813696354                        0        0.258602073004125        0.258602073004125                        0
       963                        0        0.258585799312679                        0        0.258593956032714        0.258593956032714                        0
       972                        0        0.258585892602947                        0        0.258565171305222        0.258565171305222                        0
       981                        0        0.258585926070141                        0        0.258610631275969        0.258610631275969                        0
       990                        0        0.258585936470136                        0        0.258582436919727        0.258582436919727                        0
       999                        0        0.258586020311425                        0         0.25858054226547         0.25858054226547                        0
      1008                        0        0.258586029700339                        0        0.258609752436796        0.258609752436796                        0
      1017                        0        0.258586063257532                        0         0.25857784206944         0.25857784206944                        0
      1026                        0         0.25858612587927                        0        0.258594091892801        0.258594091892801                        0
      1035                        0        0.258586128787018                        0        0.258603759352686        0.258603759352686                        0
      1044                        0        0.258586175895231                        0        0.258579811022489        0.258579811022489                        0
      1053                        0        0.258586215891716                        0        0.258602761899941        0.258602761899941                        0
      1062                        0        0.258586223757359                        0        0.258596948629261        0.258596948629261                        0
      1071                        0        0.258586273279607                        0        0.258585909768827        0.258585909768827                        0
      1080                        0        0.258586296017018                        0        0.258606029462346        0.258606029462346                        0
      1089                        0         0.25858631310451                        0        0.258592247647202        0.258592247647202                        0
      1098                        0         0.25858635667522                        0        0.258593163583896        0.258593163583896                        0
      1107                        0        0.258586369978471                        0        0.258605189157424        0.258605189157424                        0
      1116                        0        0.258586395028805                        0        0.258590784277869        0.258590784277869                        0
      1125                        0        0.258586428719179                        0        0.258599211421516        0.258599211421516                        0
      1134                        0         0.25858643949819                        0        0.258602308052774        0.258602308052774                        0
      1143                        0        0.258586468453935                        0        0.258592182410806        0.258592182410806                        0
      1152                        0        0.258586492340472                        0        0.258602850961404        0.258602850961404                        0
      1161                        0        0.258586504848389                        0        0.258599303452545        0.258599303452545                        0
      1170                        0        0.258586533358296                        0        0.258595229595422        0.258595229595422                        0
      1179                        0        0.258586549977962                        0        0.258604018850447        0.258604018850447                        0
      1188                        0        0.258586565599635                        0        0.258597394890026        0.258597394890026                        0
      1197                        0        0.258586590600041                        0        0.258598570887211        0.258598570887211                        0
      1206                        0        0.258586603230841                        0        0.258603413701341        0.258603413701341                        0
      1215                        0        0.258586621256965                        0        0.258596972650404        0.258596972650404                        0
      1224                        0        0.258586641500672                        0        0.258601198820752        0.258601198820752                        0
      1233                        0        0.258586652884309                        0        0.258602009210461        0.258602009210461                        0
      1242                        0        0.258586671632983                        0        0.258597776421405        0.258597776421405                        0
      1251                        0        0.258586687420606                        0        0.258602656671786        0.258602656671786                        0
